Province,Day,Date,New_cases,Curr_pos_cases,Deaths,Tot_deaths,Lethality_rate,Cumul_rates
Cagliari,1,24/02/2020,0,0,0,0,0,0
Cagliari,2,25/02/2020,0,0,0,0,0,0
Cagliari,3,26/02/2020,0,0,0,0,0,0
Cagliari,4,27/02/2020,0,0,0,0,0,0
Cagliari,5,28/02/2020,0,0,0,0,0,0
Cagliari,6,29/02/2020,0,0,0,0,0,0
Cagliari,7,01/03/2020,0,0,0,0,0,0
Cagliari,8,02/03/2020,0,0,0,0,0,0
Cagliari,9,03/03/2020,1,1,0,0,0,0.23
Cagliari,10,04/03/2020,1,2,0,0,0,0.46
Cagliari,11,05/03/2020,0,2,0,0,0,0.46
Cagliari,12,06/03/2020,1,3,0,0,0,0.7
Cagliari,13,07/03/2020,0,3,0,0,0,0.7
Cagliari,14,08/03/2020,6,9,0,0,0,2.09
Cagliari,15,09/03/2020,5,14,0,0,0,3.25
Cagliari,16,10/03/2020,1,15,0,0,0,3.48
Cagliari,17,11/03/2020,0,15,0,0,0,3.48
Cagliari,18,12/03/2020,-4,11,0,0,0,2.55
Cagliari,19,13/03/2020,4,15,0,0,0,3.48
Cagliari,20,14/03/2020,1,16,0,0,0,3.71
Cagliari,21,15/03/2020,2,18,1,1,0.06,4.18
Cagliari,22,16/03/2020,6,24,0,1,0.04,5.57
Cagliari,23,17/03/2020,3,27,0,1,0.04,6.26
Cagliari,24,18/03/2020,5,32,0,1,0.03,7.42
Cagliari,25,19/03/2020,9,41,0,1,0.02,9.51
Cagliari,26,20/03/2020,2,43,0,1,0.02,9.98
Cagliari,27,21/03/2020,2,45,0,1,0.02,10.44
Cagliari,28,22/03/2020,7,52,0,1,0.02,12.06
Cagliari,29,23/03/2020,9,61,0,1,0.02,14.15
Cagliari,30,24/03/2020,3,64,0,1,0.02,14.85
Cagliari,31,25/03/2020,10,74,0,1,0.01,17.17
Cagliari,32,26/03/2020,9,83,0,1,0.01,19.26
Cagliari,33,27/03/2020,0,83,0,1,0.01,19.26
Cagliari,34,28/03/2020,14,97,0,1,0.01,22.5
Cagliari,35,29/03/2020,5,102,1,2,0.02,23.66
Cagliari,36,30/03/2020,1,103,0,2,0.02,23.9
Cagliari,37,31/03/2020,8,111,0,2,0.02,25.75
Cagliari,38,01/04/2020,5,116,2,4,0.03,26.91
Cagliari,39,02/04/2020,10,126,0,4,0.03,29.23
Cagliari,40,03/04/2020,8,134,0,4,0.03,31.09
Cagliari,41,04/04/2020,10,144,0,4,0.03,33.41
Cagliari,42,05/04/2020,2,146,0,4,0.03,33.87
Cagliari,43,06/04/2020,0,146,0,4,0.03,33.87
Cagliari,44,07/04/2020,2,148,0,4,0.03,34.34
Cagliari,45,08/04/2020,3,151,1,5,0.03,35.03
Cagliari,46,09/04/2020,10,161,1,6,0.04,37.35
Cagliari,47,10/04/2020,18,179,2,8,0.04,41.53
Cagliari,48,11/04/2020,6,185,0,8,0.04,42.92
Cagliari,49,12/04/2020,6,191,0,8,0.04,44.31
Cagliari,50,13/04/2020,6,197,1,9,0.05,45.7
Cagliari,51,14/04/2020,4,201,1,10,0.05,46.63
Cagliari,52,15/04/2020,6,207,2,12,0.06,48.02
Cagliari,53,16/04/2020,1,208,0,12,0.06,48.26
Cagliari,54,17/04/2020,3,211,0,12,0.06,48.95
Cagliari,55,18/04/2020,1,212,0,12,0.06,49.18
Cagliari,56,19/04/2020,5,217,0,12,0.06,50.34
Cagliari,57,20/04/2020,1,218,0,12,0.06,50.58
Cagliari,58,21/04/2020,8,226,2,14,0.06,52.43
Cagliari,59,22/04/2020,2,228,0,14,0.06,52.9
Cagliari,60,23/04/2020,0,228,1,15,0.07,52.9
Cagliari,61,24/04/2020,1,229,0,15,0.07,53.13
Cagliari,62,25/04/2020,1,230,0,15,0.06,53.36
Cagliari,63,26/04/2020,1,231,0,15,0.06,53.59
Cagliari,64,27/04/2020,1,232,0,15,0.06,53.82
Cagliari,65,28/04/2020,0,232,0,15,0.06,53.82
Cagliari,66,29/04/2020,2,234,0,15,0.06,54.29
Cagliari,67,30/04/2020,1,235,0,15,0.06,54.52
Cagliari,68,01/05/2020,4,239,0,15,0.06,55.45
Cagliari,69,02/05/2020,1,240,0,15,0.06,55.68
Cagliari,70,03/05/2020,1,241,0,15,0.06,55.91
Cagliari,71,04/05/2020,1,242,0,15,0.06,56.14
Cagliari,72,05/05/2020,1,243,0,15,0.06,56.38
Cagliari,73,06/05/2020,0,243,0,15,0.06,56.38
Cagliari,74,07/05/2020,0,243,0,15,0.06,56.38
Cagliari,75,08/05/2020,0,243,0,15,0.06,56.38
Cagliari,76,09/05/2020,0,243,0,15,0.06,56.38
Cagliari,77,10/05/2020,1,244,0,15,0.06,56.61
Cagliari,78,11/05/2020,1,245,0,15,0.06,56.84
Cagliari,79,12/05/2020,1,246,0,15,0.06,57.07
Cagliari,80,13/05/2020,0,246,0,15,0.06,57.07
Cagliari,81,14/05/2020,0,246,0,15,0.06,57.07
Cagliari,82,15/05/2020,0,246,0,15,0.06,57.07
Cagliari,83,16/05/2020,1,247,0,15,0.06,57.3
Cagliari,84,17/05/2020,1,248,0,15,0.06,57.54
Cagliari,85,18/05/2020,0,248,0,15,0.06,57.54
Cagliari,86,19/05/2020,1,249,0,15,0.06,57.77
Cagliari,87,20/05/2020,0,249,0,15,0.06,57.77
Cagliari,88,21/05/2020,0,249,0,15,0.06,57.77
Cagliari,89,22/05/2020,0,249,1,16,0.06,57.77
Cagliari,90,23/05/2020,0,249,0,16,0.06,57.77
Cagliari,91,24/05/2020,0,249,0,16,0.06,57.77
Cagliari,92,25/05/2020,0,249,0,16,0.06,57.77
Cagliari,93,26/05/2020,0,249,0,16,0.06,57.77
Cagliari,94,27/05/2020,1,250,0,16,0.06,58
Cagliari,95,28/05/2020,0,250,0,16,0.06,58
Cagliari,96,29/05/2020,1,251,0,16,0.06,58.23
Cagliari,97,30/05/2020,0,251,0,16,0.06,58.23
Cagliari,98,31/05/2020,0,251,0,16,0.06,58.23
Cagliari,99,01/06/2020,1,252,0,16,0.06,58.46
Cagliari,100,02/06/2020,0,252,0,16,0.06,58.46
Cagliari,101,03/06/2020,0,252,0,16,0.06,58.46
Cagliari,102,04/06/2020,0,252,0,16,0.06,58.46
Cagliari,103,05/06/2020,0,252,0,16,0.06,58.46
Cagliari,104,06/06/2020,0,252,0,16,0.06,58.46
Cagliari,105,07/06/2020,0,252,0,16,0.06,58.46
Cagliari,106,08/06/2020,0,252,0,16,0.06,58.46
Cagliari,107,09/06/2020,0,252,0,16,0.06,58.46
Cagliari,108,10/06/2020,0,252,0,16,0.06,58.46
Cagliari,109,11/06/2020,0,252,0,16,0.06,58.46
Cagliari,110,12/06/2020,0,252,0,16,0.06,58.46
Cagliari,111,13/06/2020,0,252,1,17,0.07,58.46
Cagliari,112,14/06/2020,0,252,0,17,0.07,58.46
Cagliari,113,15/06/2020,0,252,0,17,0.07,58.46
Cagliari,114,16/06/2020,0,252,0,17,0.07,58.46
Cagliari,115,17/06/2020,0,252,0,17,0.07,58.46
Cagliari,116,18/06/2020,0,252,0,17,0.07,58.46
Cagliari,117,19/06/2020,0,252,0,17,0.07,58.46
Cagliari,118,20/06/2020,0,252,0,17,0.07,58.46
Cagliari,119,21/06/2020,0,252,0,17,0.07,58.46
Cagliari,120,22/06/2020,0,252,0,17,0.07,58.46
Cagliari,121,23/06/2020,-2,250,0,17,0.07,58
Cagliari,122,24/06/2020,0,250,0,17,0.07,58
Cagliari,123,25/06/2020,1,251,0,17,0.07,58.23
Cagliari,124,26/06/2020,0,251,0,17,0.07,58.23
Cagliari,125,27/06/2020,1,252,0,17,0.07,58.46
Cagliari,126,28/06/2020,1,253,0,17,0.07,58.7
Cagliari,127,29/06/2020,0,253,0,17,0.07,58.7
Cagliari,128,30/06/2020,0,253,1,18,0.07,58.7
Cagliari,129,01/07/2020,0,253,0,18,0.07,58.7
Cagliari,130,02/07/2020,0,253,0,18,0.07,58.7
Cagliari,131,03/07/2020,0,253,0,18,0.07,58.7
Cagliari,132,04/07/2020,0,253,0,18,0.07,58.7
Cagliari,133,05/07/2020,0,253,0,18,0.07,58.7
Cagliari,134,06/07/2020,1,254,0,18,0.07,58.93
Cagliari,135,07/07/2020,0,254,0,18,0.07,58.93
Cagliari,136,08/07/2020,0,254,0,18,0.07,58.93
Cagliari,137,09/07/2020,0,254,0,18,0.07,58.93
Cagliari,138,10/07/2020,1,255,0,18,0.07,59.16
Cagliari,139,11/07/2020,0,255,0,18,0.07,59.16
Cagliari,140,12/07/2020,0,255,0,18,0.07,59.16
Cagliari,141,13/07/2020,0,255,0,18,0.07,59.16
Cagliari,142,14/07/2020,1,256,0,18,0.07,59.39
Cagliari,143,15/07/2020,2,258,0,18,0.07,59.86
Cagliari,144,16/07/2020,1,259,0,18,0.07,60.09
Cagliari,145,17/07/2020,0,259,0,18,0.07,60.09
Cagliari,146,18/07/2020,0,259,0,18,0.07,60.09
Cagliari,147,19/07/2020,0,259,0,18,0.07,60.09
Cagliari,148,20/07/2020,0,259,0,18,0.07,60.09
Cagliari,149,21/07/2020,0,259,0,18,0.07,60.09
Cagliari,150,22/07/2020,0,259,0,18,0.07,60.09
Cagliari,151,23/07/2020,0,259,0,18,0.07,60.09
Cagliari,152,24/07/2020,0,259,0,18,0.07,60.09
Cagliari,153,25/07/2020,0,259,0,18,0.07,60.09
Cagliari,154,26/07/2020,0,259,0,18,0.07,60.09
Cagliari,155,27/07/2020,0,259,0,18,0.07,60.09
Cagliari,156,28/07/2020,2,261,0,18,0.07,60.55
Cagliari,157,29/07/2020,0,261,0,18,0.07,60.55
Cagliari,158,30/07/2020,0,261,0,18,0.07,60.55
Cagliari,159,31/07/2020,0,261,0,18,0.07,60.55
Cagliari,160,01/08/2020,0,261,0,18,0.07,60.55
Cagliari,161,02/08/2020,0,261,0,18,0.07,60.55
Cagliari,162,03/08/2020,1,262,0,18,0.07,60.78
Cagliari,163,04/08/2020,0,262,0,18,0.07,60.78
Cagliari,164,05/08/2020,5,267,0,18,0.07,61.94
Cagliari,165,06/08/2020,2,269,0,18,0.07,62.41
Cagliari,166,07/08/2020,2,271,0,18,0.07,62.87
Cagliari,167,08/08/2020,0,271,0,18,0.07,62.87
Cagliari,168,09/08/2020,0,271,0,18,0.07,62.87
Cagliari,169,10/08/2020,0,271,0,18,0.07,62.87
Cagliari,170,11/08/2020,0,271,0,18,0.07,62.87
Cagliari,171,12/08/2020,1,272,0,18,0.07,63.1
Cagliari,172,13/08/2020,4,276,0,18,0.06,64.03
Cagliari,173,14/08/2020,1,277,0,18,0.06,64.26
Cagliari,174,15/08/2020,0,277,0,18,0.06,64.26
Cagliari,175,16/08/2020,1,278,0,18,0.06,64.5
Cagliari,176,17/08/2020,1,279,0,18,0.06,64.73
Cagliari,177,18/08/2020,1,280,0,18,0.06,64.96
Cagliari,178,19/08/2020,3,283,0,18,0.06,65.66
Cagliari,179,20/08/2020,7,290,0,18,0.06,67.28
Cagliari,180,21/08/2020,13,303,0,18,0.06,70.3
Cagliari,181,22/08/2020,6,309,0,18,0.06,71.69
Cagliari,182,23/08/2020,17,326,0,18,0.06,75.63
Cagliari,183,24/08/2020,5,331,0,18,0.05,76.79
Cagliari,184,25/08/2020,3,334,0,18,0.05,77.49
Cagliari,185,26/08/2020,9,343,0,18,0.05,79.58
Cagliari,186,27/08/2020,6,349,0,18,0.05,80.97
Cagliari,187,28/08/2020,13,362,0,18,0.05,83.98
Cagliari,188,29/08/2020,16,378,0,18,0.05,87.7
Cagliari,189,30/08/2020,5,383,0,18,0.05,88.86
Cagliari,190,31/08/2020,18,401,0,18,0.04,93.03
Cagliari,191,01/09/2020,5,406,0,18,0.04,94.19
Cagliari,192,02/09/2020,12,418,0,18,0.04,96.98
Cagliari,193,03/09/2020,5,423,0,18,0.04,98.14
Cagliari,194,04/09/2020,8,431,0,18,0.04,99.99
Cagliari,195,05/09/2020,3,434,0,18,0.04,100.69
Cagliari,196,06/09/2020,1,435,0,18,0.04,100.92
Cagliari,197,07/09/2020,10,445,0,18,0.04,103.24
Cagliari,198,08/09/2020,2,447,0,18,0.04,103.7
Cagliari,199,09/09/2020,7,454,0,18,0.04,105.33
Cagliari,200,10/09/2020,6,460,0,18,0.04,106.72
Cagliari,201,11/09/2020,6,466,0,18,0.04,108.11
Cagliari,202,12/09/2020,7,473,0,18,0.04,109.74
Cagliari,203,13/09/2020,5,478,0,18,0.04,110.9
Cagliari,204,14/09/2020,5,483,0,18,0.04,112.06
Cagliari,205,15/09/2020,5,488,0,18,0.04,113.22
Cagliari,206,16/09/2020,1,489,0,18,0.04,113.45
Cagliari,207,17/09/2020,6,495,0,18,0.04,114.84
Cagliari,208,18/09/2020,9,504,0,18,0.04,116.93
Cagliari,209,19/09/2020,4,508,0,18,0.04,117.86
Cagliari,210,20/09/2020,6,514,0,18,0.04,119.25
Cagliari,211,21/09/2020,17,531,0,18,0.03,123.19
Cagliari,212,22/09/2020,5,536,0,18,0.03,124.35
Cagliari,213,23/09/2020,14,550,0,18,0.03,127.6
Cagliari,214,24/09/2020,7,557,1,19,0.03,129.22
Cagliari,215,25/09/2020,8,565,0,19,0.03,131.08
Cagliari,216,26/09/2020,6,571,0,19,0.03,132.47
Cagliari,217,27/09/2020,10,581,1,20,0.03,134.79
Cagliari,218,28/09/2020,4,585,0,20,0.03,135.72
Cagliari,219,29/09/2020,16,601,0,20,0.03,139.43
Cagliari,220,30/09/2020,0,601,2,22,0.04,139.43
Cagliari,221,01/10/2020,9,610,1,23,0.04,141.52
Cagliari,222,02/10/2020,8,618,0,23,0.04,143.37
Cagliari,223,03/10/2020,3,621,0,23,0.04,144.07
Cagliari,224,04/10/2020,18,639,0,23,0.04,148.25
Cagliari,225,05/10/2020,11,650,0,23,0.04,150.8
Cagliari,226,06/10/2020,19,669,0,23,0.03,155.21
Cagliari,227,07/10/2020,15,684,0,23,0.03,158.69
Cagliari,228,08/10/2020,22,706,1,24,0.03,163.79
Cagliari,229,09/10/2020,38,744,0,24,0.03,172.61
Cagliari,230,10/10/2020,19,763,0,24,0.03,177.01
Cagliari,231,11/10/2020,22,785,2,26,0.03,182.12
Cagliari,232,12/10/2020,9,794,0,26,0.03,184.21
Cagliari,233,13/10/2020,38,832,0,26,0.03,193.02
Cagliari,234,14/10/2020,19,851,0,26,0.03,197.43
Cagliari,235,15/10/2020,30,881,0,26,0.03,204.39
Cagliari,236,16/10/2020,23,904,0,26,0.03,209.73
Cagliari,237,17/10/2020,24,928,0,26,0.03,215.29
Cagliari,238,18/10/2020,70,998,1,27,0.03,231.53
Cagliari,239,19/10/2020,46,1044,0,27,0.03,242.21
Cagliari,240,20/10/2020,70,1114,1,28,0.03,258.45
Cagliari,241,21/10/2020,27,1141,2,30,0.03,264.71
Cagliari,242,22/10/2020,82,1223,0,30,0.03,283.73
Cagliari,243,23/10/2020,86,1309,0,30,0.02,303.69
Cagliari,244,24/10/2020,50,1359,3,33,0.02,315.29
Cagliari,245,25/10/2020,59,1418,0,33,0.02,328.97
Cagliari,246,26/10/2020,45,1463,0,33,0.02,339.41
Cagliari,247,27/10/2020,80,1543,2,35,0.02,357.97
Cagliari,248,28/10/2020,133,1676,1,36,0.02,388.83
Cagliari,249,29/10/2020,69,1745,0,36,0.02,404.84
Cagliari,250,30/10/2020,51,1796,2,38,0.02,416.67
Cagliari,251,31/10/2020,89,1885,0,38,0.02,437.32
Cagliari,252,01/11/2020,86,1971,3,41,0.02,457.27
Cagliari,253,02/11/2020,79,2050,0,41,0.02,475.6
Cagliari,254,03/11/2020,77,2127,2,43,0.02,493.46
Cagliari,255,04/11/2020,76,2203,2,45,0.02,511.09
Cagliari,256,05/11/2020,61,2264,1,46,0.02,525.24
Cagliari,257,06/11/2020,46,2310,2,48,0.02,535.92
Cagliari,258,07/11/2020,54,2364,2,50,0.02,548.44
Cagliari,259,08/11/2020,101,2465,2,52,0.02,571.88
Cagliari,260,09/11/2020,82,2547,1,53,0.02,590.9
Cagliari,261,10/11/2020,101,2648,5,58,0.02,614.33
Cagliari,262,11/11/2020,128,2776,4,62,0.02,644.03
Cagliari,263,12/11/2020,104,2880,5,67,0.02,668.15
Cagliari,264,13/11/2020,112,2992,2,69,0.02,694.14
Cagliari,265,14/11/2020,71,3063,0,69,0.02,710.61
Cagliari,266,15/11/2020,60,3123,4,73,0.02,724.53
Cagliari,267,16/11/2020,100,3223,0,73,0.02,747.73
Cagliari,268,17/11/2020,126,3349,4,77,0.02,776.96
Cagliari,269,18/11/2020,91,3440,5,82,0.02,798.07
Cagliari,270,19/11/2020,116,3556,2,84,0.02,824.99
Cagliari,271,20/11/2020,119,3675,2,86,0.02,852.59
Cagliari,272,21/11/2020,108,3783,5,91,0.02,877.65
Cagliari,273,22/11/2020,83,3866,2,93,0.02,896.9
Cagliari,274,23/11/2020,85,3951,1,94,0.02,916.62
Cagliari,275,24/11/2020,65,4016,3,97,0.02,931.7
Cagliari,276,25/11/2020,79,4095,3,100,0.02,950.03
Cagliari,277,26/11/2020,62,4157,0,100,0.02,964.42
Cagliari,278,27/11/2020,88,4245,3,103,0.02,984.83
Cagliari,279,28/11/2020,76,4321,0,103,0.02,1002.46
Cagliari,280,29/11/2020,113,4434,2,105,0.02,1028.68
Cagliari,281,30/11/2020,62,4496,3,108,0.02,1043.06
Cagliari,282,01/12/2020,85,4581,0,108,0.02,1062.78
Cagliari,283,02/12/2020,47,4628,3,111,0.02,1073.69
Cagliari,284,03/12/2020,151,4779,2,113,0.02,1108.72
Cagliari,285,04/12/2020,107,4886,0,113,0.02,1133.54
Cagliari,286,05/12/2020,112,4998,3,116,0.02,1159.53
Cagliari,287,06/12/2020,153,5151,5,121,0.02,1195.02
Cagliari,288,07/12/2020,139,5290,0,121,0.02,1227.27
Cagliari,289,08/12/2020,63,5353,1,122,0.02,1241.89
Cagliari,290,09/12/2020,32,5385,0,122,0.02,1249.31
Cagliari,291,10/12/2020,108,5493,3,125,0.02,1274.37
Cagliari,292,11/12/2020,64,5557,0,125,0.02,1289.21
Cagliari,293,12/12/2020,45,5602,2,127,0.02,1299.65
Cagliari,294,13/12/2020,65,5667,0,127,0.02,1314.73
Cagliari,295,14/12/2020,55,5722,0,127,0.02,1327.49
Cagliari,296,15/12/2020,60,5782,0,127,0.02,1341.41
