Province,Day,Date,New_cases,Curr_pos_cases,Deaths,Tot_deaths,Lethality_rate,Cumul_rates
Sassari,1,24/02/2020,0,0,0,0,0,0
Sassari,2,25/02/2020,0,0,0,0,0,0
Sassari,3,26/02/2020,0,0,0,0,0,0
Sassari,4,27/02/2020,0,0,0,0,0,0
Sassari,5,28/02/2020,0,0,0,0,0,0
Sassari,6,29/02/2020,0,0,0,0,0,0
Sassari,7,01/03/2020,0,0,0,0,0,0
Sassari,8,02/03/2020,0,0,0,0,0,0
Sassari,9,03/03/2020,0,0,0,0,0,0
Sassari,10,04/03/2020,0,0,0,0,0,0
Sassari,11,05/03/2020,0,0,0,0,0,0
Sassari,12,06/03/2020,0,0,0,0,0,0
Sassari,13,07/03/2020,0,0,0,0,0,0
Sassari,14,08/03/2020,0,0,0,0,0,0
Sassari,15,09/03/2020,1,1,0,0,0,0.2
Sassari,16,10/03/2020,0,1,0,0,0,0.2
Sassari,17,11/03/2020,1,2,0,0,0,0.41
Sassari,18,12/03/2020,2,4,0,0,0,0.81
Sassari,19,13/03/2020,0,4,0,0,0,0.81
Sassari,20,14/03/2020,2,6,0,0,0,1.22
Sassari,21,15/03/2020,29,35,1,1,0.03,7.12
Sassari,22,16/03/2020,22,57,0,1,0.02,11.6
Sassari,23,17/03/2020,6,63,0,1,0.02,12.82
Sassari,24,18/03/2020,11,74,0,1,0.01,15.05
Sassari,25,19/03/2020,60,134,0,1,0.01,27.26
Sassari,26,20/03/2020,82,216,0,1,0,43.94
Sassari,27,21/03/2020,35,251,4,5,0.02,51.06
Sassari,28,22/03/2020,2,253,0,5,0.02,51.47
Sassari,29,23/03/2020,7,260,4,9,0.04,52.89
Sassari,30,24/03/2020,49,309,4,13,0.04,62.86
Sassari,31,25/03/2020,9,318,2,15,0.05,64.69
Sassari,32,26/03/2020,13,331,0,15,0.04,67.34
Sassari,33,27/03/2020,5,336,2,17,0.05,68.35
Sassari,34,28/03/2020,71,407,3,20,0.05,82.8
Sassari,35,29/03/2020,8,415,0,20,0.05,84.42
Sassari,36,30/03/2020,39,454,1,21,0.05,92.36
Sassari,37,31/03/2020,32,486,1,22,0.04,98.87
Sassari,38,01/04/2020,11,497,1,23,0.05,101.1
Sassari,39,02/04/2020,31,528,4,27,0.05,107.41
Sassari,40,03/04/2020,19,547,1,28,0.05,111.28
Sassari,41,04/04/2020,38,585,0,28,0.05,119.01
Sassari,42,05/04/2020,16,601,2,30,0.05,122.26
Sassari,43,06/04/2020,9,610,4,34,0.06,124.09
Sassari,44,07/04/2020,10,620,3,37,0.06,126.13
Sassari,45,08/04/2020,34,654,6,43,0.07,133.04
Sassari,46,09/04/2020,35,689,4,47,0.07,140.16
Sassari,47,10/04/2020,17,706,3,50,0.07,143.62
Sassari,48,11/04/2020,18,724,4,54,0.07,147.28
Sassari,49,12/04/2020,13,737,0,54,0.07,149.93
Sassari,50,13/04/2020,8,745,1,55,0.07,151.55
Sassari,51,14/04/2020,4,749,2,57,0.08,152.37
Sassari,52,15/04/2020,14,763,1,58,0.08,155.22
Sassari,53,16/04/2020,1,764,2,60,0.08,155.42
Sassari,54,17/04/2020,10,774,0,60,0.08,157.45
Sassari,55,18/04/2020,15,789,0,60,0.08,160.51
Sassari,56,19/04/2020,7,796,0,60,0.07,161.93
Sassari,57,20/04/2020,2,798,0,60,0.07,162.34
Sassari,58,21/04/2020,0,798,5,65,0.08,162.34
Sassari,59,22/04/2020,6,804,2,67,0.08,163.56
Sassari,60,23/04/2020,6,810,0,67,0.08,164.78
Sassari,61,24/04/2020,1,811,0,67,0.08,164.98
Sassari,62,25/04/2020,11,822,1,68,0.08,167.22
Sassari,63,26/04/2020,6,828,6,74,0.09,168.44
Sassari,64,27/04/2020,1,829,0,74,0.09,168.64
Sassari,65,28/04/2020,1,830,0,74,0.09,168.85
Sassari,66,29/04/2020,3,833,7,81,0.1,169.46
Sassari,67,30/04/2020,3,836,0,81,0.1,170.07
Sassari,68,01/05/2020,12,848,0,81,0.1,172.51
Sassari,69,02/05/2020,0,848,0,81,0.1,172.51
Sassari,70,03/05/2020,0,848,0,81,0.1,172.51
Sassari,71,04/05/2020,0,848,0,81,0.1,172.51
Sassari,72,05/05/2020,0,848,0,81,0.1,172.51
Sassari,73,06/05/2020,1,849,0,81,0.1,172.71
Sassari,74,07/05/2020,5,854,0,81,0.1,173.73
Sassari,75,08/05/2020,6,860,0,81,0.09,174.95
Sassari,76,09/05/2020,3,863,0,81,0.09,175.56
Sassari,77,10/05/2020,3,866,1,82,0.1,176.17
Sassari,78,11/05/2020,0,866,0,82,0.1,176.17
Sassari,79,12/05/2020,0,866,0,82,0.1,176.17
Sassari,80,13/05/2020,0,866,0,82,0.1,176.17
Sassari,81,14/05/2020,0,866,0,82,0.1,176.17
Sassari,82,15/05/2020,3,869,0,82,0.09,176.78
Sassari,83,16/05/2020,2,871,0,82,0.09,177.19
Sassari,84,17/05/2020,0,871,0,82,0.09,177.19
Sassari,85,18/05/2020,0,871,0,82,0.09,177.19
Sassari,86,19/05/2020,0,871,0,82,0.09,177.19
Sassari,87,20/05/2020,1,872,0,82,0.09,177.39
Sassari,88,21/05/2020,0,872,0,82,0.09,177.39
Sassari,89,22/05/2020,0,872,0,82,0.09,177.39
Sassari,90,23/05/2020,-1,871,1,83,0.1,177.19
Sassari,91,24/05/2020,0,871,0,83,0.1,177.19
Sassari,92,25/05/2020,-1,870,0,83,0.1,176.98
Sassari,93,26/05/2020,0,870,0,83,0.1,176.98
Sassari,94,27/05/2020,0,870,0,83,0.1,176.98
Sassari,95,28/05/2020,0,870,0,83,0.1,176.98
Sassari,96,29/05/2020,0,870,0,83,0.1,176.98
Sassari,97,30/05/2020,0,870,0,83,0.1,176.98
Sassari,98,31/05/2020,0,870,0,83,0.1,176.98
Sassari,99,01/06/2020,0,870,0,83,0.1,176.98
Sassari,100,02/06/2020,0,870,0,83,0.1,176.98
Sassari,101,03/06/2020,0,870,0,83,0.1,176.98
Sassari,102,04/06/2020,0,870,0,83,0.1,176.98
Sassari,103,05/06/2020,0,870,0,83,0.1,176.98
Sassari,104,06/06/2020,2,872,0,83,0.1,177.39
Sassari,105,07/06/2020,0,872,0,83,0.1,177.39
Sassari,106,08/06/2020,0,872,0,83,0.1,177.39
Sassari,107,09/06/2020,-1,871,0,83,0.1,177.19
Sassari,108,10/06/2020,0,871,0,83,0.1,177.19
Sassari,109,11/06/2020,3,874,0,83,0.1,177.8
Sassari,110,12/06/2020,1,875,0,83,0.1,178
Sassari,111,13/06/2020,0,875,0,83,0.1,178
Sassari,112,14/06/2020,0,875,0,83,0.1,178
Sassari,113,15/06/2020,0,875,0,83,0.1,178
Sassari,114,16/06/2020,1,876,0,83,0.1,178.2
Sassari,115,17/06/2020,0,876,0,83,0.1,178.2
Sassari,116,18/06/2020,0,876,0,83,0.1,178.2
Sassari,117,19/06/2020,0,876,0,83,0.1,178.2
Sassari,118,20/06/2020,1,877,0,83,0.1,178.41
Sassari,119,21/06/2020,0,877,0,83,0.1,178.41
Sassari,120,22/06/2020,0,877,0,83,0.1,178.41
Sassari,121,23/06/2020,-4,873,0,83,0.1,177.59
Sassari,122,24/06/2020,0,873,0,83,0.1,177.59
Sassari,123,25/06/2020,0,873,0,83,0.1,177.59
Sassari,124,26/06/2020,0,873,0,83,0.1,177.59
Sassari,125,27/06/2020,0,873,0,83,0.1,177.59
Sassari,126,28/06/2020,0,873,0,83,0.1,177.59
Sassari,127,29/06/2020,0,873,0,83,0.1,177.59
Sassari,128,30/06/2020,2,875,0,83,0.1,178
Sassari,129,01/07/2020,0,875,0,83,0.1,178
Sassari,130,02/07/2020,0,875,0,83,0.1,178
Sassari,131,03/07/2020,1,876,0,83,0.1,178.2
Sassari,132,04/07/2020,0,876,0,83,0.1,178.2
Sassari,133,05/07/2020,1,877,0,83,0.1,178.41
Sassari,134,06/07/2020,0,877,1,84,0.1,178.41
Sassari,135,07/07/2020,0,877,0,84,0.1,178.41
Sassari,136,08/07/2020,0,877,0,84,0.1,178.41
Sassari,137,09/07/2020,0,877,0,84,0.1,178.41
Sassari,138,10/07/2020,0,877,0,84,0.1,178.41
Sassari,139,11/07/2020,0,877,0,84,0.1,178.41
Sassari,140,12/07/2020,0,877,0,84,0.1,178.41
Sassari,141,13/07/2020,1,878,0,84,0.1,178.61
Sassari,142,14/07/2020,0,878,0,84,0.1,178.61
Sassari,143,15/07/2020,0,878,0,84,0.1,178.61
Sassari,144,16/07/2020,0,878,0,84,0.1,178.61
Sassari,145,17/07/2020,0,878,0,84,0.1,178.61
Sassari,146,18/07/2020,0,878,0,84,0.1,178.61
Sassari,147,19/07/2020,1,879,0,84,0.1,178.81
Sassari,148,20/07/2020,0,879,0,84,0.1,178.81
Sassari,149,21/07/2020,0,879,0,84,0.1,178.81
Sassari,150,22/07/2020,0,879,0,84,0.1,178.81
Sassari,151,23/07/2020,1,880,0,84,0.1,179.02
Sassari,152,24/07/2020,1,881,0,84,0.1,179.22
Sassari,153,25/07/2020,3,884,0,84,0.1,179.83
Sassari,154,26/07/2020,0,884,0,84,0.1,179.83
Sassari,155,27/07/2020,-2,882,0,84,0.1,179.42
Sassari,156,28/07/2020,1,883,0,84,0.1,179.63
Sassari,157,29/07/2020,0,883,0,84,0.1,179.63
Sassari,158,30/07/2020,0,883,0,84,0.1,179.63
Sassari,159,31/07/2020,0,883,0,84,0.1,179.63
Sassari,160,01/08/2020,1,884,0,84,0.1,179.83
Sassari,161,02/08/2020,2,886,0,84,0.1,180.24
Sassari,162,03/08/2020,1,887,0,84,0.1,180.44
Sassari,163,04/08/2020,0,887,0,84,0.1,180.44
Sassari,164,05/08/2020,1,888,0,84,0.1,180.65
Sassari,165,06/08/2020,0,888,0,84,0.1,180.65
Sassari,166,07/08/2020,0,888,0,84,0.1,180.65
Sassari,167,08/08/2020,0,888,0,84,0.1,180.65
Sassari,168,09/08/2020,0,888,0,84,0.1,180.65
Sassari,169,10/08/2020,2,890,0,84,0.09,181.05
Sassari,170,11/08/2020,8,898,0,84,0.09,182.68
Sassari,171,12/08/2020,0,898,0,84,0.09,182.68
Sassari,172,13/08/2020,0,898,0,84,0.09,182.68
Sassari,173,14/08/2020,3,901,0,84,0.09,183.29
Sassari,174,15/08/2020,0,901,0,84,0.09,183.29
Sassari,175,16/08/2020,4,905,0,84,0.09,184.1
Sassari,176,17/08/2020,5,910,0,84,0.09,185.12
Sassari,177,18/08/2020,10,920,0,84,0.09,187.16
Sassari,178,19/08/2020,20,940,0,84,0.09,191.22
Sassari,179,20/08/2020,10,950,0,84,0.09,193.26
Sassari,180,21/08/2020,27,977,0,84,0.09,198.75
Sassari,181,22/08/2020,34,1011,0,84,0.08,205.67
Sassari,182,23/08/2020,56,1067,0,84,0.08,217.06
Sassari,183,24/08/2020,68,1135,0,84,0.07,230.89
Sassari,184,25/08/2020,18,1153,0,84,0.07,234.55
Sassari,185,26/08/2020,41,1194,0,84,0.07,242.89
Sassari,186,27/08/2020,38,1232,0,84,0.07,250.63
Sassari,187,28/08/2020,30,1262,0,84,0.07,256.73
Sassari,188,29/08/2020,50,1312,0,84,0.06,266.9
Sassari,189,30/08/2020,12,1324,0,84,0.06,269.34
Sassari,190,31/08/2020,29,1353,0,84,0.06,275.24
Sassari,191,01/09/2020,25,1378,0,84,0.06,280.33
Sassari,192,02/09/2020,46,1424,1,85,0.06,289.68
Sassari,193,03/09/2020,10,1434,0,85,0.06,291.72
Sassari,194,04/09/2020,36,1470,0,85,0.06,299.04
Sassari,195,05/09/2020,45,1515,0,85,0.06,308.2
Sassari,196,06/09/2020,15,1530,1,86,0.06,311.25
Sassari,197,07/09/2020,19,1549,0,86,0.06,315.11
Sassari,198,08/09/2020,36,1585,0,86,0.05,322.44
Sassari,199,09/09/2020,27,1612,2,88,0.06,327.93
Sassari,200,10/09/2020,31,1643,3,91,0.06,334.23
Sassari,201,11/09/2020,19,1662,0,91,0.06,338.1
Sassari,202,12/09/2020,26,1688,1,92,0.06,343.39
Sassari,203,13/09/2020,20,1708,0,92,0.05,347.46
Sassari,204,14/09/2020,18,1726,0,92,0.05,351.12
Sassari,205,15/09/2020,22,1748,0,92,0.05,355.59
Sassari,206,16/09/2020,12,1760,0,92,0.05,358.04
Sassari,207,17/09/2020,21,1781,0,92,0.05,362.31
Sassari,208,18/09/2020,31,1812,1,93,0.05,368.61
Sassari,209,19/09/2020,27,1839,0,93,0.05,374.11
Sassari,210,20/09/2020,25,1864,0,93,0.05,379.19
Sassari,211,21/09/2020,14,1878,0,93,0.05,382.04
Sassari,212,22/09/2020,11,1889,0,93,0.05,384.28
Sassari,213,23/09/2020,14,1903,1,94,0.05,387.13
Sassari,214,24/09/2020,11,1914,1,95,0.05,389.36
Sassari,215,25/09/2020,33,1947,0,95,0.05,396.08
Sassari,216,26/09/2020,26,1973,0,95,0.05,401.37
Sassari,217,27/09/2020,37,2010,0,95,0.05,408.89
Sassari,218,28/09/2020,15,2025,1,96,0.05,411.94
Sassari,219,29/09/2020,61,2086,0,96,0.05,424.35
Sassari,220,30/09/2020,0,2086,1,97,0.05,424.35
Sassari,221,01/10/2020,24,2110,0,97,0.05,429.24
Sassari,222,02/10/2020,20,2130,0,97,0.05,433.3
Sassari,223,03/10/2020,26,2156,0,97,0.04,438.59
Sassari,224,04/10/2020,25,2181,0,97,0.04,443.68
Sassari,225,05/10/2020,24,2205,0,97,0.04,448.56
Sassari,226,06/10/2020,13,2218,1,98,0.04,451.21
Sassari,227,07/10/2020,58,2276,3,101,0.04,463.01
Sassari,228,08/10/2020,82,2358,0,101,0.04,479.69
Sassari,229,09/10/2020,46,2404,0,101,0.04,489.04
Sassari,230,10/10/2020,29,2433,0,101,0.04,494.94
Sassari,231,11/10/2020,70,2503,1,102,0.04,509.18
Sassari,232,12/10/2020,58,2561,0,102,0.04,520.98
Sassari,233,13/10/2020,36,2597,2,104,0.04,528.31
Sassari,234,14/10/2020,52,2649,0,104,0.04,538.88
Sassari,235,15/10/2020,35,2684,0,104,0.04,546
Sassari,236,16/10/2020,48,2732,0,104,0.04,555.77
Sassari,237,17/10/2020,51,2783,1,105,0.04,566.14
Sassari,238,18/10/2020,58,2841,1,106,0.04,577.94
Sassari,239,19/10/2020,56,2897,0,106,0.04,589.34
Sassari,240,20/10/2020,50,2947,1,107,0.04,599.51
Sassari,241,21/10/2020,73,3020,0,107,0.04,614.36
Sassari,242,22/10/2020,64,3084,0,107,0.04,627.38
Sassari,243,23/10/2020,80,3164,0,107,0.03,643.65
Sassari,244,24/10/2020,121,3285,0,107,0.03,668.27
Sassari,245,25/10/2020,81,3366,0,107,0.03,684.74
Sassari,246,26/10/2020,127,3493,0,107,0.03,710.58
Sassari,247,27/10/2020,50,3543,0,107,0.03,720.75
Sassari,248,28/10/2020,130,3673,3,110,0.03,747.2
Sassari,249,29/10/2020,95,3768,2,112,0.03,766.52
Sassari,250,30/10/2020,92,3860,2,114,0.03,785.24
Sassari,251,31/10/2020,120,3980,0,114,0.03,809.65
Sassari,252,01/11/2020,187,4167,3,117,0.03,847.69
Sassari,253,02/11/2020,149,4316,0,117,0.03,878
Sassari,254,03/11/2020,158,4474,1,118,0.03,910.14
Sassari,255,04/11/2020,0,4474,0,118,0.03,910.14
Sassari,256,05/11/2020,192,4666,3,121,0.03,949.2
Sassari,257,06/11/2020,182,4848,0,121,0.03,986.23
Sassari,258,07/11/2020,242,5090,1,122,0.02,1035.46
Sassari,259,08/11/2020,154,5244,0,122,0.02,1066.78
Sassari,260,09/11/2020,127,5371,9,131,0.02,1092.62
Sassari,261,10/11/2020,100,5471,1,132,0.02,1112.96
Sassari,262,11/11/2020,137,5608,9,141,0.03,1140.83
Sassari,263,12/11/2020,134,5742,0,141,0.03,1168.09
Sassari,264,13/11/2020,173,5915,7,148,0.03,1203.28
Sassari,265,14/11/2020,119,6034,0,148,0.03,1227.49
Sassari,266,15/11/2020,109,6143,0,148,0.02,1249.67
Sassari,267,16/11/2020,90,6233,0,148,0.02,1267.98
Sassari,268,17/11/2020,136,6369,7,155,0.02,1295.64
Sassari,269,18/11/2020,112,6481,3,158,0.02,1318.43
Sassari,270,19/11/2020,78,6559,9,167,0.03,1334.29
Sassari,271,20/11/2020,130,6689,3,170,0.03,1360.74
Sassari,272,21/11/2020,185,6874,3,173,0.03,1398.37
Sassari,273,22/11/2020,134,7008,5,178,0.03,1425.63
Sassari,274,23/11/2020,137,7145,1,179,0.03,1453.5
Sassari,275,24/11/2020,97,7242,4,183,0.03,1473.24
Sassari,276,25/11/2020,91,7333,1,184,0.03,1491.75
Sassari,277,26/11/2020,70,7403,5,189,0.03,1505.99
Sassari,278,27/11/2020,97,7500,3,192,0.03,1525.72
Sassari,279,28/11/2020,153,7653,3,195,0.03,1556.85
Sassari,280,29/11/2020,132,7785,1,196,0.03,1583.7
Sassari,281,30/11/2020,93,7878,1,197,0.03,1602.62
Sassari,282,01/12/2020,153,8031,2,199,0.03,1633.74
Sassari,283,02/12/2020,184,8215,0,199,0.02,1671.17
Sassari,284,03/12/2020,170,8385,2,201,0.02,1705.76
Sassari,285,04/12/2020,82,8467,0,201,0.02,1722.44
Sassari,286,05/12/2020,151,8618,3,204,0.02,1753.15
Sassari,287,06/12/2020,92,8710,2,206,0.02,1771.87
Sassari,288,07/12/2020,75,8785,0,206,0.02,1787.13
Sassari,289,08/12/2020,117,8902,0,206,0.02,1810.93
Sassari,290,09/12/2020,88,8990,2,208,0.02,1828.83
Sassari,291,10/12/2020,87,9077,0,208,0.02,1846.53
Sassari,292,11/12/2020,41,9118,0,208,0.02,1854.87
Sassari,293,12/12/2020,40,9158,4,212,0.02,1863.01
Sassari,294,13/12/2020,26,9184,0,212,0.02,1868.3
Sassari,295,14/12/2020,90,9274,0,212,0.02,1886.6
Sassari,296,15/12/2020,76,9350,0,212,0.02,1902.07
