Province,Day,Date,New_cases,Curr_pos_cases,Deaths,Tot_deaths,Lethality_rate,Cumul_rates
Sud Sardegna,1,2020-02-24,0,0,0,0,0.0,0.0
Sud Sardegna,2,2020-02-25,0,0,0,0,0.0,0.0
Sud Sardegna,3,2020-02-26,0,0,0,0,0.0,0.0
Sud Sardegna,4,2020-02-27,0,0,0,0,0.0,0.0
Sud Sardegna,5,2020-02-28,0,0,0,0,0.0,0.0
Sud Sardegna,6,2020-02-29,0,0,0,0,0.0,0.0
Sud Sardegna,7,2020-03-01,0,0,0,0,0.0,0.0
Sud Sardegna,8,2020-03-02,0,0,0,0,0.0,0.0
Sud Sardegna,9,2020-03-03,0,0,0,0,0.0,0.0
Sud Sardegna,10,2020-03-04,0,0,0,0,0.0,0.0
Sud Sardegna,11,2020-03-05,0,0,0,0,0.0,0.0
Sud Sardegna,12,2020-03-06,0,0,0,0,0.0,0.0
Sud Sardegna,13,2020-03-07,0,0,0,0,0.0,0.0
Sud Sardegna,14,2020-03-08,0,0,0,0,0.0,0.0
Sud Sardegna,15,2020-03-09,0,0,0,0,0.0,0.0
Sud Sardegna,16,2020-03-10,0,0,0,0,0.0,0.0
Sud Sardegna,17,2020-03-11,0,0,0,0,0.0,0.0
Sud Sardegna,18,2020-03-12,4,4,0,0,0.0,1.1404946895716002
Sud Sardegna,19,2020-03-13,0,4,0,0,0.0,1.1404946895716002
Sud Sardegna,20,2020-03-14,1,5,0,0,0.0,1.4256183619645
Sud Sardegna,21,2020-03-15,-2,3,0,0,0.0,0.8553710171787009
Sud Sardegna,22,2020-03-16,2,5,0,0,0.0,1.4256183619645
Sud Sardegna,23,2020-03-17,0,5,0,0,0.0,1.4256183619645
Sud Sardegna,24,2020-03-18,0,5,0,0,0.0,1.4256183619645
Sud Sardegna,25,2020-03-19,2,7,0,0,0.0,1.9958657067503
Sud Sardegna,26,2020-03-20,1,8,0,0,0.0,2.2809893791432003
Sud Sardegna,27,2020-03-21,0,8,0,0,0.0,2.2809893791432003
Sud Sardegna,28,2020-03-22,0,8,0,0,0.0,2.2809893791432003
Sud Sardegna,29,2020-03-23,1,9,0,0,0.0,2.5661130515361004
Sud Sardegna,30,2020-03-24,6,15,0,0,0.0,4.27685508589351
Sud Sardegna,31,2020-03-25,2,17,1,1,0.0588235294117647,4.84710243067931
Sud Sardegna,32,2020-03-26,4,21,0,1,0.0476190476190476,5.9875971202509115
Sud Sardegna,33,2020-03-27,29,50,0,1,0.02,14.256183619645
Sud Sardegna,34,2020-03-28,5,55,0,1,0.0181818181818182,15.6818019816095
Sud Sardegna,35,2020-03-29,0,55,0,1,0.0181818181818182,15.6818019816095
Sud Sardegna,36,2020-03-30,3,58,0,1,0.0172413793103448,16.5371729987882
Sud Sardegna,37,2020-03-31,0,58,1,2,0.0344827586206897,16.5371729987882
Sud Sardegna,38,2020-04-01,0,58,0,2,0.0344827586206897,16.5371729987882
Sud Sardegna,39,2020-04-02,4,62,0,2,0.032258064516129,17.6776676883598
Sud Sardegna,40,2020-04-03,1,63,0,2,0.0317460317460317,17.9627913607527
Sud Sardegna,41,2020-04-04,0,63,0,2,0.0317460317460317,17.9627913607527
Sud Sardegna,42,2020-04-05,8,71,0,2,0.028169014084507005,20.2437807398959
Sud Sardegna,43,2020-04-06,3,74,0,2,0.027027027027027,21.0991517570746
Sud Sardegna,44,2020-04-07,0,74,1,3,0.0405405405405405,21.0991517570746
Sud Sardegna,45,2020-04-08,0,74,0,3,0.0405405405405405,21.0991517570746
Sud Sardegna,46,2020-04-09,4,78,0,3,0.0384615384615385,22.239646446646198
Sud Sardegna,47,2020-04-10,2,80,0,3,0.0375,22.809893791432
Sud Sardegna,48,2020-04-11,2,82,0,3,0.0365853658536585,23.380141136217798
Sud Sardegna,49,2020-04-12,2,84,0,3,0.0357142857142857,23.950388481003603
Sud Sardegna,50,2020-04-13,0,84,0,3,0.0357142857142857,23.950388481003603
Sud Sardegna,51,2020-04-14,2,86,2,5,0.0581395348837209,24.520635825789398
Sud Sardegna,52,2020-04-15,0,86,0,5,0.0581395348837209,24.520635825789398
Sud Sardegna,53,2020-04-16,0,86,0,5,0.0581395348837209,24.520635825789398
Sud Sardegna,54,2020-04-17,0,86,1,6,0.0697674418604651,24.520635825789398
Sud Sardegna,55,2020-04-18,0,86,0,6,0.0697674418604651,24.520635825789398
Sud Sardegna,56,2020-04-19,0,86,0,6,0.0697674418604651,24.520635825789398
Sud Sardegna,57,2020-04-20,0,86,0,6,0.0697674418604651,24.520635825789398
Sud Sardegna,58,2020-04-21,0,86,0,6,0.0697674418604651,24.520635825789398
Sud Sardegna,59,2020-04-22,3,89,1,7,0.0786516853932584,25.376006842968106
Sud Sardegna,60,2020-04-23,1,90,0,7,0.0777777777777778,25.661130515361
Sud Sardegna,61,2020-04-24,1,91,2,9,0.0989010989010989,25.946254187753897
Sud Sardegna,62,2020-04-25,0,91,0,9,0.0989010989010989,25.946254187753897
Sud Sardegna,63,2020-04-26,0,91,0,9,0.0989010989010989,25.946254187753897
Sud Sardegna,64,2020-04-27,1,92,0,9,0.0978260869565217,26.2313778601468
Sud Sardegna,65,2020-04-28,1,93,0,9,0.0967741935483871,26.516501532539703
Sud Sardegna,66,2020-04-29,0,93,0,9,0.0967741935483871,26.516501532539703
Sud Sardegna,67,2020-04-30,0,93,0,9,0.0967741935483871,26.516501532539703
Sud Sardegna,68,2020-05-01,1,94,0,9,0.0957446808510638,26.80162520493261
Sud Sardegna,69,2020-05-02,0,94,0,9,0.0957446808510638,26.80162520493261
Sud Sardegna,70,2020-05-03,0,94,0,9,0.0957446808510638,26.80162520493261
Sud Sardegna,71,2020-05-04,0,94,0,9,0.0957446808510638,26.80162520493261
Sud Sardegna,72,2020-05-05,0,94,0,9,0.0957446808510638,26.80162520493261
Sud Sardegna,73,2020-05-06,0,94,0,9,0.0957446808510638,26.80162520493261
Sud Sardegna,74,2020-05-07,0,94,0,9,0.0957446808510638,26.80162520493261
Sud Sardegna,75,2020-05-08,0,94,0,9,0.0957446808510638,26.80162520493261
Sud Sardegna,76,2020-05-09,0,94,0,9,0.0957446808510638,26.80162520493261
Sud Sardegna,77,2020-05-10,1,95,0,9,0.0947368421052632,27.0867488773255
Sud Sardegna,78,2020-05-11,2,97,0,9,0.0927835051546392,27.65699622211131
Sud Sardegna,79,2020-05-12,1,98,0,9,0.0918367346938776,27.9421198945042
Sud Sardegna,80,2020-05-13,-1,97,0,9,0.0927835051546392,27.65699622211131
Sud Sardegna,81,2020-05-14,0,97,0,9,0.0927835051546392,27.65699622211131
Sud Sardegna,82,2020-05-15,0,97,0,9,0.0927835051546392,27.65699622211131
Sud Sardegna,83,2020-05-16,0,97,0,9,0.0927835051546392,27.65699622211131
Sud Sardegna,84,2020-05-17,0,97,0,9,0.0927835051546392,27.65699622211131
Sud Sardegna,85,2020-05-18,0,97,0,9,0.0927835051546392,27.65699622211131
Sud Sardegna,86,2020-05-19,0,97,0,9,0.0927835051546392,27.65699622211131
Sud Sardegna,87,2020-05-20,0,97,0,9,0.0927835051546392,27.65699622211131
Sud Sardegna,88,2020-05-21,0,97,0,9,0.0927835051546392,27.65699622211131
Sud Sardegna,89,2020-05-22,0,97,0,9,0.0927835051546392,27.65699622211131
Sud Sardegna,90,2020-05-23,0,97,0,9,0.0927835051546392,27.65699622211131
Sud Sardegna,91,2020-05-24,0,97,0,9,0.0927835051546392,27.65699622211131
Sud Sardegna,92,2020-05-25,0,97,0,9,0.0927835051546392,27.65699622211131
Sud Sardegna,93,2020-05-26,0,97,0,9,0.0927835051546392,27.65699622211131
Sud Sardegna,94,2020-05-27,0,97,0,9,0.0927835051546392,27.65699622211131
Sud Sardegna,95,2020-05-28,0,97,0,9,0.0927835051546392,27.65699622211131
Sud Sardegna,96,2020-05-29,0,97,0,9,0.0927835051546392,27.65699622211131
Sud Sardegna,97,2020-05-30,0,97,0,9,0.0927835051546392,27.65699622211131
Sud Sardegna,98,2020-05-31,0,97,0,9,0.0927835051546392,27.65699622211131
Sud Sardegna,99,2020-06-01,0,97,0,9,0.0927835051546392,27.65699622211131
Sud Sardegna,100,2020-06-02,0,97,0,9,0.0927835051546392,27.65699622211131
Sud Sardegna,101,2020-06-03,0,97,0,9,0.0927835051546392,27.65699622211131
Sud Sardegna,102,2020-06-04,0,97,0,9,0.09278350515463918,27.65699622211134
Sud Sardegna,103,2020-06-05,2,99,0,9,0.09090909090909093,28.22724356689714
Sud Sardegna,104,2020-06-06,0,99,0,9,0.09090909090909093,28.22724356689714
Sud Sardegna,105,2020-06-07,0,99,0,9,0.09090909090909093,28.22724356689714
Sud Sardegna,106,2020-06-08,0,99,0,9,0.09090909090909093,28.22724356689714
Sud Sardegna,107,2020-06-09,0,99,0,9,0.09090909090909093,28.22724356689714
Sud Sardegna,108,2020-06-10,0,99,0,9,0.09090909090909093,28.22724356689714
Sud Sardegna,109,2020-06-11,-1,98,0,9,0.09183673469387756,27.942119894504238
Sud Sardegna,110,2020-06-12,0,98,0,9,0.09183673469387756,27.942119894504238
Sud Sardegna,111,2020-06-13,0,98,0,9,0.09183673469387756,27.942119894504238
Sud Sardegna,112,2020-06-14,0,98,0,9,0.09183673469387756,27.942119894504238
Sud Sardegna,113,2020-06-15,0,98,0,9,0.09183673469387756,27.942119894504238
Sud Sardegna,114,2020-06-16,1,99,0,9,0.09090909090909093,28.22724356689714
Sud Sardegna,115,2020-06-17,0,99,0,9,0.09090909090909093,28.22724356689714
Sud Sardegna,116,2020-06-18,0,99,0,9,0.09090909090909093,28.22724356689714
Sud Sardegna,117,2020-06-19,0,99,0,9,0.09090909090909093,28.22724356689714
Sud Sardegna,118,2020-06-20,0,99,0,9,0.09090909090909093,28.22724356689714
Sud Sardegna,119,2020-06-21,0,99,0,9,0.09090909090909093,28.22724356689714
Sud Sardegna,120,2020-06-22,0,99,0,9,0.09090909090909093,28.22724356689714
Sud Sardegna,121,2020-06-23,-1,98,0,9,0.09183673469387756,27.942119894504238
Sud Sardegna,122,2020-06-24,1,99,0,9,0.09090909090909093,28.22724356689714
Sud Sardegna,123,2020-06-25,0,99,0,9,0.09090909090909091,28.22724356689714
