Province,Day,Date,New_cases,Curr_pos_cases,Deaths,Tot_deaths,Lethality_rate,Cumul_rates
Pordenone,1,24/02/2020,0,0,0,0,0,0
Pordenone,2,25/02/2020,0,0,0,0,0,0
Pordenone,3,26/02/2020,0,0,0,0,0,0
Pordenone,4,27/02/2020,0,0,0,0,0,0
Pordenone,5,28/02/2020,0,0,0,0,0,0
Pordenone,6,29/02/2020,0,0,0,0,0,0
Pordenone,7,01/03/2020,0,0,0,0,0,0
Pordenone,8,02/03/2020,0,0,0,0,0,0
Pordenone,9,03/03/2020,0,0,0,0,0,0
Pordenone,10,04/03/2020,0,0,0,0,0,0
Pordenone,11,05/03/2020,0,0,0,0,0,0
Pordenone,12,06/03/2020,0,0,0,0,0,0
Pordenone,13,07/03/2020,2,2,0,0,0,0.64
Pordenone,14,08/03/2020,0,2,0,0,0,0.64
Pordenone,15,09/03/2020,0,2,0,0,0,0.64
Pordenone,16,10/03/2020,2,4,0,0,0,1.28
Pordenone,17,11/03/2020,9,13,0,0,0,4.16
Pordenone,18,12/03/2020,0,13,0,0,0,4.16
Pordenone,19,13/03/2020,18,31,0,0,0,9.92
Pordenone,20,14/03/2020,14,45,0,0,0,14.4
Pordenone,21,15/03/2020,-3,42,0,0,0,13.44
Pordenone,22,16/03/2020,12,54,0,0,0,17.28
Pordenone,23,17/03/2020,0,54,0,0,0,17.28
Pordenone,24,18/03/2020,22,76,0,0,0,24.32
Pordenone,25,19/03/2020,21,97,0,0,0,31.04
Pordenone,26,20/03/2020,17,114,0,0,0,36.48
Pordenone,27,21/03/2020,30,144,0,0,0,46.08
Pordenone,28,22/03/2020,21,165,0,0,0,52.79
Pordenone,29,23/03/2020,5,170,0,0,0,54.39
Pordenone,30,24/03/2020,31,201,0,0,0,64.31
Pordenone,31,25/03/2020,76,277,0,0,0,88.63
Pordenone,32,26/03/2020,18,295,0,0,0,94.39
Pordenone,33,27/03/2020,37,332,0,0,0,106.23
Pordenone,34,28/03/2020,30,362,0,0,0,115.83
Pordenone,35,29/03/2020,6,368,0,0,0,117.75
Pordenone,36,30/03/2020,15,383,0,0,0,122.55
Pordenone,37,31/03/2020,22,405,0,0,0,129.59
Pordenone,38,01/04/2020,14,419,1,1,0,134.07
Pordenone,39,02/04/2020,22,441,1,2,0,141.11
Pordenone,40,03/04/2020,11,452,1,3,0.01,144.62
Pordenone,41,04/04/2020,9,461,1,4,0.01,147.5
Pordenone,42,05/04/2020,9,470,1,5,0.01,150.38
Pordenone,43,06/04/2020,7,477,3,8,0.02,152.62
Pordenone,44,07/04/2020,3,480,3,11,0.02,153.58
Pordenone,45,08/04/2020,17,497,2,13,0.03,159.02
Pordenone,46,09/04/2020,16,513,0,13,0.03,164.14
Pordenone,47,10/04/2020,7,520,1,14,0.03,166.38
Pordenone,48,11/04/2020,9,529,2,16,0.03,169.26
Pordenone,49,12/04/2020,10,539,2,18,0.03,172.46
Pordenone,50,13/04/2020,8,547,3,21,0.04,175.02
Pordenone,51,14/04/2020,4,551,1,22,0.04,176.3
Pordenone,52,15/04/2020,6,557,3,25,0.04,178.22
Pordenone,53,16/04/2020,16,573,2,27,0.05,183.34
Pordenone,54,17/04/2020,1,574,1,28,0.05,183.66
Pordenone,55,18/04/2020,13,587,0,28,0.05,187.82
Pordenone,56,19/04/2020,4,591,0,28,0.05,189.1
Pordenone,57,20/04/2020,5,596,4,32,0.05,190.7
Pordenone,58,21/04/2020,3,599,0,32,0.05,191.66
Pordenone,59,22/04/2020,0,599,3,35,0.06,191.66
Pordenone,60,23/04/2020,8,607,3,38,0.06,194.22
Pordenone,61,24/04/2020,5,612,2,40,0.06,195.82
Pordenone,62,25/04/2020,1,613,1,41,0.07,196.14
Pordenone,63,26/04/2020,8,621,1,42,0.07,198.7
Pordenone,64,27/04/2020,4,625,0,42,0.07,199.98
Pordenone,65,28/04/2020,2,627,3,45,0.07,200.62
Pordenone,66,29/04/2020,3,630,0,45,0.07,201.58
Pordenone,67,30/04/2020,4,634,0,45,0.07,202.86
Pordenone,68,01/05/2020,10,644,0,45,0.07,206.06
Pordenone,69,02/05/2020,0,644,1,46,0.07,206.06
Pordenone,70,03/05/2020,1,645,1,47,0.07,206.38
Pordenone,71,04/05/2020,1,646,0,47,0.07,206.7
Pordenone,72,05/05/2020,0,646,1,48,0.07,206.7
Pordenone,73,06/05/2020,1,647,0,48,0.07,207.02
Pordenone,74,07/05/2020,1,648,0,48,0.07,207.34
Pordenone,75,08/05/2020,1,649,1,49,0.08,207.66
Pordenone,76,09/05/2020,1,650,1,50,0.08,207.98
Pordenone,77,10/05/2020,1,651,0,50,0.08,208.3
Pordenone,78,11/05/2020,0,651,0,50,0.08,208.3
Pordenone,79,12/05/2020,3,654,0,50,0.08,209.26
Pordenone,80,13/05/2020,5,659,0,50,0.08,210.86
Pordenone,81,14/05/2020,0,659,0,50,0.08,210.86
Pordenone,82,15/05/2020,3,662,1,51,0.08,211.82
Pordenone,83,16/05/2020,3,665,0,51,0.08,212.78
Pordenone,84,17/05/2020,2,667,0,51,0.08,213.42
Pordenone,85,18/05/2020,0,667,0,51,0.08,213.42
Pordenone,86,19/05/2020,1,668,0,51,0.08,213.74
Pordenone,87,20/05/2020,1,669,0,51,0.08,214.06
Pordenone,88,21/05/2020,1,670,0,51,0.08,214.38
Pordenone,89,22/05/2020,1,671,0,51,0.08,214.7
Pordenone,90,23/05/2020,1,672,0,51,0.08,215.02
Pordenone,91,24/05/2020,0,672,0,51,0.08,215.02
Pordenone,92,25/05/2020,1,673,0,51,0.08,215.34
Pordenone,93,26/05/2020,10,683,0,51,0.07,218.54
Pordenone,94,27/05/2020,1,684,0,51,0.07,218.86
Pordenone,95,28/05/2020,0,684,0,51,0.07,218.86
Pordenone,96,29/05/2020,2,686,0,51,0.07,219.5
Pordenone,97,30/05/2020,2,688,0,51,0.07,220.14
Pordenone,98,31/05/2020,0,688,0,51,0.07,220.14
Pordenone,99,01/06/2020,0,688,1,52,0.08,220.14
Pordenone,100,02/06/2020,0,688,0,52,0.08,220.14
Pordenone,101,03/06/2020,0,688,0,52,0.08,220.14
Pordenone,102,04/06/2020,1,689,0,52,0.07,220.46
Pordenone,103,05/06/2020,0,689,0,52,0.07,220.46
Pordenone,104,06/06/2020,2,691,0,52,0.07,221.1
Pordenone,105,07/06/2020,0,691,0,52,0.07,221.1
Pordenone,106,08/06/2020,0,691,0,52,0.07,221.1
Pordenone,107,09/06/2020,0,691,0,52,0.07,221.1
Pordenone,108,10/06/2020,0,691,0,52,0.07,221.1
Pordenone,109,11/06/2020,0,691,0,52,0.07,221.1
Pordenone,110,12/06/2020,1,692,0,52,0.07,221.42
Pordenone,111,13/06/2020,3,695,0,52,0.07,222.38
Pordenone,112,14/06/2020,0,695,0,52,0.07,222.38
Pordenone,113,15/06/2020,0,695,0,52,0.07,222.38
Pordenone,114,16/06/2020,1,696,0,52,0.07,222.7
Pordenone,115,17/06/2020,0,696,0,52,0.07,222.7
Pordenone,116,18/06/2020,1,697,0,52,0.07,223.02
Pordenone,117,19/06/2020,1,698,0,52,0.07,223.34
Pordenone,118,20/06/2020,0,698,0,52,0.07,223.34
Pordenone,119,21/06/2020,1,699,0,52,0.07,223.66
Pordenone,120,22/06/2020,0,699,0,52,0.07,223.66
Pordenone,121,23/06/2020,0,699,0,52,0.07,223.66
Pordenone,122,24/06/2020,0,699,0,52,0.07,223.66
Pordenone,123,25/06/2020,0,699,0,52,0.07,223.66
Pordenone,124,26/06/2020,2,701,0,52,0.07,224.3
Pordenone,125,27/06/2020,0,701,0,52,0.07,224.3
Pordenone,126,28/06/2020,1,702,0,52,0.07,224.62
Pordenone,127,29/06/2020,0,702,0,52,0.07,224.62
Pordenone,128,30/06/2020,0,702,0,52,0.07,224.62
Pordenone,129,01/07/2020,2,704,0,52,0.07,225.26
Pordenone,130,02/07/2020,0,704,0,52,0.07,225.26
Pordenone,131,03/07/2020,1,705,0,52,0.07,225.58
Pordenone,132,04/07/2020,2,707,0,52,0.07,226.22
Pordenone,133,05/07/2020,0,707,0,52,0.07,226.22
Pordenone,134,06/07/2020,0,707,0,52,0.07,226.22
Pordenone,135,07/07/2020,0,707,0,52,0.07,226.22
Pordenone,136,08/07/2020,3,710,0,52,0.07,227.18
Pordenone,137,09/07/2020,0,710,0,52,0.07,227.18
Pordenone,138,10/07/2020,0,710,0,52,0.07,227.18
Pordenone,139,11/07/2020,0,710,0,52,0.07,227.18
Pordenone,140,12/07/2020,0,710,0,52,0.07,227.18
Pordenone,141,13/07/2020,0,710,0,52,0.07,227.18
Pordenone,142,14/07/2020,0,710,0,52,0.07,227.18
Pordenone,143,15/07/2020,1,711,0,52,0.07,227.5
Pordenone,144,16/07/2020,1,712,0,52,0.07,227.82
Pordenone,145,17/07/2020,1,713,0,52,0.07,228.14
Pordenone,146,18/07/2020,4,717,0,52,0.07,229.42
Pordenone,147,19/07/2020,0,717,0,52,0.07,229.42
Pordenone,148,20/07/2020,0,717,0,52,0.07,229.42
Pordenone,149,21/07/2020,1,718,0,52,0.07,229.74
Pordenone,150,22/07/2020,0,718,0,52,0.07,229.74
Pordenone,151,23/07/2020,0,718,0,52,0.07,229.74
Pordenone,152,24/07/2020,2,720,0,52,0.07,230.38
Pordenone,153,25/07/2020,0,720,0,52,0.07,230.38
Pordenone,154,26/07/2020,2,722,0,52,0.07,231.02
Pordenone,155,27/07/2020,0,722,0,52,0.07,231.02
Pordenone,156,28/07/2020,0,722,0,52,0.07,231.02
Pordenone,157,29/07/2020,1,723,0,52,0.07,231.34
Pordenone,158,30/07/2020,5,728,0,52,0.07,232.94
Pordenone,159,31/07/2020,2,730,0,52,0.07,233.58
Pordenone,160,01/08/2020,4,734,0,52,0.07,234.86
Pordenone,161,02/08/2020,8,742,0,52,0.07,237.41
Pordenone,162,03/08/2020,0,742,0,52,0.07,237.41
Pordenone,163,04/08/2020,3,745,0,52,0.07,238.37
Pordenone,164,05/08/2020,0,745,0,52,0.07,238.37
Pordenone,165,06/08/2020,3,748,0,52,0.07,239.33
Pordenone,166,07/08/2020,0,748,0,52,0.07,239.33
Pordenone,167,08/08/2020,0,748,0,52,0.07,239.33
Pordenone,168,09/08/2020,0,748,0,52,0.07,239.33
Pordenone,169,10/08/2020,0,748,0,52,0.07,239.33
Pordenone,170,11/08/2020,0,748,0,52,0.07,239.33
Pordenone,171,12/08/2020,0,748,0,52,0.07,239.33
Pordenone,172,13/08/2020,2,750,0,52,0.07,239.97
Pordenone,173,14/08/2020,3,753,0,52,0.07,240.93
Pordenone,174,15/08/2020,8,761,0,52,0.07,243.49
Pordenone,175,16/08/2020,1,762,0,52,0.07,243.81
Pordenone,176,17/08/2020,1,763,0,52,0.07,244.13
Pordenone,177,18/08/2020,1,764,0,52,0.07,244.45
Pordenone,178,19/08/2020,2,766,0,52,0.07,245.09
Pordenone,179,20/08/2020,2,768,0,52,0.07,245.73
Pordenone,180,21/08/2020,15,783,0,52,0.07,250.53
Pordenone,181,22/08/2020,8,791,0,52,0.07,253.09
Pordenone,182,23/08/2020,7,798,0,52,0.06,255.33
Pordenone,183,24/08/2020,0,798,0,52,0.06,255.33
Pordenone,184,25/08/2020,5,803,0,52,0.06,256.93
Pordenone,185,26/08/2020,6,809,0,52,0.06,258.85
Pordenone,186,27/08/2020,5,814,0,52,0.06,260.45
Pordenone,187,28/08/2020,6,820,0,52,0.06,262.37
Pordenone,188,29/08/2020,3,823,0,52,0.06,263.33
Pordenone,189,30/08/2020,4,827,0,52,0.06,264.61
Pordenone,190,31/08/2020,2,829,0,52,0.06,265.25
Pordenone,191,01/09/2020,7,836,0,52,0.06,267.49
Pordenone,192,02/09/2020,4,840,0,52,0.06,268.77
Pordenone,193,03/09/2020,6,846,0,52,0.06,270.69
Pordenone,194,04/09/2020,2,848,0,52,0.06,271.33
Pordenone,195,05/09/2020,14,862,0,52,0.06,275.81
Pordenone,196,06/09/2020,5,867,0,52,0.06,277.41
Pordenone,197,07/09/2020,5,872,0,52,0.06,279.01
Pordenone,198,08/09/2020,0,872,0,52,0.06,279.01
Pordenone,199,09/09/2020,13,885,0,52,0.06,283.17
Pordenone,200,10/09/2020,4,889,0,52,0.06,284.45
Pordenone,201,11/09/2020,10,899,0,52,0.06,287.65
Pordenone,202,12/09/2020,16,915,0,52,0.06,292.77
Pordenone,203,13/09/2020,9,924,0,52,0.06,295.65
Pordenone,204,14/09/2020,3,927,0,52,0.06,296.61
Pordenone,205,15/09/2020,10,937,0,52,0.06,299.81
Pordenone,206,16/09/2020,4,941,0,52,0.06,301.09
Pordenone,207,17/09/2020,6,947,0,52,0.06,303.01
Pordenone,208,18/09/2020,14,961,0,52,0.05,307.49
Pordenone,209,19/09/2020,11,972,1,53,0.06,311.01
Pordenone,210,20/09/2020,15,987,0,53,0.05,315.81
Pordenone,211,21/09/2020,0,987,0,53,0.05,315.81
Pordenone,212,22/09/2020,0,987,0,53,0.05,315.81
Pordenone,213,23/09/2020,8,995,0,53,0.05,318.37
Pordenone,214,24/09/2020,2,997,0,53,0.05,319.01
Pordenone,215,25/09/2020,13,1010,0,53,0.05,323.17
Pordenone,216,26/09/2020,11,1021,0,53,0.05,326.69
Pordenone,217,27/09/2020,12,1033,0,53,0.05,330.53
Pordenone,218,28/09/2020,0,1033,0,53,0.05,330.53
Pordenone,219,29/09/2020,5,1038,1,54,0.05,332.12
Pordenone,220,30/09/2020,8,1046,0,54,0.05,334.68
Pordenone,221,01/10/2020,7,1053,0,54,0.05,336.92
Pordenone,222,02/10/2020,22,1075,0,54,0.05,343.96
Pordenone,223,03/10/2020,10,1085,1,55,0.05,347.16
Pordenone,224,04/10/2020,8,1093,0,55,0.05,349.72
Pordenone,225,05/10/2020,8,1101,0,55,0.05,352.28
Pordenone,226,06/10/2020,13,1114,0,55,0.05,356.44
Pordenone,227,07/10/2020,9,1123,1,56,0.05,359.32
Pordenone,228,08/10/2020,21,1144,0,56,0.05,366.04
Pordenone,229,09/10/2020,28,1172,0,56,0.05,375
Pordenone,230,10/10/2020,11,1183,0,56,0.05,378.52
Pordenone,231,11/10/2020,9,1192,0,56,0.05,381.4
Pordenone,232,12/10/2020,17,1209,0,56,0.05,386.84
Pordenone,233,13/10/2020,5,1214,0,56,0.05,388.44
Pordenone,234,14/10/2020,25,1239,0,56,0.04,396.44
Pordenone,235,15/10/2020,22,1261,1,57,0.04,403.48
Pordenone,236,16/10/2020,21,1282,0,57,0.04,410.2
Pordenone,237,17/10/2020,37,1319,0,57,0.04,422.04
Pordenone,238,18/10/2020,42,1361,0,57,0.04,435.47
Pordenone,239,19/10/2020,20,1381,1,58,0.04,441.87
Pordenone,240,20/10/2020,19,1400,1,59,0.04,447.95
Pordenone,241,21/10/2020,22,1422,0,59,0.04,454.99
Pordenone,242,22/10/2020,20,1442,0,59,0.04,461.39
Pordenone,243,23/10/2020,34,1476,1,60,0.04,472.27
Pordenone,244,24/10/2020,61,1537,0,60,0.04,491.79
Pordenone,245,25/10/2020,99,1636,0,60,0.04,523.46
Pordenone,246,26/10/2020,36,1672,0,60,0.04,534.98
Pordenone,247,27/10/2020,19,1691,3,63,0.04,541.06
Pordenone,248,28/10/2020,76,1767,0,63,0.04,565.38
Pordenone,249,29/10/2020,72,1839,0,63,0.03,588.42
Pordenone,250,30/10/2020,27,1866,0,63,0.03,597.06
Pordenone,251,31/10/2020,98,1964,0,63,0.03,628.41
Pordenone,252,01/11/2020,76,2040,0,63,0.03,652.73
Pordenone,253,02/11/2020,14,2054,7,70,0.03,657.21
Pordenone,254,03/11/2020,92,2146,0,70,0.03,686.65
Pordenone,255,04/11/2020,96,2242,0,70,0.03,717.36
Pordenone,256,05/11/2020,117,2359,0,70,0.03,754.8
Pordenone,257,06/11/2020,71,2430,0,70,0.03,777.52
Pordenone,258,07/11/2020,164,2594,0,70,0.03,829.99
Pordenone,259,08/11/2020,95,2689,0,70,0.03,860.39
Pordenone,260,09/11/2020,20,2709,16,86,0.03,866.79
Pordenone,261,10/11/2020,146,2855,0,86,0.03,913.5
Pordenone,262,11/11/2020,122,2977,0,86,0.03,952.54
Pordenone,263,12/11/2020,256,3233,0,86,0.03,1034.45
Pordenone,264,13/11/2020,191,3424,0,86,0.03,1095.56
Pordenone,265,14/11/2020,83,3507,0,86,0.03,1122.12
Pordenone,266,15/11/2020,122,3629,0,86,0.02,1161.16
Pordenone,267,16/11/2020,134,3763,24,110,0.03,1204.03
Pordenone,268,17/11/2020,58,3821,0,110,0.03,1222.59
Pordenone,269,18/11/2020,174,3995,0,110,0.03,1278.27
Pordenone,270,19/11/2020,231,4226,0,110,0.03,1352.18
Pordenone,271,20/11/2020,274,4500,0,110,0.02,1439.85
Pordenone,272,21/11/2020,138,4638,0,110,0.02,1484
Pordenone,273,22/11/2020,69,4707,0,110,0.02,1506.08
Pordenone,274,23/11/2020,28,4735,26,136,0.03,1515.04
Pordenone,275,24/11/2020,128,4863,2,138,0.03,1556
Pordenone,276,25/11/2020,135,4998,0,138,0.03,1599.19
Pordenone,277,26/11/2020,136,5134,3,141,0.03,1642.71
Pordenone,278,27/11/2020,175,5309,9,150,0.03,1698.7
Pordenone,279,28/11/2020,237,5546,3,153,0.03,1774.53
Pordenone,280,29/11/2020,149,5695,5,158,0.03,1822.21
Pordenone,281,30/11/2020,73,5768,2,160,0.03,1845.57
Pordenone,282,01/12/2020,131,5899,4,164,0.03,1887.48
Pordenone,283,02/12/2020,221,6120,3,167,0.03,1958.19
Pordenone,284,03/12/2020,233,6353,8,175,0.03,2032.75
Pordenone,285,04/12/2020,299,6652,7,182,0.03,2128.42
Pordenone,286,05/12/2020,216,6868,9,191,0.03,2197.53
Pordenone,287,06/12/2020,156,7024,3,194,0.03,2247.44
Pordenone,288,07/12/2020,117,7141,9,203,0.03,2284.88
Pordenone,289,08/12/2020,150,7291,3,206,0.03,2332.87
Pordenone,290,09/12/2020,124,7415,4,210,0.03,2372.55
Pordenone,291,10/12/2020,174,7589,10,220,0.03,2428.22
Pordenone,292,11/12/2020,247,7836,3,223,0.03,2507.26
Pordenone,293,12/12/2020,308,8144,3,226,0.03,2605.8
Pordenone,294,13/12/2020,118,8262,5,231,0.03,2643.56
Pordenone,295,14/12/2020,101,8363,3,234,0.03,2675.88
Pordenone,296,15/12/2020,208,8571,0,234,0.03,2742.43
Pordenone,297,16/12/2020,134,8705,0,234,0.03,2785.31
