Province,Day,Date,New_cases,Curr_pos_cases,Deaths,Tot_deaths,Lethality_rate,Cumul_rates
Udine,1,24/02/2020,0,0,0,0,0,0
Udine,2,25/02/2020,0,0,0,0,0,0
Udine,3,26/02/2020,0,0,0,0,0,0
Udine,4,27/02/2020,0,0,0,0,0,0
Udine,5,28/02/2020,0,0,0,0,0,0
Udine,6,29/02/2020,0,0,0,0,0,0
Udine,7,01/03/2020,0,0,0,0,0,0
Udine,8,02/03/2020,0,0,0,0,0,0
Udine,9,03/03/2020,8,8,0,0,0,1.51
Udine,10,04/03/2020,0,8,0,0,0,1.51
Udine,11,05/03/2020,3,11,0,0,0,2.08
Udine,12,06/03/2020,7,18,0,0,0,3.4
Udine,13,07/03/2020,5,23,0,0,0,4.35
Udine,14,08/03/2020,1,24,0,0,0,4.54
Udine,15,09/03/2020,0,24,0,0,0,4.54
Udine,16,10/03/2020,2,26,0,0,0,4.92
Udine,17,11/03/2020,18,44,0,0,0,8.32
Udine,18,12/03/2020,0,44,0,0,0,8.32
Udine,19,13/03/2020,31,75,0,0,0,14.18
Udine,20,14/03/2020,13,88,0,0,0,16.64
Udine,21,15/03/2020,41,129,0,0,0,24.4
Udine,22,16/03/2020,23,152,0,0,0,28.74
Udine,23,17/03/2020,-7,145,0,0,0,27.42
Udine,24,18/03/2020,36,181,0,0,0,34.23
Udine,25,19/03/2020,85,266,0,0,0,50.3
Udine,26,20/03/2020,30,296,0,0,0,55.98
Udine,27,21/03/2020,42,338,0,0,0,63.92
Udine,28,22/03/2020,23,361,0,0,0,68.27
Udine,29,23/03/2020,24,385,0,0,0,72.81
Udine,30,24/03/2020,20,405,0,0,0,76.59
Udine,31,25/03/2020,26,431,0,0,0,81.51
Udine,32,26/03/2020,29,460,0,0,0,86.99
Udine,33,27/03/2020,27,487,0,0,0,92.1
Udine,34,28/03/2020,43,530,0,0,0,100.23
Udine,35,29/03/2020,6,536,0,0,0,101.36
Udine,36,30/03/2020,-12,524,0,0,0,99.09
Udine,37,31/03/2020,12,536,0,0,0,101.36
Udine,38,01/04/2020,40,576,0,0,0,108.93
Udine,39,02/04/2020,65,641,3,3,0.005,121.22
Udine,40,03/04/2020,40,681,0,3,0.004,128.78
Udine,41,04/04/2020,73,754,4,7,0.009,142.59
Udine,42,05/04/2020,32,786,2,9,0.011,148.64
Udine,43,06/04/2020,7,793,3,12,0.015,149.96
Udine,44,07/04/2020,20,813,0,12,0.015,153.75
Udine,45,08/04/2020,17,830,0,12,0.014,156.96
Udine,46,09/04/2020,9,839,0,12,0.014,158.66
Udine,47,10/04/2020,6,845,1,13,0.015,159.8
Udine,48,11/04/2020,20,865,1,14,0.016,163.58
Udine,49,12/04/2020,8,873,5,19,0.022,165.09
Udine,50,13/04/2020,11,884,0,19,0.021,167.17
Udine,51,14/04/2020,6,890,0,19,0.021,168.31
Udine,52,15/04/2020,1,891,3,22,0.025,168.5
Udine,53,16/04/2020,4,895,2,24,0.027,169.25
Udine,54,17/04/2020,2,897,0,24,0.027,169.63
Udine,55,18/04/2020,9,906,2,26,0.029,171.33
Udine,56,19/04/2020,4,910,0,26,0.029,172.09
Udine,57,20/04/2020,5,915,2,28,0.031,173.04
Udine,58,21/04/2020,6,921,0,28,0.03,174.17
Udine,59,22/04/2020,8,929,1,29,0.031,175.68
Udine,60,23/04/2020,2,931,0,29,0.031,176.06
Udine,61,24/04/2020,4,935,0,29,0.031,176.82
Udine,62,25/04/2020,2,937,0,29,0.031,177.2
Udine,63,26/04/2020,1,938,1,30,0.032,177.39
Udine,64,27/04/2020,6,944,1,31,0.033,178.52
Udine,65,28/04/2020,5,949,2,33,0.035,179.47
Udine,66,29/04/2020,2,951,1,34,0.036,179.84
Udine,67,30/04/2020,0,951,0,34,0.036,179.84
Udine,68,01/05/2020,2,953,1,35,0.037,180.22
Udine,69,02/05/2020,1,954,0,35,0.037,180.41
Udine,70,03/05/2020,3,957,1,36,0.038,180.98
Udine,71,04/05/2020,0,957,1,37,0.039,180.98
Udine,72,05/05/2020,1,958,0,37,0.039,181.17
Udine,73,06/05/2020,1,959,0,37,0.039,181.36
Udine,74,07/05/2020,8,967,0,37,0.038,182.87
Udine,75,08/05/2020,0,967,0,37,0.038,182.87
Udine,76,09/05/2020,1,968,0,37,0.038,183.06
Udine,77,10/05/2020,0,968,0,37,0.038,183.06
Udine,78,11/05/2020,2,970,0,37,0.038,183.44
Udine,79,12/05/2020,0,970,0,37,0.038,183.44
Udine,80,13/05/2020,1,971,0,37,0.038,183.63
Udine,81,14/05/2020,1,972,0,37,0.038,183.82
Udine,82,15/05/2020,1,973,0,37,0.038,184
Udine,83,16/05/2020,0,973,0,37,0.038,184
Udine,84,17/05/2020,0,973,0,37,0.038,184
Udine,85,18/05/2020,0,973,0,37,0.038,184
Udine,86,19/05/2020,0,973,0,37,0.038,184
Udine,87,20/05/2020,1,974,0,37,0.038,184.19
Udine,88,21/05/2020,1,975,0,37,0.038,184.38
Udine,89,22/05/2020,4,979,0,37,0.038,185.14
Udine,90,23/05/2020,0,979,0,37,0.038,185.14
Udine,91,24/05/2020,1,980,0,37,0.038,185.33
Udine,92,25/05/2020,0,980,0,37,0.038,185.33
Udine,93,26/05/2020,1,981,0,37,0.038,185.52
Udine,94,27/05/2020,0,981,0,37,0.038,185.52
Udine,95,28/05/2020,0,981,0,37,0.038,185.52
Udine,96,29/05/2020,1,982,0,37,0.038,185.71
Udine,97,30/05/2020,0,982,0,37,0.038,185.71
Udine,98,31/05/2020,1,983,0,37,0.038,185.9
Udine,99,01/06/2020,1,984,0,37,0.038,186.08
Udine,100,02/06/2020,2,986,0,37,0.038,186.46
Udine,101,03/06/2020,0,986,0,37,0.038,186.46
Udine,102,04/06/2020,1,987,0,37,0.037,186.65
Udine,103,05/06/2020,1,988,0,37,0.037,186.84
Udine,104,06/06/2020,1,989,0,37,0.037,187.03
Udine,105,07/06/2020,0,989,1,38,0.038,187.03
Udine,106,08/06/2020,0,989,0,38,0.038,187.03
Udine,107,09/06/2020,0,989,0,38,0.038,187.03
Udine,108,10/06/2020,2,991,0,38,0.038,187.41
Udine,109,11/06/2020,0,991,0,38,0.038,187.41
Udine,110,12/06/2020,1,992,0,38,0.038,187.6
Udine,111,13/06/2020,1,993,0,38,0.038,187.79
Udine,112,14/06/2020,0,993,0,38,0.038,187.79
Udine,113,15/06/2020,0,993,0,38,0.038,187.79
Udine,114,16/06/2020,0,993,0,38,0.038,187.79
Udine,115,17/06/2020,1,994,0,38,0.038,187.98
Udine,116,18/06/2020,1,995,0,38,0.038,188.17
Udine,117,19/06/2020,1,996,0,38,0.038,188.35
Udine,118,20/06/2020,1,997,0,38,0.038,188.54
Udine,119,21/06/2020,0,997,0,38,0.038,188.54
Udine,120,22/06/2020,0,997,0,38,0.038,188.54
Udine,121,23/06/2020,0,997,0,38,0.038,188.54
Udine,122,24/06/2020,0,997,0,38,0.038,188.54
Udine,123,25/06/2020,0,997,1,39,0.039,188.54
Udine,124,26/06/2020,0,997,0,39,0.039,188.54
Udine,125,27/06/2020,0,997,0,39,0.039,188.54
Udine,126,28/06/2020,0,997,0,39,0.039,188.54
Udine,127,29/06/2020,0,997,0,39,0.039,188.54
Udine,128,30/06/2020,0,997,0,39,0.039,188.54
Udine,129,01/07/2020,1,998,0,39,0.039,188.73
Udine,130,02/07/2020,0,998,0,39,0.039,188.73
Udine,131,03/07/2020,0,998,0,39,0.039,188.73
Udine,132,04/07/2020,3,1001,0,39,0.039,189.3
Udine,133,05/07/2020,0,1001,0,39,0.039,189.3
Udine,134,06/07/2020,0,1001,0,39,0.039,189.3
Udine,135,07/07/2020,0,1001,0,39,0.039,189.3
Udine,136,08/07/2020,0,1001,0,39,0.039,189.3
Udine,137,09/07/2020,0,1001,0,39,0.039,189.3
Udine,138,10/07/2020,0,1001,0,39,0.039,189.3
Udine,139,11/07/2020,0,1001,0,39,0.039,189.3
Udine,140,12/07/2020,0,1001,0,39,0.039,189.3
Udine,141,13/07/2020,0,1001,0,39,0.039,189.3
Udine,142,14/07/2020,1,1002,0,39,0.039,189.49
Udine,143,15/07/2020,0,1002,0,39,0.039,189.49
Udine,144,16/07/2020,1,1003,0,39,0.039,189.68
Udine,145,17/07/2020,0,1003,0,39,0.039,189.68
Udine,146,18/07/2020,0,1003,0,39,0.039,189.68
Udine,147,19/07/2020,0,1003,0,39,0.039,189.68
Udine,148,20/07/2020,4,1007,0,39,0.039,190.43
Udine,149,21/07/2020,1,1008,0,39,0.039,190.62
Udine,150,22/07/2020,2,1010,0,39,0.039,191
Udine,151,23/07/2020,3,1013,0,39,0.038,191.57
Udine,152,24/07/2020,1,1014,0,39,0.038,191.76
Udine,153,25/07/2020,2,1016,0,39,0.038,192.14
Udine,154,26/07/2020,0,1016,0,39,0.038,192.14
Udine,155,27/07/2020,0,1016,0,39,0.038,192.14
Udine,156,28/07/2020,0,1016,0,39,0.038,192.14
Udine,157,29/07/2020,1,1017,0,39,0.038,192.33
Udine,158,30/07/2020,8,1025,0,39,0.038,193.84
Udine,159,31/07/2020,1,1026,0,39,0.038,194.03
Udine,160,01/08/2020,1,1027,0,39,0.038,194.22
Udine,161,02/08/2020,2,1029,0,39,0.038,194.59
Udine,162,03/08/2020,0,1029,0,39,0.038,194.59
Udine,163,04/08/2020,0,1029,0,39,0.038,194.59
Udine,164,05/08/2020,7,1036,0,39,0.038,195.92
Udine,165,06/08/2020,4,1040,0,39,0.038,196.68
Udine,166,07/08/2020,3,1043,0,39,0.037,197.24
Udine,167,08/08/2020,4,1047,0,39,0.037,198
Udine,168,09/08/2020,5,1052,0,39,0.037,198.94
Udine,169,10/08/2020,0,1052,0,39,0.037,198.94
Udine,170,11/08/2020,1,1053,0,39,0.037,199.13
Udine,171,12/08/2020,6,1059,0,39,0.037,200.27
Udine,172,13/08/2020,9,1068,0,39,0.037,201.97
Udine,173,14/08/2020,1,1069,0,39,0.036,202.16
Udine,174,15/08/2020,6,1075,0,39,0.036,203.29
Udine,175,16/08/2020,4,1079,0,39,0.036,204.05
Udine,176,17/08/2020,1,1080,0,39,0.036,204.24
Udine,177,18/08/2020,6,1086,0,39,0.036,205.37
Udine,178,19/08/2020,4,1090,0,39,0.036,206.13
Udine,179,20/08/2020,12,1102,0,39,0.035,208.4
Udine,180,21/08/2020,10,1112,0,39,0.035,210.29
Udine,181,22/08/2020,14,1126,0,39,0.035,212.94
Udine,182,23/08/2020,12,1138,0,39,0.034,215.21
Udine,183,24/08/2020,2,1140,0,39,0.034,215.59
Udine,184,25/08/2020,4,1144,7,46,0.04,216.34
Udine,185,26/08/2020,13,1157,8,54,0.047,218.8
Udine,186,27/08/2020,10,1167,0,54,0.046,220.69
Udine,187,28/08/2020,4,1171,0,54,0.046,221.45
Udine,188,29/08/2020,11,1182,0,54,0.046,223.53
Udine,189,30/08/2020,6,1188,0,54,0.045,224.66
Udine,190,31/08/2020,2,1190,0,54,0.045,225.04
Udine,191,01/09/2020,0,1190,0,54,0.045,225.04
Udine,192,02/09/2020,13,1203,0,54,0.045,227.5
Udine,193,03/09/2020,13,1216,0,54,0.044,229.96
Udine,194,04/09/2020,13,1229,0,54,0.044,232.42
Udine,195,05/09/2020,11,1240,0,54,0.044,234.5
Udine,196,06/09/2020,11,1251,0,54,0.043,236.58
Udine,197,07/09/2020,3,1254,0,54,0.043,237.14
Udine,198,08/09/2020,12,1266,0,54,0.043,239.41
Udine,199,09/09/2020,12,1278,0,54,0.042,241.68
Udine,200,10/09/2020,23,1301,0,54,0.042,246.03
Udine,201,11/09/2020,7,1308,0,54,0.041,247.36
Udine,202,12/09/2020,13,1321,0,54,0.041,249.82
Udine,203,13/09/2020,14,1335,0,54,0.04,252.46
Udine,204,14/09/2020,1,1336,0,54,0.04,252.65
Udine,205,15/09/2020,7,1343,0,54,0.04,253.98
Udine,206,16/09/2020,11,1354,0,54,0.04,256.06
Udine,207,17/09/2020,38,1392,0,54,0.039,263.24
Udine,208,18/09/2020,7,1399,0,54,0.039,264.57
Udine,209,19/09/2020,11,1410,0,54,0.038,266.65
Udine,210,20/09/2020,14,1424,0,54,0.038,269.29
Udine,211,21/09/2020,11,1435,0,54,0.038,271.37
Udine,212,22/09/2020,5,1440,1,55,0.038,272.32
Udine,213,23/09/2020,27,1467,0,55,0.037,277.43
Udine,214,24/09/2020,17,1484,0,55,0.037,280.64
Udine,215,25/09/2020,10,1494,0,55,0.037,282.53
Udine,216,26/09/2020,28,1522,0,55,0.036,287.83
Udine,217,27/09/2020,14,1536,0,55,0.036,290.47
Udine,218,28/09/2020,2,1538,0,55,0.036,290.85
Udine,219,29/09/2020,16,1554,0,55,0.035,293.88
Udine,220,30/09/2020,13,1567,0,55,0.035,296.34
Udine,221,01/10/2020,17,1584,0,55,0.035,299.55
Udine,222,02/10/2020,13,1597,0,55,0.034,302.01
Udine,223,03/10/2020,29,1626,0,55,0.034,307.49
Udine,224,04/10/2020,13,1639,0,55,0.034,309.95
Udine,225,05/10/2020,10,1649,0,55,0.033,311.84
Udine,226,06/10/2020,24,1673,3,58,0.035,316.38
Udine,227,07/10/2020,26,1699,0,58,0.034,321.3
Udine,228,08/10/2020,35,1734,0,58,0.033,327.92
Udine,229,09/10/2020,70,1804,0,58,0.032,341.16
Udine,230,10/10/2020,40,1844,0,58,0.031,348.72
Udine,231,11/10/2020,29,1873,0,58,0.031,354.2
Udine,232,12/10/2020,24,1897,0,58,0.031,358.74
Udine,233,13/10/2020,13,1910,0,58,0.03,361.2
Udine,234,14/10/2020,67,1977,0,58,0.029,373.87
Udine,235,15/10/2020,60,2037,0,58,0.028,385.22
Udine,236,16/10/2020,65,2102,0,58,0.028,397.51
Udine,237,17/10/2020,58,2160,0,58,0.027,408.48
Udine,238,18/10/2020,47,2207,0,58,0.026,417.37
Udine,239,19/10/2020,44,2251,0,58,0.026,425.69
Udine,240,20/10/2020,40,2291,0,58,0.025,433.25
Udine,241,21/10/2020,91,2382,0,58,0.024,450.46
Udine,242,22/10/2020,113,2495,0,58,0.023,471.83
Udine,243,23/10/2020,135,2630,0,58,0.022,497.36
Udine,244,24/10/2020,146,2776,0,58,0.021,524.97
Udine,245,25/10/2020,152,2928,0,58,0.02,553.72
Udine,246,26/10/2020,134,3062,0,58,0.019,579.06
Udine,247,27/10/2020,143,3205,0,58,0.018,606.1
Udine,248,28/10/2020,168,3373,0,58,0.017,637.87
Udine,249,29/10/2020,179,3552,0,58,0.016,671.72
Udine,250,30/10/2020,236,3788,0,58,0.015,716.35
Udine,251,31/10/2020,206,3994,0,58,0.015,755.31
Udine,252,01/11/2020,144,4138,0,58,0.014,782.54
Udine,253,02/11/2020,140,4278,3,61,0.014,809.02
Udine,254,03/11/2020,137,4415,4,65,0.015,834.92
Udine,255,04/11/2020,215,4630,3,68,0.015,875.58
Udine,256,05/11/2020,216,4846,4,72,0.015,916.43
Udine,257,06/11/2020,275,5121,3,75,0.015,968.44
Udine,258,07/11/2020,404,5525,3,78,0.014,1044.84
Udine,259,08/11/2020,281,5806,3,81,0.014,1097.98
Udine,260,09/11/2020,178,5984,3,84,0.014,1131.64
Udine,261,10/11/2020,196,6180,4,88,0.014,1168.7
Udine,262,11/11/2020,234,6414,5,93,0.014,1212.96
Udine,263,12/11/2020,316,6730,3,96,0.014,1272.71
Udine,264,13/11/2020,305,7035,3,99,0.014,1330.39
Udine,265,14/11/2020,218,7253,5,104,0.014,1371.62
Udine,266,15/11/2020,341,7594,4,108,0.014,1436.11
Udine,267,16/11/2020,160,7754,5,113,0.015,1466.36
Udine,268,17/11/2020,362,8116,11,124,0.015,1534.82
Udine,269,18/11/2020,336,8452,9,133,0.016,1598.36
Udine,270,19/11/2020,554,9006,11,144,0.016,1703.13
Udine,271,20/11/2020,469,9475,12,156,0.016,1791.82
Udine,272,21/11/2020,579,10054,10,166,0.017,1901.32
Udine,273,22/11/2020,371,10425,9,175,0.017,1971.48
Udine,274,23/11/2020,189,10614,11,186,0.018,2007.22
Udine,275,24/11/2020,337,10951,12,198,0.018,2070.95
Udine,276,25/11/2020,351,11302,12,210,0.019,2137.33
Udine,277,26/11/2020,437,11739,18,228,0.019,2219.97
Udine,278,27/11/2020,372,12111,18,246,0.02,2290.32
Udine,279,28/11/2020,695,12806,12,258,0.02,2421.75
Udine,280,29/11/2020,368,13174,18,276,0.021,2491.34
Udine,281,30/11/2020,344,13518,13,289,0.021,2556.4
Udine,282,01/12/2020,357,13875,16,305,0.022,2623.91
Udine,283,02/12/2020,328,14203,16,321,0.023,2685.94
Udine,284,03/12/2020,234,14437,20,341,0.024,2730.19
Udine,285,04/12/2020,375,14812,14,355,0.024,2801.11
Udine,286,05/12/2020,383,15195,17,372,0.024,2873.54
Udine,287,06/12/2020,409,15604,15,387,0.025,2950.88
Udine,288,07/12/2020,144,15748,8,395,0.025,2978.11
Udine,289,08/12/2020,400,16148,14,409,0.025,3053.76
Udine,290,09/12/2020,241,16389,18,427,0.026,3099.33
Udine,291,10/12/2020,315,16704,18,445,0.027,3158.9
Udine,292,11/12/2020,292,16996,15,460,0.027,3214.12
Udine,293,12/12/2020,416,17412,18,478,0.027,3292.79
Udine,294,13/12/2020,264,17676,20,498,0.028,3342.72
Udine,295,14/12/2020,227,17903,19,517,0.029,3385.65
Udine,296,15/12/2020,464,18367,21,538,0.029,3473.39
Udine,297,16/12/2020,371,18738,22,560,0.03,3543.56
Udine,298,17/12/2020,336,19074,20,580,0.03,3607.1
Udine,299,18/12/2020,372,19446,15,595,0.031,3677.45
Udine,300,19/12/2020,366,19812,14,609,0.031,3746.66
Udine,301,20/12/2020,398,20210,13,622,0.031,3821.93
Udine,302,21/12/2020,63,20273,9,631,0.031,3833.84
Udine,303,22/12/2020,232,20505,23,654,0.032,3877.71
Udine,304,23/12/2020,-8,20497,15,669,0.033,3876.2
Udine,305,24/12/2020,267,20764,6,675,0.033,3926.69
Udine,306,25/12/2020,256,21020,11,686,0.033,3975.11
Udine,307,26/12/2020,51,21071,9,695,0.033,3984.75
Udine,308,27/12/2020,60,21131,11,706,0.033,3996.1
Udine,309,28/12/2020,57,21188,10,716,0.034,4006.88
Udine,310,29/12/2020,263,21451,9,725,0.034,4056.61
Udine,311,30/12/2020,360,21811,10,735,0.034,4124.69
Udine,312,31/12/2020,227,22038,9,744,0.034,4167.62
Udine,313,01/01/2021,341,22379,10,754,0.034,4232.11
Udine,314,02/01/2021,116,22495,10,764,0.034,4254.04
Udine,315,03/01/2021,73,22568,15,779,0.035,4267.85
Udine,316,04/01/2021,113,22681,20,799,0.035,4289.22
Udine,317,05/01/2021,259,22940,20,819,0.036,4338.2
Udine,318,06/01/2021,229,23169,16,835,0.036,4381.5
Udine,319,07/01/2021,449,23618,11,846,0.036,4466.41
Udine,320,08/01/2021,215,23833,16,862,0.036,4507.07
Udine,321,09/01/2021,498,24331,5,867,0.036,4601.25
Udine,322,10/01/2021,339,24670,12,879,0.036,4665.36
Udine,323,11/01/2021,197,24867,15,894,0.036,4702.61
Udine,324,12/01/2021,252,25119,11,905,0.036,4750.27
Udine,325,13/01/2021,250,25369,18,923,0.036,4797.55
Udine,326,14/01/2021,330,25699,15,938,0.036,4859.95
Udine,327,15/01/2021,414,26113,14,952,0.036,4938.25
Udine,328,16/01/2021,417,26530,12,964,0.036,5017.11
Udine,329,17/01/2021,166,26696,13,977,0.037,5048.5
Udine,330,18/01/2021,63,26759,0,977,0.037,5060.41
