Province,Day,Date,New_cases,Curr_pos_cases,Deaths,Tot_deaths,Lethality_rate,Cumul_rates
Arezzo,1,24/02/2020,0,0,0,0,0,0
Arezzo,2,25/02/2020,0,0,0,0,0,0
Arezzo,3,26/02/2020,0,0,0,0,0,0
Arezzo,4,27/02/2020,0,0,0,0,0,0
Arezzo,5,28/02/2020,0,0,0,0,0,0
Arezzo,6,29/02/2020,0,0,0,0,0,0
Arezzo,7,01/03/2020,0,0,0,0,0,0
Arezzo,8,02/03/2020,1,1,0,0,0,0.29
Arezzo,9,03/03/2020,1,2,0,0,0,0.58
Arezzo,10,04/03/2020,0,2,0,0,0,0.58
Arezzo,11,05/03/2020,3,5,0,0,0,1.46
Arezzo,12,06/03/2020,2,7,0,0,0,2.04
Arezzo,13,07/03/2020,1,8,0,0,0,2.33
Arezzo,14,08/03/2020,1,9,0,0,0,2.63
Arezzo,15,09/03/2020,3,12,0,0,0,3.5
Arezzo,16,10/03/2020,1,13,0,0,0,3.79
Arezzo,17,11/03/2020,1,14,0,0,0,4.09
Arezzo,18,12/03/2020,0,14,0,0,0,4.09
Arezzo,19,13/03/2020,2,16,0,0,0,4.67
Arezzo,20,14/03/2020,11,27,0,0,0,7.88
Arezzo,21,15/03/2020,14,41,0,0,0,11.97
Arezzo,22,16/03/2020,2,43,0,0,0,12.55
Arezzo,23,17/03/2020,28,71,0,0,0,20.72
Arezzo,24,18/03/2020,71,142,0,0,0,41.44
Arezzo,25,19/03/2020,-29,113,0,0,0,32.98
Arezzo,26,20/03/2020,11,124,0,0,0,36.19
Arezzo,27,21/03/2020,12,136,0,0,0,39.69
Arezzo,28,22/03/2020,18,154,1,1,0.006,44.94
Arezzo,29,23/03/2020,47,201,0,1,0.005,58.66
Arezzo,30,24/03/2020,10,211,1,2,0.009,61.58
Arezzo,31,25/03/2020,18,229,0,2,0.009,66.83
Arezzo,32,26/03/2020,20,249,1,3,0.012,72.67
Arezzo,33,27/03/2020,0,249,2,5,0.02,72.67
Arezzo,34,28/03/2020,23,272,0,5,0.018,79.38
Arezzo,35,29/03/2020,12,284,0,5,0.018,82.88
Arezzo,36,30/03/2020,26,310,0,5,0.016,90.47
Arezzo,37,31/03/2020,22,332,1,6,0.018,96.89
Arezzo,38,01/04/2020,11,343,1,7,0.02,100.1
Arezzo,39,02/04/2020,14,357,0,7,0.02,104.19
Arezzo,40,03/04/2020,1,358,1,8,0.022,104.48
Arezzo,41,04/04/2020,12,370,1,9,0.024,107.98
Arezzo,42,05/04/2020,8,378,0,9,0.024,110.32
Arezzo,43,06/04/2020,9,387,0,9,0.023,112.94
Arezzo,44,07/04/2020,9,396,1,10,0.025,115.57
Arezzo,45,08/04/2020,2,398,0,10,0.025,116.15
Arezzo,46,09/04/2020,1,399,1,11,0.028,116.44
Arezzo,47,10/04/2020,4,403,2,13,0.032,117.61
Arezzo,48,11/04/2020,14,417,0,13,0.031,121.7
Arezzo,49,12/04/2020,12,429,0,13,0.03,125.2
Arezzo,50,13/04/2020,24,453,2,15,0.033,132.2
Arezzo,51,14/04/2020,34,487,0,15,0.031,142.13
Arezzo,52,15/04/2020,35,522,3,18,0.034,152.34
Arezzo,53,16/04/2020,8,530,2,20,0.038,154.67
Arezzo,54,17/04/2020,11,541,2,22,0.041,157.89
Arezzo,55,18/04/2020,7,548,0,22,0.04,159.93
Arezzo,56,19/04/2020,10,558,0,22,0.039,162.85
Arezzo,57,20/04/2020,9,567,1,23,0.041,165.47
Arezzo,58,21/04/2020,13,580,2,25,0.043,169.27
Arezzo,59,22/04/2020,7,587,0,25,0.043,171.31
Arezzo,60,23/04/2020,10,597,2,27,0.045,174.23
Arezzo,61,24/04/2020,9,606,0,27,0.045,176.85
Arezzo,62,25/04/2020,4,610,0,27,0.044,178.02
Arezzo,63,26/04/2020,7,617,2,29,0.047,180.07
Arezzo,64,27/04/2020,2,619,1,30,0.048,180.65
Arezzo,65,28/04/2020,1,620,3,33,0.053,180.94
Arezzo,66,29/04/2020,1,621,4,37,0.06,181.23
Arezzo,67,30/04/2020,3,624,1,38,0.061,182.11
Arezzo,68,01/05/2020,15,639,1,39,0.061,186.49
Arezzo,69,02/05/2020,9,648,0,39,0.06,189.11
Arezzo,70,03/05/2020,0,648,0,39,0.06,189.11
Arezzo,71,04/05/2020,3,651,0,39,0.06,189.99
Arezzo,72,05/05/2020,1,652,1,40,0.061,190.28
Arezzo,73,06/05/2020,2,654,0,40,0.061,190.86
Arezzo,74,07/05/2020,1,655,1,41,0.063,191.15
Arezzo,75,08/05/2020,5,660,1,42,0.064,192.61
Arezzo,76,09/05/2020,0,660,2,44,0.067,192.61
Arezzo,77,10/05/2020,2,662,0,44,0.066,193.2
Arezzo,78,11/05/2020,3,665,0,44,0.066,194.07
Arezzo,79,12/05/2020,0,665,0,44,0.066,194.07
Arezzo,80,13/05/2020,2,667,0,44,0.066,194.66
Arezzo,81,14/05/2020,1,668,0,44,0.066,194.95
Arezzo,82,15/05/2020,1,669,1,45,0.067,195.24
Arezzo,83,16/05/2020,0,669,0,45,0.067,195.24
Arezzo,84,17/05/2020,2,671,0,45,0.067,195.82
Arezzo,85,18/05/2020,3,674,0,45,0.067,196.7
Arezzo,86,19/05/2020,0,674,0,45,0.067,196.7
Arezzo,87,20/05/2020,1,675,0,45,0.067,196.99
Arezzo,88,21/05/2020,0,675,0,45,0.067,196.99
Arezzo,89,22/05/2020,1,676,0,45,0.067,197.28
Arezzo,90,23/05/2020,0,676,0,45,0.067,197.28
Arezzo,91,24/05/2020,0,676,0,45,0.067,197.28
Arezzo,92,25/05/2020,0,676,0,45,0.067,197.28
Arezzo,93,26/05/2020,0,676,0,45,0.067,197.28
Arezzo,94,27/05/2020,0,676,0,45,0.067,197.28
Arezzo,95,28/05/2020,0,676,0,45,0.067,197.28
Arezzo,96,29/05/2020,0,676,0,45,0.067,197.28
Arezzo,97,30/05/2020,0,676,1,46,0.068,197.28
Arezzo,98,31/05/2020,0,676,0,46,0.068,197.28
Arezzo,99,01/06/2020,1,677,0,46,0.068,197.58
Arezzo,100,02/06/2020,0,677,0,46,0.068,197.58
Arezzo,101,03/06/2020,0,677,0,46,0.068,197.58
Arezzo,102,04/06/2020,0,677,0,46,0.068,197.58
Arezzo,103,05/06/2020,0,677,0,46,0.068,197.58
Arezzo,104,06/06/2020,0,677,0,46,0.068,197.58
Arezzo,105,07/06/2020,0,677,0,46,0.068,197.58
Arezzo,106,08/06/2020,1,678,0,46,0.068,197.87
Arezzo,107,09/06/2020,0,678,0,46,0.068,197.87
Arezzo,108,10/06/2020,0,678,0,46,0.068,197.87
Arezzo,109,11/06/2020,0,678,0,46,0.068,197.87
Arezzo,110,12/06/2020,1,679,0,46,0.068,198.16
Arezzo,111,13/06/2020,0,679,0,46,0.068,198.16
Arezzo,112,14/06/2020,0,679,0,46,0.068,198.16
Arezzo,113,15/06/2020,4,683,0,46,0.067,199.33
Arezzo,114,16/06/2020,3,686,0,46,0.067,200.2
Arezzo,115,17/06/2020,0,686,0,46,0.067,200.2
Arezzo,116,18/06/2020,0,686,0,46,0.067,200.2
Arezzo,117,19/06/2020,2,688,0,46,0.067,200.79
Arezzo,118,20/06/2020,0,688,0,46,0.067,200.79
Arezzo,119,21/06/2020,2,690,0,46,0.067,201.37
Arezzo,120,22/06/2020,1,691,0,46,0.067,201.66
Arezzo,121,23/06/2020,0,691,0,46,0.067,201.66
Arezzo,122,24/06/2020,-21,670,0,46,0.069,195.53
Arezzo,123,25/06/2020,0,670,0,46,0.069,195.53
Arezzo,124,26/06/2020,1,671,0,46,0.069,195.82
Arezzo,125,27/06/2020,2,673,0,46,0.068,196.41
Arezzo,126,28/06/2020,3,676,0,46,0.068,197.28
Arezzo,127,29/06/2020,0,676,1,47,0.07,197.28
Arezzo,128,30/06/2020,0,676,0,47,0.07,197.28
Arezzo,129,01/07/2020,0,676,0,47,0.07,197.28
Arezzo,130,02/07/2020,1,677,0,47,0.069,197.58
Arezzo,131,03/07/2020,0,677,0,47,0.069,197.58
Arezzo,132,04/07/2020,3,680,1,48,0.071,198.45
Arezzo,133,05/07/2020,0,680,0,48,0.071,198.45
Arezzo,134,06/07/2020,0,680,0,48,0.071,198.45
Arezzo,135,07/07/2020,1,681,0,48,0.07,198.74
Arezzo,136,08/07/2020,0,681,0,48,0.07,198.74
Arezzo,137,09/07/2020,0,681,1,49,0.072,198.74
Arezzo,138,10/07/2020,0,681,0,49,0.072,198.74
Arezzo,139,11/07/2020,1,682,0,49,0.072,199.03
Arezzo,140,12/07/2020,0,682,0,49,0.072,199.03
Arezzo,141,13/07/2020,0,682,0,49,0.072,199.03
Arezzo,142,14/07/2020,0,682,0,49,0.072,199.03
Arezzo,143,15/07/2020,0,682,0,49,0.072,199.03
Arezzo,144,16/07/2020,1,683,0,49,0.072,199.33
Arezzo,145,17/07/2020,1,684,1,50,0.073,199.62
Arezzo,146,18/07/2020,0,684,0,50,0.073,199.62
Arezzo,147,19/07/2020,5,689,0,50,0.073,201.08
Arezzo,148,20/07/2020,0,689,0,50,0.073,201.08
Arezzo,149,21/07/2020,1,690,0,50,0.072,201.37
Arezzo,150,22/07/2020,0,690,0,50,0.072,201.37
Arezzo,151,23/07/2020,0,690,0,50,0.072,201.37
Arezzo,152,24/07/2020,0,690,0,50,0.072,201.37
Arezzo,153,25/07/2020,1,691,0,50,0.072,201.66
Arezzo,154,26/07/2020,0,691,0,50,0.072,201.66
Arezzo,155,27/07/2020,2,693,0,50,0.072,202.24
Arezzo,156,28/07/2020,0,693,0,50,0.072,202.24
Arezzo,157,29/07/2020,0,693,0,50,0.072,202.24
Arezzo,158,30/07/2020,0,693,0,50,0.072,202.24
Arezzo,159,31/07/2020,0,693,0,50,0.072,202.24
Arezzo,160,01/08/2020,0,693,0,50,0.072,202.24
Arezzo,161,02/08/2020,0,693,0,50,0.072,202.24
Arezzo,162,03/08/2020,2,695,0,50,0.072,202.83
Arezzo,163,04/08/2020,0,695,0,50,0.072,202.83
Arezzo,164,05/08/2020,0,695,0,50,0.072,202.83
Arezzo,165,06/08/2020,0,695,0,50,0.072,202.83
Arezzo,166,07/08/2020,2,697,0,50,0.072,203.41
Arezzo,167,08/08/2020,6,703,0,50,0.071,205.16
Arezzo,168,09/08/2020,10,713,0,50,0.07,208.08
Arezzo,169,10/08/2020,1,714,0,50,0.07,208.37
Arezzo,170,11/08/2020,2,716,0,50,0.07,208.96
Arezzo,171,12/08/2020,13,729,0,50,0.069,212.75
Arezzo,172,13/08/2020,4,733,0,50,0.068,213.92
Arezzo,173,14/08/2020,1,734,0,50,0.068,214.21
Arezzo,174,15/08/2020,0,734,0,50,0.068,214.21
Arezzo,175,16/08/2020,1,735,0,50,0.068,214.5
Arezzo,176,17/08/2020,0,735,0,50,0.068,214.5
Arezzo,177,18/08/2020,4,739,0,50,0.068,215.67
Arezzo,178,19/08/2020,0,739,0,50,0.068,215.67
Arezzo,179,20/08/2020,5,744,0,50,0.067,217.13
Arezzo,180,21/08/2020,4,748,0,50,0.067,218.3
Arezzo,181,22/08/2020,4,752,0,50,0.066,219.46
Arezzo,182,23/08/2020,6,758,0,50,0.066,221.21
Arezzo,183,24/08/2020,4,762,0,50,0.066,222.38
Arezzo,184,25/08/2020,2,764,0,50,0.065,222.97
Arezzo,185,26/08/2020,10,774,0,50,0.065,225.88
Arezzo,186,27/08/2020,5,779,0,50,0.064,227.34
Arezzo,187,28/08/2020,15,794,0,50,0.063,231.72
Arezzo,188,29/08/2020,19,813,0,50,0.062,237.27
Arezzo,189,30/08/2020,7,820,0,50,0.061,239.31
Arezzo,190,31/08/2020,22,842,0,50,0.059,245.73
Arezzo,191,01/09/2020,4,846,0,50,0.059,246.9
Arezzo,192,02/09/2020,8,854,0,50,0.059,249.23
Arezzo,193,03/09/2020,12,866,0,50,0.058,252.73
Arezzo,194,04/09/2020,8,874,0,50,0.057,255.07
Arezzo,195,05/09/2020,7,881,0,50,0.057,257.11
Arezzo,196,06/09/2020,11,892,0,50,0.056,260.32
Arezzo,197,07/09/2020,8,900,0,50,0.056,262.66
Arezzo,198,08/09/2020,8,908,0,50,0.055,264.99
Arezzo,199,09/09/2020,19,927,0,50,0.054,270.54
Arezzo,200,10/09/2020,18,945,0,50,0.053,275.79
Arezzo,201,11/09/2020,22,967,0,50,0.052,282.21
Arezzo,202,12/09/2020,19,986,0,50,0.051,287.75
Arezzo,203,13/09/2020,10,996,0,50,0.05,290.67
Arezzo,204,14/09/2020,26,1022,0,50,0.049,298.26
Arezzo,205,15/09/2020,3,1025,0,50,0.049,299.14
Arezzo,206,16/09/2020,9,1034,0,50,0.048,301.76
Arezzo,207,17/09/2020,13,1047,1,51,0.049,305.56
Arezzo,208,18/09/2020,10,1057,0,51,0.048,308.47
Arezzo,209,19/09/2020,7,1064,0,51,0.048,310.52
Arezzo,210,20/09/2020,10,1074,0,51,0.047,313.44
Arezzo,211,21/09/2020,6,1080,0,51,0.047,315.19
Arezzo,212,22/09/2020,5,1085,0,51,0.047,316.65
Arezzo,213,23/09/2020,10,1095,0,51,0.047,319.56
Arezzo,214,24/09/2020,11,1106,0,51,0.046,322.77
Arezzo,215,25/09/2020,20,1126,0,51,0.045,328.61
Arezzo,216,26/09/2020,10,1136,0,51,0.045,331.53
Arezzo,217,27/09/2020,11,1147,0,51,0.044,334.74
Arezzo,218,28/09/2020,10,1157,1,52,0.045,337.66
Arezzo,219,29/09/2020,13,1170,0,52,0.044,341.45
Arezzo,220,30/09/2020,0,1170,0,52,0.044,341.45
Arezzo,221,01/10/2020,11,1181,1,53,0.045,344.66
Arezzo,222,02/10/2020,5,1186,0,53,0.045,346.12
Arezzo,223,03/10/2020,10,1196,0,53,0.044,349.04
Arezzo,224,04/10/2020,23,1219,0,53,0.043,355.75
Arezzo,225,05/10/2020,15,1234,0,53,0.043,360.13
Arezzo,226,06/10/2020,44,1278,0,53,0.041,372.97
Arezzo,227,07/10/2020,57,1335,0,53,0.04,389.61
Arezzo,228,08/10/2020,26,1361,0,53,0.039,397.19
Arezzo,229,09/10/2020,62,1423,0,53,0.037,415.29
Arezzo,230,10/10/2020,39,1462,0,53,0.036,426.67
Arezzo,231,11/10/2020,78,1540,0,53,0.034,449.43
Arezzo,232,12/10/2020,78,1618,0,53,0.033,472.2
Arezzo,233,13/10/2020,102,1720,1,54,0.031,501.96
Arezzo,234,14/10/2020,77,1797,0,54,0.03,524.44
Arezzo,235,15/10/2020,75,1872,0,54,0.029,546.32
Arezzo,236,16/10/2020,80,1952,0,54,0.028,569.67
Arezzo,237,17/10/2020,91,2043,1,55,0.027,596.23
Arezzo,238,18/10/2020,84,2127,0,55,0.026,620.74
Arezzo,239,19/10/2020,88,2215,2,57,0.026,646.42
Arezzo,240,20/10/2020,88,2303,0,57,0.025,672.11
Arezzo,241,21/10/2020,140,2443,0,57,0.023,712.96
Arezzo,242,22/10/2020,120,2563,1,58,0.023,747.98
Arezzo,243,23/10/2020,49,2612,0,58,0.022,762.28
Arezzo,244,24/10/2020,110,2722,0,58,0.021,794.39
Arezzo,245,25/10/2020,108,2830,1,59,0.021,825.91
Arezzo,246,26/10/2020,222,3052,1,60,0.02,890.69
Arezzo,247,27/10/2020,223,3275,1,61,0.019,955.77
Arezzo,248,28/10/2020,95,3370,1,62,0.018,983.5
Arezzo,249,29/10/2020,223,3593,2,64,0.018,1048.58
Arezzo,250,30/10/2020,302,3895,0,64,0.016,1136.72
Arezzo,251,31/10/2020,266,4161,2,66,0.016,1214.34
Arezzo,252,01/11/2020,226,4387,6,72,0.016,1280.3
Arezzo,253,02/11/2020,319,4706,0,72,0.015,1373.4
Arezzo,254,03/11/2020,259,4965,3,75,0.015,1448.98
Arezzo,255,04/11/2020,282,5247,2,77,0.015,1531.28
Arezzo,256,05/11/2020,222,5469,2,79,0.014,1596.07
Arezzo,257,06/11/2020,199,5668,1,80,0.014,1654.15
Arezzo,258,07/11/2020,225,5893,2,82,0.014,1719.81
Arezzo,259,08/11/2020,252,6145,2,84,0.014,1793.35
Arezzo,260,09/11/2020,245,6390,2,86,0.013,1864.85
Arezzo,261,10/11/2020,232,6622,4,90,0.014,1932.56
Arezzo,262,11/11/2020,210,6832,5,95,0.014,1993.85
Arezzo,263,12/11/2020,145,6977,1,96,0.014,2036.16
Arezzo,264,13/11/2020,198,7175,2,98,0.014,2093.95
Arezzo,265,14/11/2020,293,7468,0,98,0.013,2179.46
Arezzo,266,15/11/2020,259,7727,2,100,0.013,2255.04
Arezzo,267,16/11/2020,228,7955,0,100,0.013,2321.58
Arezzo,268,17/11/2020,92,8047,0,100,0.012,2348.43
Arezzo,269,18/11/2020,124,8171,2,102,0.012,2384.62
Arezzo,270,19/11/2020,189,8360,4,106,0.013,2439.78
Arezzo,271,20/11/2020,154,8514,4,110,0.013,2484.72
Arezzo,272,21/11/2020,142,8656,3,113,0.013,2526.16
Arezzo,273,22/11/2020,152,8808,3,116,0.013,2570.52
Arezzo,274,23/11/2020,117,8925,0,116,0.013,2604.67
Arezzo,275,24/11/2020,75,9000,0,116,0.013,2626.56
Arezzo,276,25/11/2020,78,9078,8,124,0.014,2649.32
Arezzo,277,26/11/2020,123,9201,0,124,0.013,2685.22
Arezzo,278,27/11/2020,78,9279,1,125,0.013,2707.98
Arezzo,279,28/11/2020,83,9362,2,127,0.014,2732.2
Arezzo,280,29/11/2020,62,9424,1,128,0.014,2750.3
Arezzo,281,30/11/2020,68,9492,1,129,0.014,2770.14
Arezzo,282,01/12/2020,39,9531,1,130,0.014,2781.52
Arezzo,283,02/12/2020,38,9569,2,132,0.014,2792.61
Arezzo,284,03/12/2020,69,9638,0,132,0.014,2812.75
Arezzo,285,04/12/2020,31,9669,2,134,0.014,2821.8
Arezzo,286,05/12/2020,46,9715,2,136,0.014,2835.22
Arezzo,287,06/12/2020,61,9776,3,139,0.014,2853.02
Arezzo,288,07/12/2020,24,9800,0,139,0.014,2860.03
Arezzo,289,08/12/2020,26,9826,0,139,0.014,2867.62
Arezzo,290,09/12/2020,26,9852,2,141,0.014,2875.2
Arezzo,291,10/12/2020,25,9877,19,160,0.016,2882.5
Arezzo,292,11/12/2020,32,9909,11,171,0.017,2891.84
Arezzo,293,12/12/2020,69,9978,2,173,0.017,2911.98
Arezzo,294,13/12/2020,35,10013,6,179,0.018,2922.19
Arezzo,295,14/12/2020,36,10049,5,184,0.018,2932.7
Arezzo,296,15/12/2020,26,10075,4,188,0.019,2940.28
Arezzo,297,16/12/2020,41,10116,10,198,0.02,2952.25
Arezzo,298,17/12/2020,56,10172,1,199,0.02,2968.59
Arezzo,299,18/12/2020,16,10188,4,203,0.02,2973.26
Arezzo,300,19/12/2020,23,10211,2,205,0.02,2979.97
Arezzo,301,20/12/2020,23,10234,0,205,0.02,2986.69
Arezzo,302,21/12/2020,33,10267,5,210,0.02,2996.32
Arezzo,303,22/12/2020,19,10286,1,211,0.021,3001.86
Arezzo,304,23/12/2020,46,10332,0,211,0.02,3015.29
Arezzo,305,24/12/2020,44,10376,1,212,0.02,3028.13
Arezzo,306,25/12/2020,32,10408,0,212,0.02,3037.47
Arezzo,307,26/12/2020,20,10428,1,213,0.02,3043.3
Arezzo,308,27/12/2020,31,10459,1,214,0.02,3052.35
Arezzo,309,28/12/2020,15,10474,2,216,0.021,3056.73
Arezzo,310,29/12/2020,32,10506,0,216,0.021,3066.07
Arezzo,311,30/12/2020,56,10562,0,216,0.02,3082.41
Arezzo,312,31/12/2020,59,10621,0,216,0.02,3099.63
Arezzo,313,01/01/2021,53,10674,3,219,0.021,3115.1
Arezzo,314,02/01/2021,54,10728,0,219,0.02,3130.86
Arezzo,315,03/01/2021,25,10753,0,219,0.02,3138.15
Arezzo,316,04/01/2021,26,10779,1,220,0.02,3145.74
Arezzo,317,05/01/2021,61,10840,2,222,0.02,3163.54
Arezzo,318,06/01/2021,41,10881,0,222,0.02,3175.51
Arezzo,319,07/01/2021,86,10967,0,222,0.02,3200.6
Arezzo,320,08/01/2021,56,11023,0,222,0.02,3216.95
Arezzo,321,09/01/2021,70,11093,0,222,0.02,3237.38
Arezzo,322,10/01/2021,84,11177,1,223,0.02,3261.89
Arezzo,323,11/01/2021,32,11209,4,227,0.02,3271.23
Arezzo,324,12/01/2021,33,11242,1,228,0.02,3280.86
Arezzo,325,13/01/2021,77,11319,0,228,0.02,3303.33
Arezzo,326,14/01/2021,35,11354,1,229,0.02,3313.55
Arezzo,327,15/01/2021,42,11396,1,230,0.02,3325.8
Arezzo,328,16/01/2021,53,11449,0,230,0.02,3341.27
Arezzo,329,17/01/2021,42,11491,1,231,0.02,3353.53
Arezzo,330,18/01/2021,29,11520,0,231,0.02,3361.99
