Province,Day,Date,New_cases,Curr_pos_cases,Deaths,Tot_deaths,Lethality_rate,Cumul_rates
Firenze,1,24/02/2020,0,0,0,0,0,0
Firenze,2,25/02/2020,1,1,0,0,0,0.1
Firenze,3,26/02/2020,1,2,0,0,0,0.2
Firenze,4,27/02/2020,-1,1,0,0,0,0.1
Firenze,5,28/02/2020,6,7,0,0,0,0.69
Firenze,6,29/02/2020,-2,5,0,0,0,0.49
Firenze,7,01/03/2020,0,5,0,0,0,0.49
Firenze,8,02/03/2020,-1,4,0,0,0,0.4
Firenze,9,03/03/2020,3,7,0,0,0,0.69
Firenze,10,04/03/2020,5,12,0,0,0,1.19
Firenze,11,05/03/2020,8,20,0,0,0,1.98
Firenze,12,06/03/2020,3,23,0,0,0,2.27
Firenze,13,07/03/2020,4,27,0,0,0,2.67
Firenze,14,08/03/2020,12,39,0,0,0,3.86
Firenze,15,09/03/2020,12,51,0,0,0,5.04
Firenze,16,10/03/2020,10,61,0,0,0,6.03
Firenze,17,11/03/2020,10,71,0,0,0,7.02
Firenze,18,12/03/2020,15,86,0,0,0,8.5
Firenze,19,13/03/2020,15,101,0,0,0,9.99
Firenze,20,14/03/2020,31,132,0,0,0,13.05
Firenze,21,15/03/2020,30,162,0,0,0,16.02
Firenze,22,16/03/2020,24,186,1,1,0.005,18.39
Firenze,23,17/03/2020,28,214,0,1,0.005,21.16
Firenze,24,18/03/2020,81,295,0,1,0.003,29.17
Firenze,25,19/03/2020,54,349,3,4,0.011,34.51
Firenze,26,20/03/2020,52,401,0,4,0.01,39.65
Firenze,27,21/03/2020,50,451,2,6,0.013,44.59
Firenze,28,22/03/2020,63,514,5,11,0.021,50.82
Firenze,29,23/03/2020,34,548,1,12,0.022,54.19
Firenze,30,24/03/2020,74,622,3,15,0.024,61.5
Firenze,31,25/03/2020,87,709,4,19,0.027,70.1
Firenze,32,26/03/2020,55,764,5,24,0.031,75.54
Firenze,33,27/03/2020,0,764,0,24,0.031,75.54
Firenze,34,28/03/2020,91,855,1,25,0.029,84.54
Firenze,35,29/03/2020,102,957,1,26,0.027,94.63
Firenze,36,30/03/2020,65,1022,6,32,0.031,101.05
Firenze,37,31/03/2020,65,1087,4,36,0.033,107.48
Firenze,38,01/04/2020,71,1158,3,39,0.034,114.5
Firenze,39,02/04/2020,261,1419,3,42,0.03,140.31
Firenze,40,03/04/2020,124,1543,3,45,0.029,152.57
Firenze,41,04/04/2020,83,1626,4,49,0.03,160.78
Firenze,42,05/04/2020,89,1715,2,51,0.03,169.58
Firenze,43,06/04/2020,54,1769,13,64,0.036,174.91
Firenze,44,07/04/2020,36,1805,9,73,0.04,178.47
Firenze,45,08/04/2020,66,1871,10,83,0.044,185
Firenze,46,09/04/2020,90,1961,8,91,0.046,193.9
Firenze,47,10/04/2020,108,2069,22,113,0.055,204.58
Firenze,48,11/04/2020,85,2154,4,117,0.054,212.98
Firenze,49,12/04/2020,105,2259,9,126,0.056,223.37
Firenze,50,13/04/2020,10,2269,5,131,0.058,224.35
Firenze,51,14/04/2020,42,2311,12,143,0.062,228.51
Firenze,52,15/04/2020,61,2372,5,148,0.062,234.54
Firenze,53,16/04/2020,71,2443,7,155,0.063,241.56
Firenze,54,17/04/2020,51,2494,3,158,0.063,246.6
Firenze,55,18/04/2020,69,2563,5,163,0.064,253.42
Firenze,56,19/04/2020,46,2609,10,173,0.066,257.97
Firenze,57,20/04/2020,44,2653,13,186,0.07,262.32
Firenze,58,21/04/2020,51,2704,7,193,0.071,267.37
Firenze,59,22/04/2020,56,2760,9,202,0.073,272.9
Firenze,60,23/04/2020,35,2795,16,218,0.078,276.36
Firenze,61,24/04/2020,54,2849,10,228,0.08,281.7
Firenze,62,25/04/2020,75,2924,11,239,0.082,289.12
Firenze,63,26/04/2020,79,3003,11,250,0.083,296.93
Firenze,64,27/04/2020,8,3011,8,258,0.086,297.72
Firenze,65,28/04/2020,28,3039,9,267,0.088,300.49
Firenze,66,29/04/2020,40,3079,9,276,0.09,304.44
Firenze,67,30/04/2020,41,3120,11,287,0.092,308.5
Firenze,68,01/05/2020,36,3156,5,292,0.093,312.06
Firenze,69,02/05/2020,37,3193,5,297,0.093,315.72
Firenze,70,03/05/2020,17,3210,6,303,0.094,317.4
Firenze,71,04/05/2020,14,3224,3,306,0.095,318.78
Firenze,72,05/05/2020,18,3242,3,309,0.095,320.56
Firenze,73,06/05/2020,15,3257,5,314,0.096,322.05
Firenze,74,07/05/2020,18,3275,5,319,0.097,323.82
Firenze,75,08/05/2020,21,3296,11,330,0.1,325.9
Firenze,76,09/05/2020,9,3305,4,334,0.101,326.79
Firenze,77,10/05/2020,11,3316,2,336,0.101,327.88
Firenze,78,11/05/2020,6,3322,6,342,0.103,328.47
Firenze,79,12/05/2020,11,3333,3,345,0.104,329.56
Firenze,80,13/05/2020,7,3340,2,347,0.104,330.25
Firenze,81,14/05/2020,13,3353,3,350,0.104,331.54
Firenze,82,15/05/2020,18,3371,1,351,0.104,333.32
Firenze,83,16/05/2020,14,3385,0,351,0.104,334.7
Firenze,84,17/05/2020,18,3403,1,352,0.103,336.48
Firenze,85,18/05/2020,3,3406,3,355,0.104,336.78
Firenze,86,19/05/2020,5,3411,2,357,0.105,337.27
Firenze,87,20/05/2020,2,3413,3,360,0.105,337.47
Firenze,88,21/05/2020,7,3420,2,362,0.106,338.16
Firenze,89,22/05/2020,16,3436,4,366,0.107,339.74
Firenze,90,23/05/2020,9,3445,1,367,0.107,340.63
Firenze,91,24/05/2020,6,3451,2,369,0.107,341.23
Firenze,92,25/05/2020,0,3451,1,370,0.107,341.23
Firenze,93,26/05/2020,1,3452,3,373,0.108,341.33
Firenze,94,27/05/2020,4,3456,5,378,0.109,341.72
Firenze,95,28/05/2020,1,3457,1,379,0.11,341.82
Firenze,96,29/05/2020,1,3458,1,380,0.11,341.92
Firenze,97,30/05/2020,6,3464,2,382,0.11,342.51
Firenze,98,31/05/2020,3,3467,2,384,0.111,342.81
Firenze,99,01/06/2020,1,3468,2,386,0.111,342.91
Firenze,100,02/06/2020,3,3471,1,387,0.111,343.2
Firenze,101,03/06/2020,2,3473,0,387,0.111,343.4
Firenze,102,04/06/2020,0,3473,1,388,0.112,343.4
Firenze,103,05/06/2020,5,3478,1,389,0.112,343.9
Firenze,104,06/06/2020,4,3482,0,389,0.112,344.29
Firenze,105,07/06/2020,1,3483,1,390,0.112,344.39
Firenze,106,08/06/2020,2,3485,2,392,0.112,344.59
Firenze,107,09/06/2020,1,3486,2,394,0.113,344.69
Firenze,108,10/06/2020,1,3487,0,394,0.113,344.79
Firenze,109,11/06/2020,5,3492,0,394,0.113,345.28
Firenze,110,12/06/2020,5,3497,1,395,0.113,345.78
Firenze,111,13/06/2020,7,3504,0,395,0.113,346.47
Firenze,112,14/06/2020,6,3510,1,396,0.113,347.06
Firenze,113,15/06/2020,3,3513,1,397,0.113,347.36
Firenze,114,16/06/2020,0,3513,3,400,0.114,347.36
Firenze,115,17/06/2020,0,3513,0,400,0.114,347.36
Firenze,116,18/06/2020,1,3514,1,401,0.114,347.46
Firenze,117,19/06/2020,2,3516,2,403,0.115,347.65
Firenze,118,20/06/2020,0,3516,0,403,0.115,347.65
Firenze,119,21/06/2020,1,3517,0,403,0.115,347.75
Firenze,120,22/06/2020,0,3517,2,405,0.115,347.75
Firenze,121,23/06/2020,1,3518,0,405,0.115,347.85
Firenze,122,24/06/2020,-333,3185,0,405,0.127,314.93
Firenze,123,25/06/2020,0,3185,0,405,0.127,314.93
Firenze,124,26/06/2020,0,3185,0,405,0.127,314.93
Firenze,125,27/06/2020,2,3187,0,405,0.127,315.12
Firenze,126,28/06/2020,0,3187,0,405,0.127,315.12
Firenze,127,29/06/2020,3,3190,0,405,0.127,315.42
Firenze,128,30/06/2020,2,3192,0,405,0.127,315.62
Firenze,129,01/07/2020,0,3192,0,405,0.127,315.62
Firenze,130,02/07/2020,0,3192,2,407,0.128,315.62
Firenze,131,03/07/2020,7,3199,0,407,0.127,316.31
Firenze,132,04/07/2020,1,3200,0,407,0.127,316.41
Firenze,133,05/07/2020,6,3206,0,407,0.127,317
Firenze,134,06/07/2020,0,3206,0,407,0.127,317
Firenze,135,07/07/2020,7,3213,1,408,0.127,317.69
Firenze,136,08/07/2020,5,3218,2,410,0.127,318.19
Firenze,137,09/07/2020,0,3218,0,410,0.127,318.19
Firenze,138,10/07/2020,0,3218,1,411,0.128,318.19
Firenze,139,11/07/2020,3,3221,0,411,0.128,318.49
Firenze,140,12/07/2020,1,3222,0,411,0.128,318.58
Firenze,141,13/07/2020,0,3222,0,411,0.128,318.58
Firenze,142,14/07/2020,0,3222,2,413,0.128,318.58
Firenze,143,15/07/2020,1,3223,1,414,0.128,318.68
Firenze,144,16/07/2020,2,3225,0,414,0.128,318.88
Firenze,145,17/07/2020,1,3226,0,414,0.128,318.98
Firenze,146,18/07/2020,0,3226,0,414,0.128,318.98
Firenze,147,19/07/2020,10,3236,0,414,0.128,319.97
Firenze,148,20/07/2020,0,3236,2,416,0.129,319.97
Firenze,149,21/07/2020,3,3239,0,416,0.128,320.27
Firenze,150,22/07/2020,3,3242,0,416,0.128,320.56
Firenze,151,23/07/2020,0,3242,0,416,0.128,320.56
Firenze,152,24/07/2020,4,3246,0,416,0.128,320.96
Firenze,153,25/07/2020,4,3250,0,416,0.128,321.35
Firenze,154,26/07/2020,9,3259,0,416,0.128,322.24
Firenze,155,27/07/2020,2,3261,0,416,0.128,322.44
Firenze,156,28/07/2020,2,3263,1,417,0.128,322.64
Firenze,157,29/07/2020,12,3275,0,417,0.127,323.82
Firenze,158,30/07/2020,6,3281,0,417,0.127,324.42
Firenze,159,31/07/2020,10,3291,0,417,0.127,325.41
Firenze,160,01/08/2020,3,3294,0,417,0.127,325.7
Firenze,161,02/08/2020,2,3296,0,417,0.127,325.9
Firenze,162,03/08/2020,2,3298,0,417,0.126,326.1
Firenze,163,04/08/2020,2,3300,0,417,0.126,326.3
Firenze,164,05/08/2020,1,3301,0,417,0.126,326.4
Firenze,165,06/08/2020,3,3304,0,417,0.126,326.69
Firenze,166,07/08/2020,2,3306,0,417,0.126,326.89
Firenze,167,08/08/2020,6,3312,0,417,0.126,327.48
Firenze,168,09/08/2020,4,3316,0,417,0.126,327.88
Firenze,169,10/08/2020,3,3319,0,417,0.126,328.18
Firenze,170,11/08/2020,15,3334,0,417,0.125,329.66
Firenze,171,12/08/2020,9,3343,0,417,0.125,330.55
Firenze,172,13/08/2020,10,3353,0,417,0.124,331.54
Firenze,173,14/08/2020,7,3360,0,417,0.124,332.23
Firenze,174,15/08/2020,18,3378,0,417,0.123,334.01
Firenze,175,16/08/2020,3,3381,0,417,0.123,334.31
Firenze,176,17/08/2020,2,3383,0,417,0.123,334.5
Firenze,177,18/08/2020,9,3392,0,417,0.123,335.39
Firenze,178,19/08/2020,12,3404,0,417,0.123,336.58
Firenze,179,20/08/2020,18,3422,0,417,0.122,338.36
Firenze,180,21/08/2020,15,3437,0,417,0.121,339.84
Firenze,181,22/08/2020,9,3446,0,417,0.121,340.73
Firenze,182,23/08/2020,14,3460,0,417,0.121,342.12
Firenze,183,24/08/2020,9,3469,0,417,0.12,343.01
Firenze,184,25/08/2020,7,3476,0,417,0.12,343.7
Firenze,185,26/08/2020,98,3574,0,417,0.117,353.39
Firenze,186,27/08/2020,22,3596,0,417,0.116,355.56
Firenze,187,28/08/2020,21,3617,0,417,0.115,357.64
Firenze,188,29/08/2020,18,3635,0,417,0.115,359.42
Firenze,189,30/08/2020,26,3661,0,417,0.114,361.99
Firenze,190,31/08/2020,12,3673,0,417,0.114,363.18
Firenze,191,01/09/2020,18,3691,0,417,0.113,364.96
Firenze,192,02/09/2020,17,3708,0,417,0.112,366.64
Firenze,193,03/09/2020,12,3720,1,418,0.112,367.83
Firenze,194,04/09/2020,22,3742,0,418,0.112,370
Firenze,195,05/09/2020,24,3766,0,418,0.111,372.37
Firenze,196,06/09/2020,34,3800,0,418,0.11,375.74
Firenze,197,07/09/2020,13,3813,0,418,0.11,377.02
Firenze,198,08/09/2020,20,3833,0,418,0.109,379
Firenze,199,09/09/2020,14,3847,0,418,0.109,380.38
Firenze,200,10/09/2020,16,3863,0,418,0.108,381.97
Firenze,201,11/09/2020,19,3882,0,418,0.108,383.84
Firenze,202,12/09/2020,21,3903,0,418,0.107,385.92
Firenze,203,13/09/2020,24,3927,0,418,0.106,388.29
Firenze,204,14/09/2020,2,3929,0,418,0.106,388.49
Firenze,205,15/09/2020,17,3946,0,418,0.106,390.17
Firenze,206,16/09/2020,10,3956,0,418,0.106,391.16
Firenze,207,17/09/2020,15,3971,0,418,0.105,392.64
Firenze,208,18/09/2020,18,3989,0,418,0.105,394.42
Firenze,209,19/09/2020,28,4017,0,418,0.104,397.19
Firenze,210,20/09/2020,26,4043,0,418,0.103,399.76
Firenze,211,21/09/2020,3,4046,0,418,0.103,400.06
Firenze,212,22/09/2020,32,4078,0,418,0.103,403.22
Firenze,213,23/09/2020,19,4097,0,418,0.102,405.1
Firenze,214,24/09/2020,41,4138,0,418,0.101,409.16
Firenze,215,25/09/2020,30,4168,1,419,0.101,412.12
Firenze,216,26/09/2020,42,4210,0,419,0.1,416.28
Firenze,217,27/09/2020,23,4233,0,419,0.099,418.55
Firenze,218,28/09/2020,4,4237,0,419,0.099,418.95
Firenze,219,29/09/2020,60,4297,1,420,0.098,424.88
Firenze,220,30/09/2020,0,4297,0,420,0.098,424.88
Firenze,221,01/10/2020,44,4341,0,420,0.097,429.23
Firenze,222,02/10/2020,48,4389,0,420,0.096,433.97
Firenze,223,03/10/2020,35,4424,0,420,0.095,437.44
Firenze,224,04/10/2020,37,4461,0,420,0.094,441.09
Firenze,225,05/10/2020,43,4504,1,421,0.093,445.35
Firenze,226,06/10/2020,37,4541,0,421,0.093,449
Firenze,227,07/10/2020,72,4613,1,422,0.091,456.12
Firenze,228,08/10/2020,121,4734,0,422,0.089,468.09
Firenze,229,09/10/2020,114,4848,1,423,0.087,479.36
Firenze,230,10/10/2020,150,4998,0,423,0.085,494.19
Firenze,231,11/10/2020,138,5136,0,423,0.082,507.84
Firenze,232,12/10/2020,109,5245,5,428,0.082,518.61
Firenze,233,13/10/2020,100,5345,0,428,0.08,528.5
Firenze,234,14/10/2020,196,5541,0,428,0.077,547.88
Firenze,235,15/10/2020,143,5684,1,429,0.075,562.02
Firenze,236,16/10/2020,263,5947,1,430,0.072,588.03
Firenze,237,17/10/2020,259,6206,1,431,0.069,613.64
Firenze,238,18/10/2020,314,6520,5,436,0.067,644.68
Firenze,239,19/10/2020,347,6867,4,440,0.064,678.99
Firenze,240,20/10/2020,243,7110,1,441,0.062,703.02
Firenze,241,21/10/2020,303,7413,8,449,0.061,732.98
Firenze,242,22/10/2020,277,7690,0,449,0.058,760.37
Firenze,243,23/10/2020,432,8122,3,452,0.056,803.09
Firenze,244,24/10/2020,522,8644,3,455,0.053,854.7
Firenze,245,25/10/2020,538,9182,7,462,0.05,907.9
Firenze,246,26/10/2020,679,9861,5,467,0.047,975.03
Firenze,247,27/10/2020,617,10478,1,468,0.045,1036.04
Firenze,248,28/10/2020,626,11104,1,469,0.042,1097.94
Firenze,249,29/10/2020,670,11774,1,470,0.04,1164.19
Firenze,250,30/10/2020,834,12608,2,472,0.037,1246.65
Firenze,251,31/10/2020,728,13336,11,483,0.036,1318.63
Firenze,252,01/11/2020,750,14086,5,488,0.035,1392.79
Firenze,253,02/11/2020,534,14620,13,501,0.034,1445.59
Firenze,254,03/11/2020,577,15197,7,508,0.033,1502.65
Firenze,255,04/11/2020,421,15618,24,532,0.034,1544.27
Firenze,256,05/11/2020,788,16406,4,536,0.033,1622.19
Firenze,257,06/11/2020,732,17138,17,553,0.032,1694.57
Firenze,258,07/11/2020,911,18049,13,566,0.031,1784.65
Firenze,259,08/11/2020,554,18603,8,574,0.031,1839.42
Firenze,260,09/11/2020,701,19304,15,589,0.031,1908.74
Firenze,261,10/11/2020,558,19862,18,607,0.031,1963.91
Firenze,262,11/11/2020,626,20488,16,623,0.03,2025.81
Firenze,263,12/11/2020,498,20986,14,637,0.03,2075.05
Firenze,264,13/11/2020,712,21698,22,659,0.03,2145.45
Firenze,265,14/11/2020,551,22249,11,670,0.03,2199.93
Firenze,266,15/11/2020,500,22749,17,687,0.03,2249.37
Firenze,267,16/11/2020,422,23171,21,708,0.031,2291.1
Firenze,268,17/11/2020,667,23838,22,730,0.031,2357.05
Firenze,269,18/11/2020,671,24509,31,761,0.031,2423.4
Firenze,270,19/11/2020,561,25070,15,776,0.031,2478.87
Firenze,271,20/11/2020,594,25664,12,788,0.031,2537.6
Firenze,272,21/11/2020,428,26092,12,800,0.031,2579.92
Firenze,273,22/11/2020,611,26703,17,817,0.031,2640.33
Firenze,274,23/11/2020,365,27068,14,831,0.031,2676.43
Firenze,275,24/11/2020,320,27388,16,847,0.031,2708.07
Firenze,276,25/11/2020,252,27640,25,872,0.032,2732.98
Firenze,277,26/11/2020,374,28014,32,904,0.032,2769.96
Firenze,278,27/11/2020,279,28293,25,929,0.033,2797.55
Firenze,279,28/11/2020,252,28545,7,936,0.033,2822.47
Firenze,280,29/11/2020,261,28806,15,951,0.033,2848.27
Firenze,281,30/11/2020,247,29053,13,964,0.033,2872.7
Firenze,282,01/12/2020,149,29202,5,969,0.033,2887.43
Firenze,283,02/12/2020,234,29436,21,990,0.034,2910.57
Firenze,284,03/12/2020,197,29633,10,1000,0.034,2930.05
Firenze,285,04/12/2020,273,29906,11,1011,0.034,2957.04
Firenze,286,05/12/2020,194,30100,15,1026,0.034,2976.22
Firenze,287,06/12/2020,231,30331,7,1033,0.034,2999.06
Firenze,288,07/12/2020,145,30476,10,1043,0.034,3013.4
Firenze,289,08/12/2020,99,30575,6,1049,0.034,3023.19
Firenze,290,09/12/2020,156,30731,8,1057,0.034,3038.61
Firenze,291,10/12/2020,146,30877,14,1071,0.035,3053.05
Firenze,292,11/12/2020,153,31030,13,1084,0.035,3068.18
Firenze,293,12/12/2020,147,31177,3,1087,0.035,3082.71
Firenze,294,13/12/2020,214,31391,9,1096,0.035,3103.87
Firenze,295,14/12/2020,95,31486,11,1107,0.035,3113.27
Firenze,296,15/12/2020,81,31567,8,1115,0.035,3121.28
Firenze,297,16/12/2020,119,31686,7,1122,0.035,3133.04
Firenze,298,17/12/2020,183,31869,17,1139,0.036,3151.14
Firenze,299,18/12/2020,150,32019,12,1151,0.036,3165.97
Firenze,300,19/12/2020,128,32147,7,1158,0.036,3178.63
Firenze,301,20/12/2020,138,32285,6,1164,0.036,3192.27
Firenze,302,21/12/2020,118,32403,13,1177,0.036,3203.94
Firenze,303,22/12/2020,98,32501,7,1184,0.036,3213.63
Firenze,304,23/12/2020,116,32617,11,1195,0.037,3225.1
Firenze,305,24/12/2020,193,32810,14,1209,0.037,3244.18
Firenze,306,25/12/2020,139,32949,1,1210,0.037,3257.93
Firenze,307,26/12/2020,86,33035,8,1218,0.037,3266.43
Firenze,308,27/12/2020,85,33120,0,1218,0.037,3274.83
Firenze,309,28/12/2020,53,33173,6,1224,0.037,3280.07
Firenze,310,29/12/2020,61,33234,4,1228,0.037,3286.11
Firenze,311,30/12/2020,131,33365,12,1240,0.037,3299.06
Firenze,312,31/12/2020,172,33537,0,1240,0.037,3316.07
Firenze,313,01/01/2021,184,33721,7,1247,0.037,3334.26
Firenze,314,02/01/2021,64,33785,0,1247,0.037,3340.59
Firenze,315,03/01/2021,160,33945,2,1249,0.037,3356.41
Firenze,316,04/01/2021,82,34027,4,1253,0.037,3364.52
Firenze,317,05/01/2021,93,34120,5,1258,0.037,3373.71
Firenze,318,06/01/2021,146,34266,9,1267,0.037,3388.15
Firenze,319,07/01/2021,179,34445,0,1267,0.037,3405.85
