Province,Day,Date,New_cases,Curr_pos_cases,Deaths,Tot_deaths,Lethality_rate,Cumul_rates
Grosseto,1,24/02/2020,0,0,0,0,0,0
Grosseto,2,25/02/2020,0,0,0,0,0,0
Grosseto,3,26/02/2020,0,0,0,0,0,0
Grosseto,4,27/02/2020,0,0,0,0,0,0
Grosseto,5,28/02/2020,0,0,0,0,0,0
Grosseto,6,29/02/2020,0,0,0,0,0,0
Grosseto,7,01/03/2020,0,0,0,0,0,0
Grosseto,8,02/03/2020,0,0,0,0,0,0
Grosseto,9,03/03/2020,0,0,0,0,0,0
Grosseto,10,04/03/2020,0,0,0,0,0,0
Grosseto,11,05/03/2020,2,2,0,0,0,0.9
Grosseto,12,06/03/2020,0,2,0,0,0,0.9
Grosseto,13,07/03/2020,0,2,0,0,0,0.9
Grosseto,14,08/03/2020,2,4,0,0,0,1.8
Grosseto,15,09/03/2020,2,6,0,0,0,2.71
Grosseto,16,10/03/2020,4,10,0,0,0,4.51
Grosseto,17,11/03/2020,2,12,0,0,0,5.41
Grosseto,18,12/03/2020,4,16,0,0,0,7.22
Grosseto,19,13/03/2020,0,16,0,0,0,7.22
Grosseto,20,14/03/2020,15,31,0,0,0,13.99
Grosseto,21,15/03/2020,7,38,0,0,0,17.15
Grosseto,22,16/03/2020,12,50,0,0,0,22.56
Grosseto,23,17/03/2020,10,60,0,0,0,27.07
Grosseto,24,18/03/2020,8,68,0,0,0,30.68
Grosseto,25,19/03/2020,21,89,0,0,0,40.16
Grosseto,26,20/03/2020,8,97,1,1,0.01,43.77
Grosseto,27,21/03/2020,9,106,0,1,0.009,47.83
Grosseto,28,22/03/2020,14,120,0,1,0.008,54.14
Grosseto,29,23/03/2020,8,128,0,1,0.008,57.75
Grosseto,30,24/03/2020,12,140,0,1,0.007,63.17
Grosseto,31,25/03/2020,7,147,0,1,0.007,66.33
Grosseto,32,26/03/2020,27,174,1,2,0.011,78.51
Grosseto,33,27/03/2020,0,174,0,2,0.011,78.51
Grosseto,34,28/03/2020,60,234,0,2,0.009,105.58
Grosseto,35,29/03/2020,11,245,0,2,0.008,110.55
Grosseto,36,30/03/2020,6,251,1,3,0.012,113.25
Grosseto,37,31/03/2020,6,257,0,3,0.012,115.96
Grosseto,38,01/04/2020,6,263,1,4,0.015,118.67
Grosseto,39,02/04/2020,1,264,1,5,0.019,119.12
Grosseto,40,03/04/2020,0,264,1,6,0.023,119.12
Grosseto,41,04/04/2020,9,273,0,6,0.022,123.18
Grosseto,42,05/04/2020,4,277,1,7,0.025,124.98
Grosseto,43,06/04/2020,7,284,0,7,0.025,128.14
Grosseto,44,07/04/2020,6,290,0,7,0.024,130.85
Grosseto,45,08/04/2020,0,290,0,7,0.024,130.85
Grosseto,46,09/04/2020,2,292,0,7,0.024,131.75
Grosseto,47,10/04/2020,18,310,0,7,0.023,139.87
Grosseto,48,11/04/2020,13,323,0,7,0.022,145.74
Grosseto,49,12/04/2020,4,327,0,7,0.021,147.54
Grosseto,50,13/04/2020,41,368,0,7,0.019,166.04
Grosseto,51,14/04/2020,0,368,0,7,0.019,166.04
Grosseto,52,15/04/2020,0,368,0,7,0.019,166.04
Grosseto,53,16/04/2020,0,368,0,7,0.019,166.04
Grosseto,54,17/04/2020,8,376,0,7,0.019,169.65
Grosseto,55,18/04/2020,3,379,0,7,0.018,171.01
Grosseto,56,19/04/2020,1,380,0,7,0.018,171.46
Grosseto,57,20/04/2020,3,383,0,7,0.018,172.81
Grosseto,58,21/04/2020,3,386,0,7,0.018,174.16
Grosseto,59,22/04/2020,3,389,0,7,0.018,175.52
Grosseto,60,23/04/2020,5,394,0,7,0.018,177.77
Grosseto,61,24/04/2020,3,397,0,7,0.018,179.13
Grosseto,62,25/04/2020,3,400,0,7,0.018,180.48
Grosseto,63,26/04/2020,0,400,0,7,0.018,180.48
Grosseto,64,27/04/2020,2,402,0,7,0.017,181.38
Grosseto,65,28/04/2020,2,404,0,7,0.017,182.29
Grosseto,66,29/04/2020,1,405,3,10,0.025,182.74
Grosseto,67,30/04/2020,1,406,1,11,0.027,183.19
Grosseto,68,01/05/2020,1,407,2,13,0.032,183.64
Grosseto,69,02/05/2020,0,407,3,16,0.039,183.64
Grosseto,70,03/05/2020,2,409,0,16,0.039,184.54
Grosseto,71,04/05/2020,4,413,0,16,0.039,186.35
Grosseto,72,05/05/2020,2,415,0,16,0.039,187.25
Grosseto,73,06/05/2020,1,416,0,16,0.038,187.7
Grosseto,74,07/05/2020,0,416,0,16,0.038,187.7
Grosseto,75,08/05/2020,1,417,0,16,0.038,188.15
Grosseto,76,09/05/2020,0,417,0,16,0.038,188.15
Grosseto,77,10/05/2020,4,421,0,16,0.038,189.96
Grosseto,78,11/05/2020,0,421,0,16,0.038,189.96
Grosseto,79,12/05/2020,0,421,2,18,0.043,189.96
Grosseto,80,13/05/2020,0,421,1,19,0.045,189.96
Grosseto,81,14/05/2020,0,421,0,19,0.045,189.96
Grosseto,82,15/05/2020,0,421,0,19,0.045,189.96
Grosseto,83,16/05/2020,0,421,0,19,0.045,189.96
Grosseto,84,17/05/2020,1,422,0,19,0.045,190.41
Grosseto,85,18/05/2020,0,422,0,19,0.045,190.41
Grosseto,86,19/05/2020,1,423,0,19,0.045,190.86
Grosseto,87,20/05/2020,0,423,0,19,0.045,190.86
Grosseto,88,21/05/2020,0,423,1,20,0.047,190.86
Grosseto,89,22/05/2020,0,423,0,20,0.047,190.86
Grosseto,90,23/05/2020,0,423,0,20,0.047,190.86
Grosseto,91,24/05/2020,0,423,0,20,0.047,190.86
Grosseto,92,25/05/2020,0,423,0,20,0.047,190.86
Grosseto,93,26/05/2020,1,424,1,21,0.05,191.31
Grosseto,94,27/05/2020,1,425,0,21,0.049,191.76
Grosseto,95,28/05/2020,0,425,0,21,0.049,191.76
Grosseto,96,29/05/2020,0,425,0,21,0.049,191.76
Grosseto,97,30/05/2020,0,425,0,21,0.049,191.76
Grosseto,98,31/05/2020,0,425,0,21,0.049,191.76
Grosseto,99,01/06/2020,0,425,2,23,0.054,191.76
Grosseto,100,02/06/2020,1,426,0,23,0.054,192.21
Grosseto,101,03/06/2020,0,426,0,23,0.054,192.21
Grosseto,102,04/06/2020,0,426,0,23,0.054,192.21
Grosseto,103,05/06/2020,0,426,0,23,0.054,192.21
Grosseto,104,06/06/2020,0,426,0,23,0.054,192.21
Grosseto,105,07/06/2020,0,426,0,23,0.054,192.21
Grosseto,106,08/06/2020,1,427,0,23,0.054,192.66
Grosseto,107,09/06/2020,0,427,0,23,0.054,192.66
Grosseto,108,10/06/2020,0,427,0,23,0.054,192.66
Grosseto,109,11/06/2020,2,429,0,23,0.054,193.57
Grosseto,110,12/06/2020,0,429,0,23,0.054,193.57
Grosseto,111,13/06/2020,0,429,0,23,0.054,193.57
Grosseto,112,14/06/2020,1,430,0,23,0.053,194.02
Grosseto,113,15/06/2020,0,430,0,23,0.053,194.02
Grosseto,114,16/06/2020,0,430,0,23,0.053,194.02
Grosseto,115,17/06/2020,0,430,1,24,0.056,194.02
Grosseto,116,18/06/2020,0,430,0,24,0.056,194.02
Grosseto,117,19/06/2020,0,430,0,24,0.056,194.02
Grosseto,118,20/06/2020,0,430,0,24,0.056,194.02
Grosseto,119,21/06/2020,0,430,0,24,0.056,194.02
Grosseto,120,22/06/2020,0,430,0,24,0.056,194.02
Grosseto,121,23/06/2020,0,430,0,24,0.056,194.02
Grosseto,122,24/06/2020,-36,394,0,24,0.061,177.77
Grosseto,123,25/06/2020,1,395,0,24,0.061,178.23
Grosseto,124,26/06/2020,0,395,0,24,0.061,178.23
Grosseto,125,27/06/2020,1,396,0,24,0.061,178.68
Grosseto,126,28/06/2020,0,396,0,24,0.061,178.68
Grosseto,127,29/06/2020,0,396,0,24,0.061,178.68
Grosseto,128,30/06/2020,0,396,0,24,0.061,178.68
Grosseto,129,01/07/2020,0,396,0,24,0.061,178.68
Grosseto,130,02/07/2020,0,396,0,24,0.061,178.68
Grosseto,131,03/07/2020,1,397,0,24,0.06,179.13
Grosseto,132,04/07/2020,3,400,0,24,0.06,180.48
Grosseto,133,05/07/2020,1,401,0,24,0.06,180.93
Grosseto,134,06/07/2020,0,401,0,24,0.06,180.93
Grosseto,135,07/07/2020,0,401,0,24,0.06,180.93
Grosseto,136,08/07/2020,1,402,0,24,0.06,181.38
Grosseto,137,09/07/2020,0,402,0,24,0.06,181.38
Grosseto,138,10/07/2020,0,402,0,24,0.06,181.38
Grosseto,139,11/07/2020,0,402,0,24,0.06,181.38
Grosseto,140,12/07/2020,0,402,0,24,0.06,181.38
Grosseto,141,13/07/2020,0,402,0,24,0.06,181.38
Grosseto,142,14/07/2020,2,404,0,24,0.059,182.29
Grosseto,143,15/07/2020,0,404,0,24,0.059,182.29
Grosseto,144,16/07/2020,0,404,0,24,0.059,182.29
Grosseto,145,17/07/2020,0,404,0,24,0.059,182.29
Grosseto,146,18/07/2020,1,405,0,24,0.059,182.74
Grosseto,147,19/07/2020,0,405,0,24,0.059,182.74
Grosseto,148,20/07/2020,0,405,0,24,0.059,182.74
Grosseto,149,21/07/2020,0,405,0,24,0.059,182.74
Grosseto,150,22/07/2020,0,405,0,24,0.059,182.74
Grosseto,151,23/07/2020,2,407,0,24,0.059,183.64
Grosseto,152,24/07/2020,1,408,0,24,0.059,184.09
Grosseto,153,25/07/2020,0,408,0,24,0.059,184.09
Grosseto,154,26/07/2020,0,408,0,24,0.059,184.09
Grosseto,155,27/07/2020,0,408,0,24,0.059,184.09
Grosseto,156,28/07/2020,0,408,0,24,0.059,184.09
Grosseto,157,29/07/2020,0,408,0,24,0.059,184.09
Grosseto,158,30/07/2020,0,408,0,24,0.059,184.09
Grosseto,159,31/07/2020,0,408,0,24,0.059,184.09
Grosseto,160,01/08/2020,0,408,0,24,0.059,184.09
Grosseto,161,02/08/2020,0,408,0,24,0.059,184.09
Grosseto,162,03/08/2020,0,408,0,24,0.059,184.09
Grosseto,163,04/08/2020,2,410,1,25,0.061,184.99
Grosseto,164,05/08/2020,2,412,0,25,0.061,185.9
Grosseto,165,06/08/2020,3,415,0,25,0.06,187.25
Grosseto,166,07/08/2020,3,418,0,25,0.06,188.6
Grosseto,167,08/08/2020,0,418,0,25,0.06,188.6
Grosseto,168,09/08/2020,2,420,0,25,0.06,189.51
Grosseto,169,10/08/2020,0,420,0,25,0.06,189.51
Grosseto,170,11/08/2020,0,420,0,25,0.06,189.51
Grosseto,171,12/08/2020,1,421,0,25,0.059,189.96
Grosseto,172,13/08/2020,1,422,0,25,0.059,190.41
Grosseto,173,14/08/2020,0,422,0,25,0.059,190.41
Grosseto,174,15/08/2020,2,424,0,25,0.059,191.31
Grosseto,175,16/08/2020,0,424,0,25,0.059,191.31
Grosseto,176,17/08/2020,3,427,0,25,0.059,192.66
Grosseto,177,18/08/2020,0,427,0,25,0.059,192.66
Grosseto,178,19/08/2020,2,429,0,25,0.058,193.57
Grosseto,179,20/08/2020,0,429,0,25,0.058,193.57
Grosseto,180,21/08/2020,3,432,0,25,0.058,194.92
Grosseto,181,22/08/2020,3,435,0,25,0.057,196.27
Grosseto,182,23/08/2020,6,441,0,25,0.057,198.98
Grosseto,183,24/08/2020,1,442,0,25,0.057,199.43
Grosseto,184,25/08/2020,2,444,0,25,0.056,200.33
Grosseto,185,26/08/2020,6,450,0,25,0.056,203.04
Grosseto,186,27/08/2020,11,461,0,25,0.054,208.01
Grosseto,187,28/08/2020,4,465,0,25,0.054,209.81
Grosseto,188,29/08/2020,1,466,0,25,0.054,210.26
Grosseto,189,30/08/2020,11,477,0,25,0.052,215.22
Grosseto,190,31/08/2020,8,485,0,25,0.052,218.83
Grosseto,191,01/09/2020,1,486,0,25,0.051,219.29
Grosseto,192,02/09/2020,3,489,0,25,0.051,220.64
Grosseto,193,03/09/2020,10,499,0,25,0.05,225.15
Grosseto,194,04/09/2020,10,509,0,25,0.049,229.66
Grosseto,195,05/09/2020,4,513,0,25,0.049,231.47
Grosseto,196,06/09/2020,3,516,0,25,0.048,232.82
Grosseto,197,07/09/2020,0,516,0,25,0.048,232.82
Grosseto,198,08/09/2020,1,517,0,25,0.048,233.27
Grosseto,199,09/09/2020,1,518,0,25,0.048,233.72
Grosseto,200,10/09/2020,3,521,0,25,0.048,235.08
Grosseto,201,11/09/2020,8,529,0,25,0.047,238.69
Grosseto,202,12/09/2020,1,530,0,25,0.047,239.14
Grosseto,203,13/09/2020,3,533,0,25,0.047,240.49
Grosseto,204,14/09/2020,5,538,0,25,0.046,242.75
Grosseto,205,15/09/2020,2,540,0,25,0.046,243.65
Grosseto,206,16/09/2020,6,546,0,25,0.046,246.36
Grosseto,207,17/09/2020,2,548,0,25,0.046,247.26
Grosseto,208,18/09/2020,4,552,0,25,0.045,249.06
Grosseto,209,19/09/2020,6,558,0,25,0.045,251.77
Grosseto,210,20/09/2020,8,566,0,25,0.044,255.38
Grosseto,211,21/09/2020,11,577,0,25,0.043,260.34
Grosseto,212,22/09/2020,0,577,0,25,0.043,260.34
Grosseto,213,23/09/2020,4,581,0,25,0.043,262.15
Grosseto,214,24/09/2020,6,587,0,25,0.043,264.86
Grosseto,215,25/09/2020,3,590,0,25,0.042,266.21
Grosseto,216,26/09/2020,5,595,0,25,0.042,268.47
Grosseto,217,27/09/2020,1,596,0,25,0.042,268.92
Grosseto,218,28/09/2020,0,596,0,25,0.042,268.92
Grosseto,219,29/09/2020,9,605,0,25,0.041,272.98
Grosseto,220,30/09/2020,0,605,0,25,0.041,272.98
Grosseto,221,01/10/2020,6,611,0,25,0.041,275.69
Grosseto,222,02/10/2020,3,614,0,25,0.041,277.04
Grosseto,223,03/10/2020,1,615,0,25,0.041,277.49
Grosseto,224,04/10/2020,4,619,0,25,0.04,279.3
Grosseto,225,05/10/2020,1,620,0,25,0.04,279.75
Grosseto,226,06/10/2020,9,629,0,25,0.04,283.81
Grosseto,227,07/10/2020,10,639,0,25,0.039,288.32
Grosseto,228,08/10/2020,10,649,0,25,0.039,292.83
Grosseto,229,09/10/2020,8,657,0,25,0.038,296.44
Grosseto,230,10/10/2020,11,668,0,25,0.037,301.4
Grosseto,231,11/10/2020,9,677,1,26,0.038,305.47
Grosseto,232,12/10/2020,14,691,0,26,0.038,311.78
Grosseto,233,13/10/2020,16,707,0,26,0.037,319
Grosseto,234,14/10/2020,17,724,0,26,0.036,326.67
Grosseto,235,15/10/2020,12,736,0,26,0.035,332.09
Grosseto,236,16/10/2020,9,745,0,26,0.035,336.15
Grosseto,237,17/10/2020,21,766,0,26,0.034,345.62
Grosseto,238,18/10/2020,28,794,0,26,0.033,358.26
Grosseto,239,19/10/2020,19,813,0,26,0.032,366.83
Grosseto,240,20/10/2020,33,846,0,26,0.031,381.72
Grosseto,241,21/10/2020,23,869,0,26,0.03,392.1
Grosseto,242,22/10/2020,32,901,0,26,0.029,406.54
Grosseto,243,23/10/2020,34,935,0,26,0.028,421.88
Grosseto,244,24/10/2020,33,968,0,26,0.027,436.77
Grosseto,245,25/10/2020,39,1007,0,26,0.026,454.36
Grosseto,246,26/10/2020,31,1038,0,26,0.025,468.35
Grosseto,247,27/10/2020,40,1078,0,26,0.024,486.4
Grosseto,248,28/10/2020,38,1116,0,26,0.023,503.54
Grosseto,249,29/10/2020,51,1167,0,26,0.022,526.56
Grosseto,250,30/10/2020,75,1242,0,26,0.021,560.4
Grosseto,251,31/10/2020,76,1318,0,26,0.02,594.69
Grosseto,252,01/11/2020,98,1416,0,26,0.018,638.91
Grosseto,253,02/11/2020,78,1494,0,26,0.017,674.1
Grosseto,254,03/11/2020,21,1515,1,27,0.018,683.57
Grosseto,255,04/11/2020,68,1583,0,27,0.017,714.26
Grosseto,256,05/11/2020,72,1655,0,27,0.016,746.74
Grosseto,257,06/11/2020,81,1736,0,27,0.016,783.29
Grosseto,258,07/11/2020,110,1846,0,27,0.015,832.92
Grosseto,259,08/11/2020,69,1915,1,28,0.015,864.06
Grosseto,260,09/11/2020,128,2043,0,28,0.014,921.81
Grosseto,261,10/11/2020,68,2111,1,29,0.014,952.49
Grosseto,262,11/11/2020,102,2213,3,32,0.014,998.52
Grosseto,263,12/11/2020,80,2293,0,32,0.014,1034.61
Grosseto,264,13/11/2020,91,2384,3,35,0.015,1075.67
Grosseto,265,14/11/2020,91,2475,2,37,0.015,1116.73
Grosseto,266,15/11/2020,158,2633,0,37,0.014,1188.02
Grosseto,267,16/11/2020,153,2786,0,37,0.013,1257.06
Grosseto,268,17/11/2020,39,2825,1,38,0.013,1274.65
Grosseto,269,18/11/2020,81,2906,3,41,0.014,1311.2
Grosseto,270,19/11/2020,110,3016,0,41,0.014,1360.83
Grosseto,271,20/11/2020,114,3130,1,42,0.013,1412.27
Grosseto,272,21/11/2020,100,3230,2,44,0.014,1457.39
Grosseto,273,22/11/2020,58,3288,0,44,0.013,1483.56
Grosseto,274,23/11/2020,75,3363,0,44,0.013,1517.4
Grosseto,275,24/11/2020,22,3385,4,48,0.014,1527.33
Grosseto,276,25/11/2020,59,3444,2,50,0.015,1553.95
Grosseto,277,26/11/2020,48,3492,2,52,0.015,1575.61
Grosseto,278,27/11/2020,39,3531,1,53,0.015,1593.2
Grosseto,279,28/11/2020,44,3575,1,54,0.015,1613.06
Grosseto,280,29/11/2020,40,3615,0,54,0.015,1631.1
Grosseto,281,30/11/2020,16,3631,7,61,0.017,1638.32
Grosseto,282,01/12/2020,19,3650,1,62,0.017,1646.9
Grosseto,283,02/12/2020,37,3687,0,62,0.017,1663.59
Grosseto,284,03/12/2020,28,3715,0,62,0.017,1676.22
Grosseto,285,04/12/2020,12,3727,1,63,0.017,1681.64
Grosseto,286,05/12/2020,28,3755,0,63,0.017,1694.27
Grosseto,287,06/12/2020,35,3790,0,63,0.017,1710.07
Grosseto,288,07/12/2020,9,3799,1,64,0.017,1714.13
Grosseto,289,08/12/2020,14,3813,1,65,0.017,1720.44
Grosseto,290,09/12/2020,15,3828,2,67,0.018,1727.21
Grosseto,291,10/12/2020,11,3839,2,69,0.018,1732.17
Grosseto,292,11/12/2020,7,3846,0,69,0.018,1735.33
Grosseto,293,12/12/2020,18,3864,3,72,0.019,1743.45
Grosseto,294,13/12/2020,17,3881,0,72,0.019,1751.12
Grosseto,295,14/12/2020,5,3886,0,72,0.019,1753.38
Grosseto,296,15/12/2020,47,3933,5,77,0.02,1774.59
Grosseto,297,16/12/2020,10,3943,1,78,0.02,1779.1
Grosseto,298,17/12/2020,14,3957,3,81,0.02,1785.42
Grosseto,299,18/12/2020,23,3980,0,81,0.02,1795.79
Grosseto,300,19/12/2020,41,4021,0,81,0.02,1814.29
Grosseto,301,20/12/2020,15,4036,1,82,0.02,1821.06
Grosseto,302,21/12/2020,10,4046,0,82,0.02,1825.57
Grosseto,303,22/12/2020,14,4060,0,82,0.02,1831.89
Grosseto,304,23/12/2020,29,4089,3,85,0.021,1844.98
Grosseto,305,24/12/2020,10,4099,1,86,0.021,1849.49
Grosseto,306,25/12/2020,29,4128,2,88,0.021,1862.57
Grosseto,307,26/12/2020,6,4134,0,88,0.021,1865.28
Grosseto,308,27/12/2020,7,4141,0,88,0.021,1868.44
Grosseto,309,28/12/2020,6,4147,0,88,0.021,1871.15
Grosseto,310,29/12/2020,7,4154,1,89,0.021,1874.3
Grosseto,311,30/12/2020,21,4175,1,90,0.022,1883.78
Grosseto,312,31/12/2020,18,4193,0,90,0.021,1891.9
Grosseto,313,01/01/2021,15,4208,0,90,0.021,1898.67
Grosseto,314,02/01/2021,13,4221,0,90,0.021,1904.53
Grosseto,315,03/01/2021,4,4225,0,90,0.021,1906.34
Grosseto,316,04/01/2021,13,4238,3,93,0.022,1912.2
Grosseto,317,05/01/2021,8,4246,0,93,0.022,1915.81
Grosseto,318,06/01/2021,9,4255,2,95,0.022,1919.88
Grosseto,319,07/01/2021,5,4260,1,96,0.023,1922.13
Grosseto,320,08/01/2021,16,4276,0,96,0.022,1929.35
Grosseto,321,09/01/2021,16,4292,0,96,0.022,1936.57
Grosseto,322,10/01/2021,6,4298,0,96,0.022,1939.28
Grosseto,323,11/01/2021,2,4300,0,96,0.022,1940.18
Grosseto,324,12/01/2021,6,4306,2,98,0.023,1942.89
Grosseto,325,13/01/2021,4,4310,0,98,0.023,1944.69
