Province,Day,Date,New_cases,Curr_pos_cases,Deaths,Tot_deaths,Lethality_rate,Cumul_rates
Livorno,1,24/02/2020,0,0,0,0,0,0
Livorno,2,25/02/2020,0,0,0,0,0,0
Livorno,3,26/02/2020,0,0,0,0,0,0
Livorno,4,27/02/2020,0,0,0,0,0,0
Livorno,5,28/02/2020,0,0,0,0,0,0
Livorno,6,29/02/2020,0,0,0,0,0,0
Livorno,7,01/03/2020,0,0,0,0,0,0
Livorno,8,02/03/2020,0,0,0,0,0,0
Livorno,9,03/03/2020,0,0,0,0,0,0
Livorno,10,04/03/2020,3,3,0,0,0,0.9
Livorno,11,05/03/2020,0,3,0,0,0,0.9
Livorno,12,06/03/2020,2,5,0,0,0,1.49
Livorno,13,07/03/2020,1,6,0,0,0,1.79
Livorno,14,08/03/2020,4,10,0,0,0,2.99
Livorno,15,09/03/2020,0,10,0,0,0,2.99
Livorno,16,10/03/2020,4,14,0,0,0,4.18
Livorno,17,11/03/2020,2,16,0,0,0,4.78
Livorno,18,12/03/2020,0,16,0,0,0,4.78
Livorno,19,13/03/2020,11,27,0,0,0,8.06
Livorno,20,14/03/2020,13,40,0,0,0,11.95
Livorno,21,15/03/2020,10,50,1,1,0.02,14.93
Livorno,22,16/03/2020,3,53,1,2,0.038,15.83
Livorno,23,17/03/2020,6,59,1,3,0.051,17.62
Livorno,24,18/03/2020,3,62,0,3,0.048,18.52
Livorno,25,19/03/2020,0,62,1,4,0.065,18.52
Livorno,26,20/03/2020,55,117,1,5,0.043,34.94
Livorno,27,21/03/2020,3,120,1,6,0.05,35.84
Livorno,28,22/03/2020,10,130,2,8,0.062,38.83
Livorno,29,23/03/2020,10,140,1,9,0.064,41.81
Livorno,30,24/03/2020,22,162,1,10,0.062,48.38
Livorno,31,25/03/2020,17,179,0,10,0.056,53.46
Livorno,32,26/03/2020,25,204,0,10,0.049,60.93
Livorno,33,27/03/2020,0,204,0,10,0.049,60.93
Livorno,34,28/03/2020,16,220,1,11,0.05,65.7
Livorno,35,29/03/2020,16,236,5,16,0.068,70.48
Livorno,36,30/03/2020,35,271,1,17,0.063,80.94
Livorno,37,31/03/2020,9,280,1,18,0.064,83.62
Livorno,38,01/04/2020,15,295,1,19,0.064,88.1
Livorno,39,02/04/2020,6,301,0,19,0.063,89.9
Livorno,40,03/04/2020,6,307,0,19,0.062,91.69
Livorno,41,04/04/2020,9,316,3,22,0.07,94.38
Livorno,42,05/04/2020,6,322,1,23,0.071,96.17
Livorno,43,06/04/2020,1,323,0,23,0.071,96.47
Livorno,44,07/04/2020,13,336,0,23,0.068,100.35
Livorno,45,08/04/2020,13,349,0,23,0.066,104.23
Livorno,46,09/04/2020,4,353,0,23,0.065,105.43
Livorno,47,10/04/2020,5,358,7,30,0.084,106.92
Livorno,48,11/04/2020,21,379,0,30,0.079,113.19
Livorno,49,12/04/2020,19,398,2,32,0.08,118.87
Livorno,50,13/04/2020,6,404,1,33,0.082,120.66
Livorno,51,14/04/2020,6,410,0,33,0.08,122.45
Livorno,52,15/04/2020,5,415,1,34,0.082,123.94
Livorno,53,16/04/2020,50,465,2,36,0.077,138.88
Livorno,54,17/04/2020,10,475,0,36,0.076,141.86
Livorno,55,18/04/2020,5,480,0,36,0.075,143.36
Livorno,56,19/04/2020,9,489,3,39,0.08,146.04
Livorno,57,20/04/2020,2,491,0,39,0.079,146.64
Livorno,58,21/04/2020,1,492,0,39,0.079,146.94
Livorno,59,22/04/2020,2,494,2,41,0.083,147.54
Livorno,60,23/04/2020,1,495,0,41,0.083,147.84
Livorno,61,24/04/2020,4,499,0,41,0.082,149.03
Livorno,62,25/04/2020,2,501,1,42,0.084,149.63
Livorno,63,26/04/2020,7,508,1,43,0.085,151.72
Livorno,64,27/04/2020,0,508,1,44,0.087,151.72
Livorno,65,28/04/2020,3,511,0,44,0.086,152.61
Livorno,66,29/04/2020,2,513,0,44,0.086,153.21
Livorno,67,30/04/2020,0,513,0,44,0.086,153.21
Livorno,68,01/05/2020,2,515,0,44,0.085,153.81
Livorno,69,02/05/2020,6,521,1,45,0.086,155.6
Livorno,70,03/05/2020,2,523,0,45,0.086,156.2
Livorno,71,04/05/2020,3,526,1,46,0.087,157.09
Livorno,72,05/05/2020,3,529,0,46,0.087,157.99
Livorno,73,06/05/2020,0,529,3,49,0.093,157.99
Livorno,74,07/05/2020,1,530,1,50,0.094,158.29
Livorno,75,08/05/2020,1,531,0,50,0.094,158.59
Livorno,76,09/05/2020,4,535,0,50,0.093,159.78
Livorno,77,10/05/2020,0,535,0,50,0.093,159.78
Livorno,78,11/05/2020,0,535,1,51,0.095,159.78
Livorno,79,12/05/2020,0,535,2,53,0.099,159.78
Livorno,80,13/05/2020,3,538,0,53,0.099,160.68
Livorno,81,14/05/2020,1,539,0,53,0.098,160.98
Livorno,82,15/05/2020,2,541,0,53,0.098,161.57
Livorno,83,16/05/2020,0,541,0,53,0.098,161.57
Livorno,84,17/05/2020,0,541,2,55,0.102,161.57
Livorno,85,18/05/2020,1,542,0,55,0.101,161.87
Livorno,86,19/05/2020,0,542,0,55,0.101,161.87
Livorno,87,20/05/2020,1,543,2,57,0.105,162.17
Livorno,88,21/05/2020,3,546,0,57,0.104,163.07
Livorno,89,22/05/2020,4,550,0,57,0.104,164.26
Livorno,90,23/05/2020,1,551,1,58,0.105,164.56
Livorno,91,24/05/2020,0,551,0,58,0.105,164.56
Livorno,92,25/05/2020,1,552,0,58,0.105,164.86
Livorno,93,26/05/2020,1,553,0,58,0.105,165.16
Livorno,94,27/05/2020,1,554,0,58,0.105,165.46
Livorno,95,28/05/2020,0,554,0,58,0.105,165.46
Livorno,96,29/05/2020,1,555,0,58,0.105,165.75
Livorno,97,30/05/2020,1,556,0,58,0.104,166.05
Livorno,98,31/05/2020,0,556,0,58,0.104,166.05
Livorno,99,01/06/2020,0,556,0,58,0.104,166.05
Livorno,100,02/06/2020,0,556,0,58,0.104,166.05
Livorno,101,03/06/2020,1,557,1,59,0.106,166.35
Livorno,102,04/06/2020,0,557,0,59,0.106,166.35
Livorno,103,05/06/2020,0,557,0,59,0.106,166.35
Livorno,104,06/06/2020,0,557,2,61,0.11,166.35
Livorno,105,07/06/2020,0,557,0,61,0.11,166.35
Livorno,106,08/06/2020,0,557,0,61,0.11,166.35
Livorno,107,09/06/2020,0,557,0,61,0.11,166.35
Livorno,108,10/06/2020,0,557,0,61,0.11,166.35
Livorno,109,11/06/2020,0,557,0,61,0.11,166.35
Livorno,110,12/06/2020,0,557,0,61,0.11,166.35
Livorno,111,13/06/2020,0,557,0,61,0.11,166.35
Livorno,112,14/06/2020,1,558,0,61,0.109,166.65
Livorno,113,15/06/2020,0,558,0,61,0.109,166.65
Livorno,114,16/06/2020,0,558,0,61,0.109,166.65
Livorno,115,17/06/2020,0,558,0,61,0.109,166.65
Livorno,116,18/06/2020,1,559,0,61,0.109,166.95
Livorno,117,19/06/2020,0,559,0,61,0.109,166.95
Livorno,118,20/06/2020,0,559,0,61,0.109,166.95
Livorno,119,21/06/2020,0,559,0,61,0.109,166.95
Livorno,120,22/06/2020,0,559,0,61,0.109,166.95
Livorno,121,23/06/2020,0,559,0,61,0.109,166.95
Livorno,122,24/06/2020,-83,476,0,61,0.128,142.16
Livorno,123,25/06/2020,0,476,0,61,0.128,142.16
Livorno,124,26/06/2020,0,476,0,61,0.128,142.16
Livorno,125,27/06/2020,0,476,0,61,0.128,142.16
Livorno,126,28/06/2020,1,477,0,61,0.128,142.46
Livorno,127,29/06/2020,0,477,0,61,0.128,142.46
Livorno,128,30/06/2020,0,477,0,61,0.128,142.46
Livorno,129,01/07/2020,0,477,0,61,0.128,142.46
Livorno,130,02/07/2020,0,477,0,61,0.128,142.46
Livorno,131,03/07/2020,1,478,0,61,0.128,142.76
Livorno,132,04/07/2020,1,479,0,61,0.127,143.06
Livorno,133,05/07/2020,0,479,0,61,0.127,143.06
Livorno,134,06/07/2020,0,479,0,61,0.127,143.06
Livorno,135,07/07/2020,0,479,0,61,0.127,143.06
Livorno,136,08/07/2020,0,479,0,61,0.127,143.06
Livorno,137,09/07/2020,0,479,0,61,0.127,143.06
Livorno,138,10/07/2020,0,479,0,61,0.127,143.06
Livorno,139,11/07/2020,0,479,0,61,0.127,143.06
Livorno,140,12/07/2020,0,479,0,61,0.127,143.06
Livorno,141,13/07/2020,0,479,0,61,0.127,143.06
Livorno,142,14/07/2020,0,479,0,61,0.127,143.06
Livorno,143,15/07/2020,0,479,0,61,0.127,143.06
Livorno,144,16/07/2020,0,479,0,61,0.127,143.06
Livorno,145,17/07/2020,2,481,0,61,0.127,143.65
Livorno,146,18/07/2020,0,481,0,61,0.127,143.65
Livorno,147,19/07/2020,0,481,0,61,0.127,143.65
Livorno,148,20/07/2020,1,482,0,61,0.127,143.95
Livorno,149,21/07/2020,0,482,0,61,0.127,143.95
Livorno,150,22/07/2020,0,482,0,61,0.127,143.95
Livorno,151,23/07/2020,1,483,0,61,0.126,144.25
Livorno,152,24/07/2020,0,483,0,61,0.126,144.25
Livorno,153,25/07/2020,1,484,0,61,0.126,144.55
Livorno,154,26/07/2020,0,484,0,61,0.126,144.55
Livorno,155,27/07/2020,0,484,0,61,0.126,144.55
Livorno,156,28/07/2020,0,484,2,63,0.13,144.55
Livorno,157,29/07/2020,0,484,0,63,0.13,144.55
Livorno,158,30/07/2020,0,484,0,63,0.13,144.55
Livorno,159,31/07/2020,0,484,0,63,0.13,144.55
Livorno,160,01/08/2020,0,484,0,63,0.13,144.55
Livorno,161,02/08/2020,1,485,0,63,0.13,144.85
Livorno,162,03/08/2020,0,485,0,63,0.13,144.85
Livorno,163,04/08/2020,2,487,0,63,0.129,145.45
Livorno,164,05/08/2020,0,487,0,63,0.129,145.45
Livorno,165,06/08/2020,1,488,0,63,0.129,145.74
Livorno,166,07/08/2020,1,489,0,63,0.129,146.04
Livorno,167,08/08/2020,1,490,0,63,0.129,146.34
Livorno,168,09/08/2020,4,494,0,63,0.128,147.54
Livorno,169,10/08/2020,0,494,0,63,0.128,147.54
Livorno,170,11/08/2020,0,494,0,63,0.128,147.54
Livorno,171,12/08/2020,0,494,0,63,0.128,147.54
Livorno,172,13/08/2020,1,495,0,63,0.127,147.84
Livorno,173,14/08/2020,1,496,0,63,0.127,148.13
Livorno,174,15/08/2020,2,498,0,63,0.127,148.73
Livorno,175,16/08/2020,8,506,0,63,0.125,151.12
Livorno,176,17/08/2020,2,508,0,63,0.124,151.72
Livorno,177,18/08/2020,0,508,0,63,0.124,151.72
Livorno,178,19/08/2020,3,511,0,63,0.123,152.61
Livorno,179,20/08/2020,3,514,0,63,0.123,153.51
Livorno,180,21/08/2020,5,519,0,63,0.121,155
Livorno,181,22/08/2020,3,522,0,63,0.121,155.9
Livorno,182,23/08/2020,4,526,0,63,0.12,157.09
Livorno,183,24/08/2020,6,532,0,63,0.118,158.89
Livorno,184,25/08/2020,0,532,0,63,0.118,158.89
Livorno,185,26/08/2020,3,535,0,63,0.118,159.78
Livorno,186,27/08/2020,10,545,0,63,0.116,162.77
Livorno,187,28/08/2020,3,548,0,63,0.115,163.66
Livorno,188,29/08/2020,1,549,0,63,0.115,163.96
Livorno,189,30/08/2020,3,552,0,63,0.114,164.86
Livorno,190,31/08/2020,5,557,0,63,0.113,166.35
Livorno,191,01/09/2020,0,557,0,63,0.113,166.35
Livorno,192,02/09/2020,2,559,0,63,0.113,166.95
Livorno,193,03/09/2020,11,570,0,63,0.111,170.23
Livorno,194,04/09/2020,9,579,0,63,0.109,172.92
Livorno,195,05/09/2020,4,583,0,63,0.108,174.12
Livorno,196,06/09/2020,8,591,0,63,0.107,176.51
Livorno,197,07/09/2020,2,593,1,64,0.108,177.1
Livorno,198,08/09/2020,2,595,0,64,0.108,177.7
Livorno,199,09/09/2020,6,601,0,64,0.106,179.49
Livorno,200,10/09/2020,6,607,1,65,0.107,181.28
Livorno,201,11/09/2020,10,617,0,65,0.105,184.27
Livorno,202,12/09/2020,10,627,0,65,0.104,187.26
Livorno,203,13/09/2020,11,638,0,65,0.102,190.54
Livorno,204,14/09/2020,3,641,0,65,0.101,191.44
Livorno,205,15/09/2020,3,644,0,65,0.101,192.34
Livorno,206,16/09/2020,5,649,0,65,0.1,193.83
Livorno,207,17/09/2020,15,664,0,65,0.098,198.31
Livorno,208,18/09/2020,8,672,0,65,0.097,200.7
Livorno,209,19/09/2020,8,680,0,65,0.096,203.09
Livorno,210,20/09/2020,3,683,0,65,0.095,203.98
Livorno,211,21/09/2020,2,685,0,65,0.095,204.58
Livorno,212,22/09/2020,1,686,0,65,0.095,204.88
Livorno,213,23/09/2020,2,688,0,65,0.094,205.48
Livorno,214,24/09/2020,4,692,0,65,0.094,206.67
Livorno,215,25/09/2020,12,704,0,65,0.092,210.25
Livorno,216,26/09/2020,5,709,0,65,0.092,211.75
Livorno,217,27/09/2020,14,723,0,65,0.09,215.93
Livorno,218,28/09/2020,8,731,0,65,0.089,218.32
Livorno,219,29/09/2020,8,739,0,65,0.088,220.71
Livorno,220,30/09/2020,0,739,0,65,0.088,220.71
Livorno,221,01/10/2020,14,753,0,65,0.086,224.89
Livorno,222,02/10/2020,18,771,0,65,0.084,230.26
Livorno,223,03/10/2020,18,789,0,65,0.082,235.64
Livorno,224,04/10/2020,5,794,0,65,0.082,237.13
Livorno,225,05/10/2020,1,795,0,65,0.082,237.43
Livorno,226,06/10/2020,11,806,0,65,0.081,240.72
Livorno,227,07/10/2020,24,830,0,65,0.078,247.89
Livorno,228,08/10/2020,16,846,0,65,0.077,252.66
Livorno,229,09/10/2020,24,870,0,65,0.075,259.83
Livorno,230,10/10/2020,22,892,0,65,0.073,266.4
Livorno,231,11/10/2020,23,915,0,65,0.071,273.27
Livorno,232,12/10/2020,19,934,0,65,0.07,278.95
Livorno,233,13/10/2020,28,962,0,65,0.068,287.31
Livorno,234,14/10/2020,37,999,0,65,0.065,298.36
Livorno,235,15/10/2020,45,1044,0,65,0.062,311.8
Livorno,236,16/10/2020,28,1072,0,65,0.061,320.16
Livorno,237,17/10/2020,51,1123,0,65,0.058,335.39
Livorno,238,18/10/2020,53,1176,0,65,0.055,351.22
Livorno,239,19/10/2020,63,1239,0,65,0.052,370.04
Livorno,240,20/10/2020,42,1281,1,65,0.051,382.58
Livorno,241,21/10/2020,105,1386,0,65,0.047,413.94
Livorno,242,22/10/2020,176,1562,0,65,0.042,466.5
Livorno,243,23/10/2020,109,1671,2,65,0.039,499.06
Livorno,244,24/10/2020,119,1790,3,65,0.036,534.6
Livorno,245,25/10/2020,163,1953,1,65,0.033,583.28
Livorno,246,26/10/2020,210,2163,1,65,0.03,646
Livorno,247,27/10/2020,204,2367,3,65,0.027,706.92
Livorno,248,28/10/2020,114,2481,1,65,0.026,740.97
Livorno,249,29/10/2020,94,2575,1,65,0.025,769.04
Livorno,250,30/10/2020,237,2812,2,65,0.023,839.82
Livorno,251,31/10/2020,205,3017,3,65,0.022,901.05
Livorno,252,01/11/2020,217,3234,0,65,0.02,965.86
Livorno,253,02/11/2020,181,3415,0,65,0.019,1019.91
Livorno,254,03/11/2020,235,3650,1,65,0.018,1090.1
Livorno,255,04/11/2020,123,3773,4,65,0.017,1126.83
Livorno,256,05/11/2020,213,3986,2,65,0.016,1190.45
Livorno,257,06/11/2020,211,4197,0,65,0.015,1253.46
Livorno,258,07/11/2020,170,4367,0,65,0.015,1304.24
Livorno,259,08/11/2020,154,4521,3,65,0.014,1350.23
Livorno,260,09/11/2020,169,4690,5,65,0.014,1400.7
Livorno,261,10/11/2020,201,4891,6,65,0.013,1460.73
Livorno,262,11/11/2020,159,5050,2,65,0.013,1508.22
Livorno,263,12/11/2020,127,5177,6,65,0.013,1546.15
Livorno,264,13/11/2020,150,5327,2,65,0.012,1590.95
Livorno,265,14/11/2020,133,5460,2,65,0.012,1630.67
Livorno,266,15/11/2020,162,5622,3,65,0.012,1679.05
Livorno,267,16/11/2020,97,5719,3,65,0.011,1708.02
Livorno,268,17/11/2020,155,5874,2,65,0.011,1754.31
Livorno,269,18/11/2020,169,6043,0,65,0.011,1804.79
