Province,Day,Date,New_cases,Curr_pos_cases,Deaths,Tot_deaths,Lethality_rate,Cumul_rates
Lucca,1,24/02/2020,0,0,0,0,0,0
Lucca,2,25/02/2020,0,0,0,0,0,0
Lucca,3,26/02/2020,0,0,0,0,0,0
Lucca,4,27/02/2020,0,0,0,0,0,0
Lucca,5,28/02/2020,0,0,0,0,0,0
Lucca,6,29/02/2020,1,1,0,0,0,0.26
Lucca,7,01/03/2020,0,1,0,0,0,0.26
Lucca,8,02/03/2020,0,1,0,0,0,0.26
Lucca,9,03/03/2020,2,3,0,0,0,0.77
Lucca,10,04/03/2020,0,3,0,0,0,0.77
Lucca,11,05/03/2020,3,6,0,0,0,1.55
Lucca,12,06/03/2020,2,8,0,0,0,2.06
Lucca,13,07/03/2020,7,15,0,0,0,3.87
Lucca,14,08/03/2020,11,26,0,0,0,6.7
Lucca,15,09/03/2020,5,31,0,0,0,7.99
Lucca,16,10/03/2020,6,37,0,0,0,9.54
Lucca,17,11/03/2020,6,43,0,0,0,11.09
Lucca,18,12/03/2020,6,49,1,1,0.02,12.63
Lucca,19,13/03/2020,30,79,0,1,0.013,20.37
Lucca,20,14/03/2020,17,96,0,1,0.01,24.75
Lucca,21,15/03/2020,34,130,0,1,0.008,33.52
Lucca,22,16/03/2020,8,138,1,2,0.014,35.58
Lucca,23,17/03/2020,41,179,0,2,0.011,46.15
Lucca,24,18/03/2020,26,205,3,5,0.024,52.85
Lucca,25,19/03/2020,25,230,6,11,0.048,59.3
Lucca,26,20/03/2020,19,249,1,12,0.048,64.2
Lucca,27,21/03/2020,58,307,2,14,0.046,79.15
Lucca,28,22/03/2020,49,356,2,16,0.045,91.78
Lucca,29,23/03/2020,7,363,1,17,0.047,93.59
Lucca,30,24/03/2020,24,387,1,18,0.047,99.77
Lucca,31,25/03/2020,49,436,1,19,0.044,112.41
Lucca,32,26/03/2020,45,481,1,20,0.042,124.01
Lucca,33,27/03/2020,0,481,6,26,0.054,124.01
Lucca,34,28/03/2020,137,618,5,31,0.05,159.33
Lucca,35,29/03/2020,54,672,3,34,0.051,173.25
Lucca,36,30/03/2020,39,711,1,35,0.049,183.31
Lucca,37,31/03/2020,18,729,2,37,0.051,187.95
Lucca,38,01/04/2020,42,771,0,37,0.048,198.77
Lucca,39,02/04/2020,31,802,5,42,0.052,206.77
Lucca,40,03/04/2020,41,843,3,45,0.053,217.34
Lucca,41,04/04/2020,12,855,4,49,0.057,220.43
Lucca,42,05/04/2020,17,872,5,54,0.062,224.81
Lucca,43,06/04/2020,16,888,6,60,0.068,228.94
Lucca,44,07/04/2020,32,920,6,66,0.072,237.19
Lucca,45,08/04/2020,34,954,3,69,0.072,245.95
Lucca,46,09/04/2020,25,979,1,70,0.072,252.4
Lucca,47,10/04/2020,9,988,4,74,0.075,254.72
Lucca,48,11/04/2020,18,1006,0,74,0.074,259.36
Lucca,49,12/04/2020,14,1020,3,77,0.075,262.97
Lucca,50,13/04/2020,40,1060,4,81,0.076,273.28
Lucca,51,14/04/2020,1,1061,3,84,0.079,273.54
Lucca,52,15/04/2020,12,1073,2,86,0.08,276.63
Lucca,53,16/04/2020,61,1134,4,90,0.079,292.36
Lucca,54,17/04/2020,24,1158,1,91,0.079,298.55
Lucca,55,18/04/2020,7,1165,2,93,0.08,300.35
Lucca,56,19/04/2020,32,1197,3,96,0.08,308.6
Lucca,57,20/04/2020,16,1213,3,99,0.082,312.73
Lucca,58,21/04/2020,2,1215,2,101,0.083,313.24
Lucca,59,22/04/2020,6,1221,2,103,0.084,314.79
Lucca,60,23/04/2020,4,1225,3,106,0.087,315.82
Lucca,61,24/04/2020,5,1230,2,108,0.088,317.11
Lucca,62,25/04/2020,14,1244,3,111,0.089,320.72
Lucca,63,26/04/2020,12,1256,1,112,0.089,323.81
Lucca,64,27/04/2020,9,1265,2,114,0.09,326.14
Lucca,65,28/04/2020,4,1269,4,118,0.093,327.17
Lucca,66,29/04/2020,4,1273,2,120,0.094,328.2
Lucca,67,30/04/2020,3,1276,1,121,0.095,328.97
Lucca,68,01/05/2020,13,1289,2,123,0.095,332.32
Lucca,69,02/05/2020,6,1295,1,124,0.096,333.87
Lucca,70,03/05/2020,9,1304,1,125,0.096,336.19
Lucca,71,04/05/2020,4,1308,0,125,0.096,337.22
Lucca,72,05/05/2020,2,1310,2,127,0.097,337.74
Lucca,73,06/05/2020,4,1314,0,127,0.097,338.77
Lucca,74,07/05/2020,2,1316,1,128,0.097,339.28
Lucca,75,08/05/2020,3,1319,0,128,0.097,340.06
Lucca,76,09/05/2020,5,1324,1,129,0.097,341.35
Lucca,77,10/05/2020,4,1328,1,130,0.098,342.38
Lucca,78,11/05/2020,1,1329,0,130,0.098,342.64
Lucca,79,12/05/2020,0,1329,1,131,0.099,342.64
Lucca,80,13/05/2020,2,1331,0,131,0.098,343.15
Lucca,81,14/05/2020,4,1335,1,132,0.099,344.18
Lucca,82,15/05/2020,1,1336,1,133,0.1,344.44
Lucca,83,16/05/2020,2,1338,0,133,0.099,344.96
Lucca,84,17/05/2020,10,1348,1,134,0.099,347.53
Lucca,85,18/05/2020,4,1352,1,135,0.1,348.57
Lucca,86,19/05/2020,0,1352,0,135,0.1,348.57
Lucca,87,20/05/2020,0,1352,1,136,0.101,348.57
Lucca,88,21/05/2020,0,1352,0,136,0.101,348.57
Lucca,89,22/05/2020,4,1356,0,136,0.1,349.6
Lucca,90,23/05/2020,1,1357,0,136,0.1,349.85
Lucca,91,24/05/2020,3,1360,0,136,0.1,350.63
Lucca,92,25/05/2020,0,1360,0,136,0.1,350.63
Lucca,93,26/05/2020,0,1360,1,137,0.101,350.63
Lucca,94,27/05/2020,1,1361,0,137,0.101,350.89
Lucca,95,28/05/2020,0,1361,0,137,0.101,350.89
Lucca,96,29/05/2020,0,1361,0,137,0.101,350.89
Lucca,97,30/05/2020,0,1361,0,137,0.101,350.89
Lucca,98,31/05/2020,0,1361,0,137,0.101,350.89
Lucca,99,01/06/2020,1,1362,0,137,0.101,351.14
Lucca,100,02/06/2020,1,1363,0,137,0.101,351.4
Lucca,101,03/06/2020,1,1364,0,137,0.1,351.66
Lucca,102,04/06/2020,0,1364,0,137,0.1,351.66
Lucca,103,05/06/2020,0,1364,0,137,0.1,351.66
Lucca,104,06/06/2020,0,1364,1,138,0.101,351.66
Lucca,105,07/06/2020,0,1364,0,138,0.101,351.66
Lucca,106,08/06/2020,0,1364,0,138,0.101,351.66
Lucca,107,09/06/2020,0,1364,0,138,0.101,351.66
Lucca,108,10/06/2020,1,1365,0,138,0.101,351.92
Lucca,109,11/06/2020,1,1366,0,138,0.101,352.17
Lucca,110,12/06/2020,0,1366,0,138,0.101,352.17
Lucca,111,13/06/2020,0,1366,2,140,0.102,352.17
Lucca,112,14/06/2020,0,1366,2,142,0.104,352.17
Lucca,113,15/06/2020,0,1366,0,142,0.104,352.17
Lucca,114,16/06/2020,0,1366,0,142,0.104,352.17
Lucca,115,17/06/2020,1,1367,0,142,0.104,352.43
Lucca,116,18/06/2020,0,1367,0,142,0.104,352.43
Lucca,117,19/06/2020,2,1369,0,142,0.104,352.95
Lucca,118,20/06/2020,0,1369,0,142,0.104,352.95
Lucca,119,21/06/2020,0,1369,0,142,0.104,352.95
Lucca,120,22/06/2020,0,1369,1,143,0.104,352.95
Lucca,121,23/06/2020,1,1370,0,143,0.104,353.21
Lucca,122,24/06/2020,-19,1351,0,143,0.106,348.31
Lucca,123,25/06/2020,0,1351,0,143,0.106,348.31
Lucca,124,26/06/2020,0,1351,0,143,0.106,348.31
Lucca,125,27/06/2020,0,1351,0,143,0.106,348.31
Lucca,126,28/06/2020,0,1351,0,143,0.106,348.31
Lucca,127,29/06/2020,0,1351,0,143,0.106,348.31
Lucca,128,30/06/2020,0,1351,0,143,0.106,348.31
Lucca,129,01/07/2020,0,1351,0,143,0.106,348.31
Lucca,130,02/07/2020,0,1351,0,143,0.106,348.31
Lucca,131,03/07/2020,0,1351,0,143,0.106,348.31
Lucca,132,04/07/2020,0,1351,0,143,0.106,348.31
Lucca,133,05/07/2020,0,1351,0,143,0.106,348.31
Lucca,134,06/07/2020,0,1351,0,143,0.106,348.31
Lucca,135,07/07/2020,11,1362,0,143,0.105,351.14
Lucca,136,08/07/2020,0,1362,0,143,0.105,351.14
Lucca,137,09/07/2020,0,1362,1,144,0.106,351.14
Lucca,138,10/07/2020,0,1362,0,144,0.106,351.14
Lucca,139,11/07/2020,0,1362,0,144,0.106,351.14
Lucca,140,12/07/2020,0,1362,0,144,0.106,351.14
Lucca,141,13/07/2020,2,1364,0,144,0.106,351.66
Lucca,142,14/07/2020,1,1365,0,144,0.105,351.92
Lucca,143,15/07/2020,0,1365,1,145,0.106,351.92
Lucca,144,16/07/2020,1,1366,0,145,0.106,352.17
Lucca,145,17/07/2020,1,1367,0,145,0.106,352.43
Lucca,146,18/07/2020,0,1367,0,145,0.106,352.43
Lucca,147,19/07/2020,0,1367,0,145,0.106,352.43
Lucca,148,20/07/2020,0,1367,0,145,0.106,352.43
Lucca,149,21/07/2020,4,1371,0,145,0.106,353.46
Lucca,150,22/07/2020,0,1371,0,145,0.106,353.46
Lucca,151,23/07/2020,0,1371,0,145,0.106,353.46
Lucca,152,24/07/2020,3,1374,0,145,0.106,354.24
Lucca,153,25/07/2020,2,1376,0,145,0.105,354.75
Lucca,154,26/07/2020,1,1377,0,145,0.105,355.01
Lucca,155,27/07/2020,3,1380,0,145,0.105,355.78
Lucca,156,28/07/2020,0,1380,0,145,0.105,355.78
Lucca,157,29/07/2020,1,1381,0,145,0.105,356.04
Lucca,158,30/07/2020,3,1384,0,145,0.105,356.82
Lucca,159,31/07/2020,0,1384,0,145,0.105,356.82
Lucca,160,01/08/2020,1,1385,0,145,0.105,357.07
Lucca,161,02/08/2020,3,1388,0,145,0.104,357.85
Lucca,162,03/08/2020,3,1391,0,145,0.104,358.62
Lucca,163,04/08/2020,1,1392,0,145,0.104,358.88
Lucca,164,05/08/2020,6,1398,0,145,0.104,360.42
Lucca,165,06/08/2020,4,1402,0,145,0.103,361.46
Lucca,166,07/08/2020,3,1405,0,145,0.103,362.23
Lucca,167,08/08/2020,2,1407,0,145,0.103,362.74
Lucca,168,09/08/2020,7,1414,0,145,0.103,364.55
Lucca,169,10/08/2020,3,1417,0,145,0.102,365.32
Lucca,170,11/08/2020,2,1419,0,145,0.102,365.84
Lucca,171,12/08/2020,4,1423,0,145,0.102,366.87
Lucca,172,13/08/2020,6,1429,0,145,0.101,368.42
Lucca,173,14/08/2020,1,1430,0,145,0.101,368.67
Lucca,174,15/08/2020,10,1440,0,145,0.101,371.25
Lucca,175,16/08/2020,4,1444,0,145,0.1,372.28
Lucca,176,17/08/2020,7,1451,0,145,0.1,374.09
Lucca,177,18/08/2020,4,1455,0,145,0.1,375.12
Lucca,178,19/08/2020,2,1457,0,145,0.1,375.64
Lucca,179,20/08/2020,15,1472,0,145,0.099,379.5
Lucca,180,21/08/2020,7,1479,0,145,0.098,381.31
Lucca,181,22/08/2020,6,1485,0,145,0.098,382.85
Lucca,182,23/08/2020,5,1490,0,145,0.097,384.14
Lucca,183,24/08/2020,6,1496,0,145,0.097,385.69
Lucca,184,25/08/2020,1,1497,0,145,0.097,385.95
Lucca,185,26/08/2020,1,1498,1,146,0.097,386.21
Lucca,186,27/08/2020,6,1504,0,146,0.097,387.75
Lucca,187,28/08/2020,5,1509,0,146,0.097,389.04
Lucca,188,29/08/2020,4,1513,0,146,0.096,390.07
Lucca,189,30/08/2020,12,1525,0,146,0.096,393.17
Lucca,190,31/08/2020,11,1536,0,146,0.095,396
Lucca,191,01/09/2020,0,1536,1,147,0.096,396
Lucca,192,02/09/2020,2,1538,0,147,0.096,396.52
Lucca,193,03/09/2020,13,1551,0,147,0.095,399.87
Lucca,194,04/09/2020,8,1559,0,147,0.094,401.93
Lucca,195,05/09/2020,13,1572,0,147,0.094,405.28
Lucca,196,06/09/2020,11,1583,0,147,0.093,408.12
Lucca,197,07/09/2020,6,1589,0,147,0.093,409.67
Lucca,198,08/09/2020,6,1595,1,148,0.093,411.21
Lucca,199,09/09/2020,1,1596,0,148,0.093,411.47
Lucca,200,10/09/2020,6,1602,0,148,0.092,413.02
Lucca,201,11/09/2020,19,1621,0,148,0.091,417.92
Lucca,202,12/09/2020,15,1636,0,148,0.09,421.78
Lucca,203,13/09/2020,6,1642,0,148,0.09,423.33
Lucca,204,14/09/2020,0,1642,0,148,0.09,423.33
Lucca,205,15/09/2020,2,1644,0,148,0.09,423.85
Lucca,206,16/09/2020,1,1645,0,148,0.09,424.1
Lucca,207,17/09/2020,23,1668,0,148,0.089,430.03
Lucca,208,18/09/2020,10,1678,0,148,0.088,432.61
Lucca,209,19/09/2020,19,1697,0,148,0.087,437.51
Lucca,210,20/09/2020,24,1721,0,148,0.086,443.7
Lucca,211,21/09/2020,11,1732,0,148,0.085,446.53
Lucca,212,22/09/2020,13,1745,0,148,0.085,449.89
Lucca,213,23/09/2020,7,1752,0,148,0.084,451.69
Lucca,214,24/09/2020,21,1773,0,148,0.083,457.1
Lucca,215,25/09/2020,11,1784,1,149,0.084,459.94
Lucca,216,26/09/2020,4,1788,0,149,0.083,460.97
Lucca,217,27/09/2020,6,1794,0,149,0.083,462.52
Lucca,218,28/09/2020,17,1811,0,149,0.082,466.9
Lucca,219,29/09/2020,10,1821,0,149,0.082,469.48
Lucca,220,30/09/2020,0,1821,0,149,0.082,469.48
Lucca,221,01/10/2020,11,1832,0,149,0.081,472.32
Lucca,222,02/10/2020,42,1874,0,149,0.08,483.14
Lucca,223,03/10/2020,19,1893,0,149,0.079,488.04
Lucca,224,04/10/2020,18,1911,0,149,0.078,492.68
Lucca,225,05/10/2020,26,1937,0,149,0.077,499.39
Lucca,226,06/10/2020,20,1957,0,149,0.076,504.54
Lucca,227,07/10/2020,31,1988,0,149,0.075,512.53
Lucca,228,08/10/2020,27,2015,0,149,0.074,519.5
Lucca,229,09/10/2020,63,2078,0,149,0.072,535.74
Lucca,230,10/10/2020,63,2141,0,149,0.07,551.98
Lucca,231,11/10/2020,53,2194,0,149,0.068,565.64
Lucca,232,12/10/2020,41,2235,0,149,0.067,576.22
Lucca,233,13/10/2020,33,2268,0,149,0.066,584.72
Lucca,234,14/10/2020,37,2305,0,149,0.065,594.26
Lucca,235,15/10/2020,57,2362,0,149,0.063,608.96
Lucca,236,16/10/2020,102,2464,0,149,0.06,635.25
Lucca,237,17/10/2020,67,2531,0,149,0.059,652.53
Lucca,238,18/10/2020,78,2609,0,149,0.057,672.64
Lucca,239,19/10/2020,40,2649,0,149,0.056,682.95
Lucca,240,20/10/2020,30,2679,0,149,0.056,690.68
Lucca,241,21/10/2020,67,2746,0,149,0.054,707.96
Lucca,242,22/10/2020,95,2841,0,149,0.052,732.45
Lucca,243,23/10/2020,181,3022,0,149,0.049,779.11
Lucca,244,24/10/2020,190,3212,0,149,0.046,828.1
Lucca,245,25/10/2020,190,3402,2,151,0.044,877.08
Lucca,246,26/10/2020,181,3583,2,153,0.043,923.75
Lucca,247,27/10/2020,110,3693,0,153,0.041,952.11
Lucca,248,28/10/2020,142,3835,0,153,0.04,988.72
Lucca,249,29/10/2020,172,4007,2,155,0.039,1033.06
Lucca,250,30/10/2020,264,4271,0,155,0.036,1101.13
Lucca,251,31/10/2020,202,4473,2,157,0.035,1153.2
Lucca,252,01/11/2020,177,4650,0,157,0.034,1198.84
Lucca,253,02/11/2020,113,4763,3,160,0.034,1227.97
Lucca,254,03/11/2020,108,4871,1,161,0.033,1255.81
Lucca,255,04/11/2020,167,5038,6,167,0.033,1298.87
Lucca,256,05/11/2020,243,5281,0,167,0.032,1361.52
Lucca,257,06/11/2020,224,5505,1,168,0.031,1419.27
Lucca,258,07/11/2020,234,5739,3,171,0.03,1479.6
Lucca,259,08/11/2020,262,6001,0,171,0.028,1547.14
Lucca,260,09/11/2020,156,6157,4,175,0.028,1587.36
Lucca,261,10/11/2020,171,6328,7,182,0.029,1631.45
Lucca,262,11/11/2020,257,6585,6,188,0.029,1697.71
Lucca,263,12/11/2020,154,6739,1,189,0.028,1737.41
Lucca,264,13/11/2020,205,6944,3,192,0.028,1790.26
Lucca,265,14/11/2020,234,7178,2,194,0.027,1850.59
Lucca,266,15/11/2020,219,7397,1,195,0.026,1907.05
Lucca,267,16/11/2020,310,7707,4,199,0.026,1986.98
Lucca,268,17/11/2020,354,8061,7,206,0.026,2078.24
Lucca,269,18/11/2020,429,8490,1,207,0.024,2188.84
Lucca,270,19/11/2020,184,8674,4,211,0.024,2236.28
Lucca,271,20/11/2020,240,8914,9,220,0.025,2298.16
Lucca,272,21/11/2020,229,9143,2,222,0.024,2357.2
Lucca,273,22/11/2020,233,9376,0,222,0.024,2417.27
Lucca,274,23/11/2020,125,9501,5,227,0.024,2449.49
Lucca,275,24/11/2020,76,9577,6,233,0.024,2469.09
Lucca,276,25/11/2020,133,9710,4,237,0.024,2503.38
Lucca,277,26/11/2020,156,9866,1,238,0.024,2543.6
Lucca,278,27/11/2020,158,10024,7,245,0.024,2584.33
Lucca,279,28/11/2020,148,10172,9,254,0.025,2622.49
Lucca,280,29/11/2020,128,10300,1,255,0.025,2655.49
Lucca,281,30/11/2020,107,10407,1,256,0.025,2683.07
Lucca,282,01/12/2020,73,10480,0,256,0.024,2701.89
Lucca,283,02/12/2020,68,10548,0,256,0.024,2719.43
Lucca,284,03/12/2020,92,10640,5,261,0.025,2743.14
Lucca,285,04/12/2020,136,10776,3,264,0.024,2778.21
Lucca,286,05/12/2020,84,10860,2,266,0.024,2799.86
Lucca,287,06/12/2020,89,10949,0,266,0.024,2822.81
