Province,Day,Date,New_cases,Curr_pos_cases,Deaths,Tot_deaths,Lethality_rate,Cumul_rates
Massa Carrara,1,24/02/2020,0,0,0,0,0,0
Massa Carrara,2,25/02/2020,0,0,0,0,0,0
Massa Carrara,3,26/02/2020,0,0,0,0,0,0
Massa Carrara,4,27/02/2020,0,0,0,0,0,0
Massa Carrara,5,28/02/2020,0,0,0,0,0,0
Massa Carrara,6,29/02/2020,1,1,0,0,0,0.51
Massa Carrara,7,01/03/2020,2,3,0,0,0,1.54
Massa Carrara,8,02/03/2020,0,3,0,0,0,1.54
Massa Carrara,9,03/03/2020,0,3,0,0,0,1.54
Massa Carrara,10,04/03/2020,1,4,0,0,0,2.05
Massa Carrara,11,05/03/2020,2,6,0,0,0,3.08
Massa Carrara,12,06/03/2020,4,10,0,0,0,5.13
Massa Carrara,13,07/03/2020,6,16,0,0,0,8.21
Massa Carrara,14,08/03/2020,5,21,0,0,0,10.78
Massa Carrara,15,09/03/2020,7,28,0,0,0,14.37
Massa Carrara,16,10/03/2020,9,37,0,0,0,18.99
Massa Carrara,17,11/03/2020,3,40,0,0,0,20.53
Massa Carrara,18,12/03/2020,0,40,3,3,0.075,20.53
Massa Carrara,19,13/03/2020,25,65,0,3,0.046,33.35
Massa Carrara,20,14/03/2020,23,88,0,3,0.034,45.16
Massa Carrara,21,15/03/2020,20,108,0,3,0.028,55.42
Massa Carrara,22,16/03/2020,9,117,2,5,0.043,60.04
Massa Carrara,23,17/03/2020,26,143,0,5,0.035,73.38
Massa Carrara,24,18/03/2020,33,176,1,6,0.034,90.31
Massa Carrara,25,19/03/2020,24,200,4,10,0.05,102.63
Massa Carrara,26,20/03/2020,32,232,1,11,0.047,119.05
Massa Carrara,27,21/03/2020,24,256,9,20,0.078,131.36
Massa Carrara,28,22/03/2020,25,281,4,24,0.085,144.19
Massa Carrara,29,23/03/2020,8,289,7,31,0.107,148.3
Massa Carrara,30,24/03/2020,25,314,4,35,0.111,161.13
Massa Carrara,31,25/03/2020,16,330,2,37,0.112,169.34
Massa Carrara,32,26/03/2020,4,334,4,41,0.123,171.39
Massa Carrara,33,27/03/2020,0,334,3,44,0.132,171.39
Massa Carrara,34,28/03/2020,136,470,1,45,0.096,241.18
Massa Carrara,35,29/03/2020,23,493,3,48,0.097,252.98
Massa Carrara,36,30/03/2020,50,543,1,49,0.09,278.64
Massa Carrara,37,31/03/2020,18,561,1,50,0.089,287.87
Massa Carrara,38,01/04/2020,50,611,0,50,0.082,313.53
Massa Carrara,39,02/04/2020,33,644,2,52,0.081,330.46
Massa Carrara,40,03/04/2020,0,644,4,56,0.087,330.46
Massa Carrara,41,04/04/2020,15,659,3,59,0.09,338.16
Massa Carrara,42,05/04/2020,8,667,2,61,0.091,342.27
Massa Carrara,43,06/04/2020,31,698,3,64,0.092,358.17
Massa Carrara,44,07/04/2020,36,734,1,65,0.089,376.65
Massa Carrara,45,08/04/2020,35,769,1,66,0.086,394.61
Massa Carrara,46,09/04/2020,21,790,2,68,0.086,405.38
Massa Carrara,47,10/04/2020,8,798,2,70,0.088,409.49
Massa Carrara,48,11/04/2020,16,814,4,74,0.091,417.7
Massa Carrara,49,12/04/2020,41,855,3,77,0.09,438.74
Massa Carrara,50,13/04/2020,12,867,6,83,0.096,444.89
Massa Carrara,51,14/04/2020,6,873,2,85,0.097,447.97
Massa Carrara,52,15/04/2020,8,881,2,87,0.099,452.08
Massa Carrara,53,16/04/2020,12,893,8,95,0.106,458.24
Massa Carrara,54,17/04/2020,19,912,3,98,0.107,467.99
Massa Carrara,55,18/04/2020,6,918,5,103,0.112,471.06
Massa Carrara,56,19/04/2020,15,933,1,104,0.111,478.76
Massa Carrara,57,20/04/2020,16,949,6,110,0.116,486.97
Massa Carrara,58,21/04/2020,7,956,0,110,0.115,490.56
Massa Carrara,59,22/04/2020,1,957,1,111,0.116,491.08
Massa Carrara,60,23/04/2020,2,959,0,111,0.116,492.1
Massa Carrara,61,24/04/2020,7,966,0,111,0.115,495.69
Massa Carrara,62,25/04/2020,11,977,1,112,0.115,501.34
Massa Carrara,63,26/04/2020,2,979,0,112,0.114,502.37
Massa Carrara,64,27/04/2020,4,983,0,112,0.114,504.42
Massa Carrara,65,28/04/2020,4,987,4,116,0.118,506.47
Massa Carrara,66,29/04/2020,6,993,1,117,0.118,509.55
Massa Carrara,67,30/04/2020,1,994,0,117,0.118,510.06
Massa Carrara,68,01/05/2020,11,1005,1,118,0.117,515.71
Massa Carrara,69,02/05/2020,7,1012,4,122,0.121,519.3
Massa Carrara,70,03/05/2020,3,1015,0,122,0.12,520.84
Massa Carrara,71,04/05/2020,3,1018,0,122,0.12,522.38
Massa Carrara,72,05/05/2020,2,1020,0,122,0.12,523.4
Massa Carrara,73,06/05/2020,0,1020,3,125,0.123,523.4
Massa Carrara,74,07/05/2020,1,1021,6,131,0.128,523.92
Massa Carrara,75,08/05/2020,1,1022,3,134,0.131,524.43
Massa Carrara,76,09/05/2020,0,1022,0,134,0.131,524.43
Massa Carrara,77,10/05/2020,6,1028,0,134,0.13,527.51
Massa Carrara,78,11/05/2020,1,1029,1,135,0.131,528.02
Massa Carrara,79,12/05/2020,1,1030,1,136,0.132,528.54
Massa Carrara,80,13/05/2020,3,1033,2,138,0.134,530.08
Massa Carrara,81,14/05/2020,4,1037,1,139,0.134,532.13
Massa Carrara,82,15/05/2020,0,1037,0,139,0.134,532.13
Massa Carrara,83,16/05/2020,5,1042,2,141,0.135,534.69
Massa Carrara,84,17/05/2020,1,1043,0,141,0.135,535.21
Massa Carrara,85,18/05/2020,0,1043,0,141,0.135,535.21
Massa Carrara,86,19/05/2020,0,1043,0,141,0.135,535.21
Massa Carrara,87,20/05/2020,1,1044,0,141,0.135,535.72
Massa Carrara,88,21/05/2020,0,1044,0,141,0.135,535.72
Massa Carrara,89,22/05/2020,0,1044,0,141,0.135,535.72
Massa Carrara,90,23/05/2020,0,1044,0,141,0.135,535.72
Massa Carrara,91,24/05/2020,0,1044,0,141,0.135,535.72
Massa Carrara,92,25/05/2020,0,1044,0,141,0.135,535.72
Massa Carrara,93,26/05/2020,0,1044,1,142,0.136,535.72
Massa Carrara,94,27/05/2020,1,1045,3,145,0.139,536.23
Massa Carrara,95,28/05/2020,1,1046,0,145,0.139,536.75
Massa Carrara,96,29/05/2020,0,1046,0,145,0.139,536.75
Massa Carrara,97,30/05/2020,3,1049,0,145,0.138,538.29
Massa Carrara,98,31/05/2020,0,1049,3,148,0.141,538.29
Massa Carrara,99,01/06/2020,0,1049,2,150,0.143,538.29
Massa Carrara,100,02/06/2020,0,1049,2,152,0.145,538.29
Massa Carrara,101,03/06/2020,0,1049,1,153,0.146,538.29
Massa Carrara,102,04/06/2020,0,1049,3,156,0.149,538.29
Massa Carrara,103,05/06/2020,1,1050,2,158,0.15,538.8
Massa Carrara,104,06/06/2020,0,1050,2,160,0.152,538.8
Massa Carrara,105,07/06/2020,0,1050,1,161,0.153,538.8
Massa Carrara,106,08/06/2020,0,1050,0,161,0.153,538.8
Massa Carrara,107,09/06/2020,0,1050,0,161,0.153,538.8
Massa Carrara,108,10/06/2020,0,1050,1,162,0.154,538.8
Massa Carrara,109,11/06/2020,1,1051,0,162,0.154,539.31
Massa Carrara,110,12/06/2020,0,1051,0,162,0.154,539.31
Massa Carrara,111,13/06/2020,0,1051,0,162,0.154,539.31
Massa Carrara,112,14/06/2020,0,1051,0,162,0.154,539.31
Massa Carrara,113,15/06/2020,0,1051,0,162,0.154,539.31
Massa Carrara,114,16/06/2020,0,1051,0,162,0.154,539.31
Massa Carrara,115,17/06/2020,1,1052,0,162,0.154,539.82
Massa Carrara,116,18/06/2020,0,1052,0,162,0.154,539.82
Massa Carrara,117,19/06/2020,0,1052,0,162,0.154,539.82
Massa Carrara,118,20/06/2020,0,1052,0,162,0.154,539.82
Massa Carrara,119,21/06/2020,0,1052,0,162,0.154,539.82
Massa Carrara,120,22/06/2020,0,1052,0,162,0.154,539.82
Massa Carrara,121,23/06/2020,0,1052,0,162,0.154,539.82
Massa Carrara,122,24/06/2020,-2,1050,2,164,0.156,538.8
Massa Carrara,123,25/06/2020,0,1050,0,164,0.156,538.8
Massa Carrara,124,26/06/2020,0,1050,0,164,0.156,538.8
Massa Carrara,125,27/06/2020,0,1050,0,164,0.156,538.8
Massa Carrara,126,28/06/2020,1,1051,0,164,0.156,539.31
Massa Carrara,127,29/06/2020,0,1051,0,164,0.156,539.31
Massa Carrara,128,30/06/2020,0,1051,0,164,0.156,539.31
Massa Carrara,129,01/07/2020,0,1051,2,166,0.158,539.31
Massa Carrara,130,02/07/2020,0,1051,1,167,0.159,539.31
Massa Carrara,131,03/07/2020,0,1051,2,169,0.161,539.31
Massa Carrara,132,04/07/2020,1,1052,1,170,0.162,539.82
Massa Carrara,133,05/07/2020,0,1052,0,170,0.162,539.82
Massa Carrara,134,06/07/2020,0,1052,0,170,0.162,539.82
Massa Carrara,135,07/07/2020,0,1052,1,171,0.163,539.82
Massa Carrara,136,08/07/2020,0,1052,0,171,0.163,539.82
Massa Carrara,137,09/07/2020,0,1052,0,171,0.163,539.82
Massa Carrara,138,10/07/2020,0,1052,0,171,0.163,539.82
Massa Carrara,139,11/07/2020,0,1052,0,171,0.163,539.82
Massa Carrara,140,12/07/2020,0,1052,0,171,0.163,539.82
Massa Carrara,141,13/07/2020,0,1052,0,171,0.163,539.82
Massa Carrara,142,14/07/2020,0,1052,1,172,0.163,539.82
Massa Carrara,143,15/07/2020,2,1054,0,172,0.163,540.85
Massa Carrara,144,16/07/2020,1,1055,0,172,0.163,541.36
Massa Carrara,145,17/07/2020,0,1055,1,173,0.164,541.36
Massa Carrara,146,18/07/2020,0,1055,0,173,0.164,541.36
Massa Carrara,147,19/07/2020,1,1056,0,173,0.164,541.88
Massa Carrara,148,20/07/2020,0,1056,0,173,0.164,541.88
Massa Carrara,149,21/07/2020,0,1056,0,173,0.164,541.88
Massa Carrara,150,22/07/2020,0,1056,0,173,0.164,541.88
Massa Carrara,151,23/07/2020,0,1056,0,173,0.164,541.88
Massa Carrara,152,24/07/2020,0,1056,0,173,0.164,541.88
Massa Carrara,153,25/07/2020,0,1056,0,173,0.164,541.88
Massa Carrara,154,26/07/2020,0,1056,0,173,0.164,541.88
Massa Carrara,155,27/07/2020,0,1056,0,173,0.164,541.88
Massa Carrara,156,28/07/2020,0,1056,0,173,0.164,541.88
Massa Carrara,157,29/07/2020,0,1056,0,173,0.164,541.88
Massa Carrara,158,30/07/2020,0,1056,0,173,0.164,541.88
Massa Carrara,159,31/07/2020,1,1057,0,173,0.164,542.39
Massa Carrara,160,01/08/2020,0,1057,1,174,0.165,542.39
Massa Carrara,161,02/08/2020,0,1057,0,174,0.165,542.39
Massa Carrara,162,03/08/2020,0,1057,0,174,0.165,542.39
Massa Carrara,163,04/08/2020,0,1057,0,174,0.165,542.39
Massa Carrara,164,05/08/2020,0,1057,0,174,0.165,542.39
Massa Carrara,165,06/08/2020,0,1057,0,174,0.165,542.39
Massa Carrara,166,07/08/2020,0,1057,0,174,0.165,542.39
Massa Carrara,167,08/08/2020,1,1058,0,174,0.164,542.9
Massa Carrara,168,09/08/2020,17,1075,0,174,0.162,551.63
Massa Carrara,169,10/08/2020,1,1076,0,174,0.162,552.14
Massa Carrara,170,11/08/2020,0,1076,0,174,0.162,552.14
Massa Carrara,171,12/08/2020,0,1076,0,174,0.162,552.14
Massa Carrara,172,13/08/2020,2,1078,0,174,0.161,553.17
Massa Carrara,173,14/08/2020,0,1078,0,174,0.161,553.17
Massa Carrara,174,15/08/2020,0,1078,0,174,0.161,553.17
Massa Carrara,175,16/08/2020,7,1085,0,174,0.16,556.76
Massa Carrara,176,17/08/2020,4,1089,0,174,0.16,558.81
Massa Carrara,177,18/08/2020,8,1097,0,174,0.159,562.92
Massa Carrara,178,19/08/2020,8,1105,0,174,0.157,567.02
Massa Carrara,179,20/08/2020,3,1108,0,174,0.157,568.56
Massa Carrara,180,21/08/2020,1,1109,0,174,0.157,569.07
Massa Carrara,181,22/08/2020,6,1115,0,174,0.156,572.15
Massa Carrara,182,23/08/2020,9,1124,0,174,0.155,576.77
Massa Carrara,183,24/08/2020,8,1132,0,174,0.154,580.88
Massa Carrara,184,25/08/2020,9,1141,0,174,0.152,585.49
Massa Carrara,185,26/08/2020,20,1161,0,174,0.15,595.76
Massa Carrara,186,27/08/2020,17,1178,0,174,0.148,604.48
Massa Carrara,187,28/08/2020,10,1188,1,175,0.147,609.61
Massa Carrara,188,29/08/2020,22,1210,0,175,0.145,620.9
Massa Carrara,189,30/08/2020,11,1221,0,175,0.143,626.55
Massa Carrara,190,31/08/2020,7,1228,0,175,0.143,630.14
Massa Carrara,191,01/09/2020,7,1235,0,175,0.142,633.73
Massa Carrara,192,02/09/2020,10,1245,0,175,0.141,638.86
Massa Carrara,193,03/09/2020,19,1264,0,175,0.138,648.61
Massa Carrara,194,04/09/2020,10,1274,0,175,0.137,653.74
Massa Carrara,195,05/09/2020,24,1298,0,175,0.135,666.06
Massa Carrara,196,06/09/2020,23,1321,0,175,0.132,677.86
Massa Carrara,197,07/09/2020,18,1339,0,175,0.131,687.1
Massa Carrara,198,08/09/2020,2,1341,0,175,0.13,688.12
Massa Carrara,199,09/09/2020,13,1354,1,176,0.13,694.79
Massa Carrara,200,10/09/2020,8,1362,0,176,0.129,698.9
Massa Carrara,201,11/09/2020,20,1382,0,176,0.127,709.16
Massa Carrara,202,12/09/2020,15,1397,0,176,0.126,716.86
Massa Carrara,203,13/09/2020,12,1409,0,176,0.125,723.02
Massa Carrara,204,14/09/2020,11,1420,0,176,0.124,728.66
Massa Carrara,205,15/09/2020,1,1421,1,177,0.125,729.17
Massa Carrara,206,16/09/2020,7,1428,0,177,0.124,732.77
Massa Carrara,207,17/09/2020,14,1442,0,177,0.123,739.95
Massa Carrara,208,18/09/2020,8,1450,0,177,0.122,744.06
Massa Carrara,209,19/09/2020,13,1463,0,177,0.121,750.73
Massa Carrara,210,20/09/2020,12,1475,0,177,0.12,756.88
Massa Carrara,211,21/09/2020,9,1484,0,177,0.119,761.5
Massa Carrara,212,22/09/2020,7,1491,0,177,0.119,765.09
Massa Carrara,213,23/09/2020,1,1492,0,177,0.119,765.61
Massa Carrara,214,24/09/2020,8,1500,0,177,0.118,769.71
Massa Carrara,215,25/09/2020,7,1507,0,177,0.117,773.3
Massa Carrara,216,26/09/2020,12,1519,1,178,0.117,779.46
Massa Carrara,217,27/09/2020,7,1526,0,178,0.117,783.05
Massa Carrara,218,28/09/2020,5,1531,0,178,0.116,785.62
Massa Carrara,219,29/09/2020,4,1535,0,178,0.116,787.67
Massa Carrara,220,30/09/2020,0,1535,0,178,0.116,787.67
Massa Carrara,221,01/10/2020,2,1537,0,178,0.116,788.7
Massa Carrara,222,02/10/2020,2,1539,0,178,0.116,789.72
Massa Carrara,223,03/10/2020,3,1542,1,179,0.116,791.26
Massa Carrara,224,04/10/2020,3,1545,0,179,0.116,792.8
Massa Carrara,225,05/10/2020,9,1554,0,179,0.115,797.42
Massa Carrara,226,06/10/2020,7,1561,0,179,0.115,801.01
Massa Carrara,227,07/10/2020,4,1565,1,180,0.115,803.07
Massa Carrara,228,08/10/2020,13,1578,0,180,0.114,809.74
Massa Carrara,229,09/10/2020,34,1612,1,181,0.112,827.18
Massa Carrara,230,10/10/2020,13,1625,0,181,0.111,833.86
Massa Carrara,231,11/10/2020,16,1641,0,181,0.11,842.07
Massa Carrara,232,12/10/2020,25,1666,1,182,0.109,854.89
Massa Carrara,233,13/10/2020,28,1694,0,182,0.107,869.26
Massa Carrara,234,14/10/2020,19,1713,0,182,0.106,879.01
Massa Carrara,235,15/10/2020,28,1741,0,182,0.105,893.38
Massa Carrara,236,16/10/2020,46,1787,1,183,0.102,916.98
Massa Carrara,237,17/10/2020,42,1829,0,183,0.1,938.54
Massa Carrara,238,18/10/2020,27,1856,0,183,0.099,952.39
Massa Carrara,239,19/10/2020,67,1923,1,184,0.096,986.77
Massa Carrara,240,20/10/2020,48,1971,0,184,0.093,1011.4
Massa Carrara,241,21/10/2020,30,2001,2,186,0.093,1026.8
Massa Carrara,242,22/10/2020,60,2061,0,186,0.09,1057.58
Massa Carrara,243,23/10/2020,64,2125,2,188,0.088,1090.43
Massa Carrara,244,24/10/2020,65,2190,0,188,0.086,1123.78
Massa Carrara,245,25/10/2020,87,2277,1,189,0.083,1168.42
Massa Carrara,246,26/10/2020,71,2348,1,190,0.081,1204.86
Massa Carrara,247,27/10/2020,47,2395,1,191,0.08,1228.97
Massa Carrara,248,28/10/2020,67,2462,0,191,0.078,1263.35
Massa Carrara,249,29/10/2020,118,2580,1,192,0.074,1323.91
Massa Carrara,250,30/10/2020,168,2748,2,194,0.071,1410.11
Massa Carrara,251,31/10/2020,126,2874,1,195,0.068,1474.77
Massa Carrara,252,01/11/2020,51,2925,2,197,0.067,1500.94
Massa Carrara,253,02/11/2020,80,3005,0,197,0.066,1541.99
Massa Carrara,254,03/11/2020,82,3087,2,199,0.064,1584.07
Massa Carrara,255,04/11/2020,50,3137,2,201,0.064,1609.73
Massa Carrara,256,05/11/2020,27,3164,3,204,0.064,1623.58
Massa Carrara,257,06/11/2020,140,3304,2,206,0.062,1695.42
Massa Carrara,258,07/11/2020,64,3368,1,207,0.061,1728.26
Massa Carrara,259,08/11/2020,99,3467,3,210,0.061,1779.06
Massa Carrara,260,09/11/2020,114,3581,4,214,0.06,1837.56
Massa Carrara,261,10/11/2020,89,3670,3,217,0.059,1883.23
Massa Carrara,262,11/11/2020,51,3721,2,219,0.059,1909.4
Massa Carrara,263,12/11/2020,116,3837,1,220,0.057,1968.92
Massa Carrara,264,13/11/2020,204,4041,5,225,0.056,2073.61
Massa Carrara,265,14/11/2020,196,4237,2,227,0.054,2174.18
Massa Carrara,266,15/11/2020,364,4601,4,231,0.05,2360.96
Massa Carrara,267,16/11/2020,362,4963,0,231,0.047,2546.72
Massa Carrara,268,17/11/2020,257,5220,4,235,0.045,2678.6
Massa Carrara,269,18/11/2020,213,5433,4,239,0.044,2787.9
Massa Carrara,270,19/11/2020,105,5538,4,243,0.044,2841.78
Massa Carrara,271,20/11/2020,189,5727,8,251,0.044,2938.76
Massa Carrara,272,21/11/2020,92,5819,3,254,0.044,2985.97
Massa Carrara,273,22/11/2020,119,5938,8,262,0.044,3047.03
Massa Carrara,274,23/11/2020,75,6013,5,267,0.044,3085.52
Massa Carrara,275,24/11/2020,67,6080,2,269,0.044,3119.9
Massa Carrara,276,25/11/2020,54,6134,7,276,0.045,3147.61
Massa Carrara,277,26/11/2020,52,6186,3,279,0.045,3174.29
Massa Carrara,278,27/11/2020,104,6290,6,285,0.045,3227.66
Massa Carrara,279,28/11/2020,108,6398,6,291,0.045,3283.08
Massa Carrara,280,29/11/2020,60,6458,2,293,0.045,3313.87
Massa Carrara,281,30/11/2020,58,6516,7,300,0.046,3343.63
Massa Carrara,282,01/12/2020,42,6558,9,309,0.047,3365.18
Massa Carrara,283,02/12/2020,27,6585,2,311,0.047,3379.04
Massa Carrara,284,03/12/2020,86,6671,4,315,0.047,3423.17
Massa Carrara,285,04/12/2020,77,6748,4,319,0.047,3462.68
Massa Carrara,286,05/12/2020,33,6781,1,320,0.047,3479.61
Massa Carrara,287,06/12/2020,34,6815,2,322,0.047,3497.06
Massa Carrara,288,07/12/2020,96,6911,0,322,0.047,3546.32
Massa Carrara,289,08/12/2020,41,6952,9,331,0.048,3567.36
Massa Carrara,290,09/12/2020,48,7000,0,331,0.047,3591.99
Massa Carrara,291,10/12/2020,34,7034,5,336,0.048,3609.44
Massa Carrara,292,11/12/2020,74,7108,4,340,0.048,3647.41
Massa Carrara,293,12/12/2020,30,7138,6,346,0.048,3662.8
Massa Carrara,294,13/12/2020,64,7202,2,348,0.048,3695.65
Massa Carrara,295,14/12/2020,33,7235,3,351,0.049,3712.58
Massa Carrara,296,15/12/2020,16,7251,2,353,0.049,3720.79
Massa Carrara,297,16/12/2020,49,7300,4,357,0.049,3745.93
Massa Carrara,298,17/12/2020,36,7336,10,367,0.05,3764.41
Massa Carrara,299,18/12/2020,30,7366,0,367,0.05,3779.8
Massa Carrara,300,19/12/2020,36,7402,1,368,0.05,3798.27
Massa Carrara,301,20/12/2020,21,7423,5,373,0.05,3809.05
Massa Carrara,302,21/12/2020,25,7448,0,373,0.05,3821.88
Massa Carrara,303,22/12/2020,25,7473,1,374,0.05,3834.71
Massa Carrara,304,23/12/2020,21,7494,0,374,0.05,3845.48
Massa Carrara,305,24/12/2020,24,7518,1,375,0.05,3857.8
Massa Carrara,306,25/12/2020,47,7565,0,375,0.05,3881.92
Massa Carrara,307,26/12/2020,26,7591,3,378,0.05,3895.26
Massa Carrara,308,27/12/2020,5,7596,0,378,0.05,3897.82
Massa Carrara,309,28/12/2020,15,7611,6,384,0.05,3905.52
Massa Carrara,310,29/12/2020,7,7618,0,384,0.05,3909.11
