Province,Day,Date,New_cases,Curr_pos_cases,Deaths,Tot_deaths,Lethality_rate,Cumul_rates
Pistoia,1,24/02/2020,0,0,0,0,0,0
Pistoia,2,25/02/2020,1,1,0,0,0,0.34
Pistoia,3,26/02/2020,-1,0,0,0,0,0
Pistoia,4,27/02/2020,1,1,0,0,0,0.34
Pistoia,5,28/02/2020,0,1,0,0,0,0.34
Pistoia,6,29/02/2020,0,1,0,0,0,0.34
Pistoia,7,01/03/2020,0,1,0,0,0,0.34
Pistoia,8,02/03/2020,0,1,0,0,0,0.34
Pistoia,9,03/03/2020,0,1,0,0,0,0.34
Pistoia,10,04/03/2020,0,1,0,0,0,0.34
Pistoia,11,05/03/2020,0,1,0,0,0,0.34
Pistoia,12,06/03/2020,0,1,0,0,0,0.34
Pistoia,13,07/03/2020,5,6,0,0,0,2.05
Pistoia,14,08/03/2020,7,13,0,0,0,4.44
Pistoia,15,09/03/2020,3,16,0,0,0,5.47
Pistoia,16,10/03/2020,5,21,0,0,0,7.18
Pistoia,17,11/03/2020,11,32,0,0,0,10.94
Pistoia,18,12/03/2020,11,43,0,0,0,14.7
Pistoia,19,13/03/2020,5,48,0,0,0,16.41
Pistoia,20,14/03/2020,15,63,1,1,0.02,21.54
Pistoia,21,15/03/2020,16,79,0,1,0.01,27.01
Pistoia,22,16/03/2020,11,90,0,1,0.01,30.77
Pistoia,23,17/03/2020,10,100,1,2,0.02,34.19
Pistoia,24,18/03/2020,22,122,0,2,0.02,41.71
Pistoia,25,19/03/2020,23,145,1,3,0.02,49.58
Pistoia,26,20/03/2020,26,171,3,6,0.04,58.47
Pistoia,27,21/03/2020,10,181,3,9,0.05,61.89
Pistoia,28,22/03/2020,34,215,2,11,0.05,73.51
Pistoia,29,23/03/2020,14,229,2,13,0.06,78.3
Pistoia,30,24/03/2020,14,243,8,21,0.09,83.08
Pistoia,31,25/03/2020,11,254,2,23,0.09,86.85
Pistoia,32,26/03/2020,10,264,1,24,0.09,90.26
Pistoia,33,27/03/2020,0,264,4,28,0.11,90.26
Pistoia,34,28/03/2020,34,298,5,33,0.11,101.89
Pistoia,35,29/03/2020,11,309,2,35,0.11,105.65
Pistoia,36,30/03/2020,15,324,2,37,0.11,110.78
Pistoia,37,31/03/2020,8,332,0,37,0.11,113.51
Pistoia,38,01/04/2020,1,333,1,38,0.11,113.86
Pistoia,39,02/04/2020,13,346,1,39,0.11,118.3
Pistoia,40,03/04/2020,15,361,4,43,0.12,123.43
Pistoia,41,04/04/2020,13,374,3,46,0.12,127.88
Pistoia,42,05/04/2020,20,394,3,49,0.12,134.71
Pistoia,43,06/04/2020,6,400,0,49,0.12,136.76
Pistoia,44,07/04/2020,4,404,1,50,0.12,138.13
Pistoia,45,08/04/2020,46,450,2,52,0.12,153.86
Pistoia,46,09/04/2020,7,457,1,53,0.12,156.25
Pistoia,47,10/04/2020,11,468,4,57,0.12,160.01
Pistoia,48,11/04/2020,22,490,3,60,0.12,167.54
Pistoia,49,12/04/2020,16,506,3,63,0.12,173.01
Pistoia,50,13/04/2020,3,509,0,63,0.12,174.03
Pistoia,51,14/04/2020,4,513,2,65,0.13,175.4
Pistoia,52,15/04/2020,3,516,1,66,0.13,176.43
Pistoia,53,16/04/2020,20,536,1,67,0.12,183.26
Pistoia,54,17/04/2020,11,547,0,67,0.12,187.03
Pistoia,55,18/04/2020,7,554,0,67,0.12,189.42
Pistoia,56,19/04/2020,3,557,0,67,0.12,190.44
Pistoia,57,20/04/2020,11,568,3,70,0.12,194.21
Pistoia,58,21/04/2020,7,575,1,71,0.12,196.6
Pistoia,59,22/04/2020,8,583,0,71,0.12,199.33
Pistoia,60,23/04/2020,9,592,0,71,0.12,202.41
Pistoia,61,24/04/2020,6,598,1,72,0.12,204.46
Pistoia,62,25/04/2020,9,607,0,72,0.12,207.54
Pistoia,63,26/04/2020,8,615,0,72,0.12,210.28
Pistoia,64,27/04/2020,3,618,1,73,0.12,211.3
Pistoia,65,28/04/2020,3,621,0,73,0.12,212.33
Pistoia,66,29/04/2020,3,624,1,74,0.12,213.35
Pistoia,67,30/04/2020,6,630,0,74,0.12,215.4
Pistoia,68,01/05/2020,3,633,0,74,0.12,216.43
Pistoia,69,02/05/2020,7,640,0,74,0.12,218.82
Pistoia,70,03/05/2020,4,644,0,74,0.12,220.19
Pistoia,71,04/05/2020,3,647,2,76,0.12,221.22
Pistoia,72,05/05/2020,0,647,0,76,0.12,221.22
Pistoia,73,06/05/2020,0,647,0,76,0.12,221.22
Pistoia,74,07/05/2020,0,647,0,76,0.12,221.22
Pistoia,75,08/05/2020,1,648,0,76,0.12,221.56
Pistoia,76,09/05/2020,4,652,0,76,0.12,222.93
Pistoia,77,10/05/2020,0,652,0,76,0.12,222.93
Pistoia,78,11/05/2020,0,652,0,76,0.12,222.93
Pistoia,79,12/05/2020,0,652,0,76,0.12,222.93
Pistoia,80,13/05/2020,2,654,0,76,0.12,223.61
Pistoia,81,14/05/2020,1,655,1,77,0.12,223.95
Pistoia,82,15/05/2020,1,656,0,77,0.12,224.29
Pistoia,83,16/05/2020,5,661,0,77,0.12,226
Pistoia,84,17/05/2020,0,661,1,78,0.12,226
Pistoia,85,18/05/2020,0,661,0,78,0.12,226
Pistoia,86,19/05/2020,0,661,0,78,0.12,226
Pistoia,87,20/05/2020,2,663,0,78,0.12,226.69
Pistoia,88,21/05/2020,3,666,1,79,0.12,227.71
Pistoia,89,22/05/2020,3,669,0,79,0.12,228.74
Pistoia,90,23/05/2020,0,669,0,79,0.12,228.74
Pistoia,91,24/05/2020,2,671,0,79,0.12,229.42
Pistoia,92,25/05/2020,2,673,0,79,0.12,230.11
Pistoia,93,26/05/2020,0,673,0,79,0.12,230.11
Pistoia,94,27/05/2020,0,673,0,79,0.12,230.11
Pistoia,95,28/05/2020,1,674,0,79,0.12,230.45
Pistoia,96,29/05/2020,0,674,0,79,0.12,230.45
Pistoia,97,30/05/2020,1,675,1,80,0.12,230.79
Pistoia,98,31/05/2020,0,675,0,80,0.12,230.79
Pistoia,99,01/06/2020,0,675,0,80,0.12,230.79
Pistoia,100,02/06/2020,1,676,0,80,0.12,231.13
Pistoia,101,03/06/2020,0,676,0,80,0.12,231.13
Pistoia,102,04/06/2020,1,677,0,80,0.12,231.47
Pistoia,103,05/06/2020,0,677,0,80,0.12,231.47
Pistoia,104,06/06/2020,0,677,0,80,0.12,231.47
Pistoia,105,07/06/2020,0,677,0,80,0.12,231.47
Pistoia,106,08/06/2020,1,678,0,80,0.12,231.82
Pistoia,107,09/06/2020,0,678,0,80,0.12,231.82
Pistoia,108,10/06/2020,0,678,0,80,0.12,231.82
Pistoia,109,11/06/2020,0,678,0,80,0.12,231.82
Pistoia,110,12/06/2020,1,679,0,80,0.12,232.16
Pistoia,111,13/06/2020,0,679,0,80,0.12,232.16
Pistoia,112,14/06/2020,0,679,0,80,0.12,232.16
Pistoia,113,15/06/2020,1,680,0,80,0.12,232.5
Pistoia,114,16/06/2020,0,680,0,80,0.12,232.5
Pistoia,115,17/06/2020,0,680,0,80,0.12,232.5
Pistoia,116,18/06/2020,0,680,0,80,0.12,232.5
Pistoia,117,19/06/2020,0,680,0,80,0.12,232.5
Pistoia,118,20/06/2020,0,680,0,80,0.12,232.5
Pistoia,119,21/06/2020,0,680,0,80,0.12,232.5
Pistoia,120,22/06/2020,0,680,1,81,0.12,232.5
Pistoia,121,23/06/2020,1,681,0,81,0.12,232.84
Pistoia,122,24/06/2020,62,743,0,81,0.11,254.04
Pistoia,123,25/06/2020,0,743,0,81,0.11,254.04
Pistoia,124,26/06/2020,0,743,0,81,0.11,254.04
Pistoia,125,27/06/2020,4,747,0,81,0.11,255.41
Pistoia,126,28/06/2020,0,747,0,81,0.11,255.41
Pistoia,127,29/06/2020,0,747,0,81,0.11,255.41
Pistoia,128,30/06/2020,0,747,0,81,0.11,255.41
Pistoia,129,01/07/2020,0,747,0,81,0.11,255.41
Pistoia,130,02/07/2020,1,748,0,81,0.11,255.75
Pistoia,131,03/07/2020,0,748,0,81,0.11,255.75
Pistoia,132,04/07/2020,0,748,0,81,0.11,255.75
Pistoia,133,05/07/2020,0,748,0,81,0.11,255.75
Pistoia,134,06/07/2020,0,748,0,81,0.11,255.75
Pistoia,135,07/07/2020,0,748,0,81,0.11,255.75
Pistoia,136,08/07/2020,1,749,0,81,0.11,256.09
Pistoia,137,09/07/2020,0,749,0,81,0.11,256.09
Pistoia,138,10/07/2020,0,749,0,81,0.11,256.09
Pistoia,139,11/07/2020,0,749,0,81,0.11,256.09
Pistoia,140,12/07/2020,0,749,0,81,0.11,256.09
Pistoia,141,13/07/2020,0,749,0,81,0.11,256.09
Pistoia,142,14/07/2020,0,749,0,81,0.11,256.09
Pistoia,143,15/07/2020,0,749,0,81,0.11,256.09
Pistoia,144,16/07/2020,0,749,0,81,0.11,256.09
Pistoia,145,17/07/2020,0,749,0,81,0.11,256.09
Pistoia,146,18/07/2020,0,749,0,81,0.11,256.09
Pistoia,147,19/07/2020,0,749,0,81,0.11,256.09
Pistoia,148,20/07/2020,0,749,0,81,0.11,256.09
Pistoia,149,21/07/2020,0,749,0,81,0.11,256.09
Pistoia,150,22/07/2020,0,749,0,81,0.11,256.09
Pistoia,151,23/07/2020,1,750,0,81,0.11,256.43
Pistoia,152,24/07/2020,2,752,0,81,0.11,257.12
Pistoia,153,25/07/2020,2,754,0,81,0.11,257.8
Pistoia,154,26/07/2020,1,755,0,81,0.11,258.14
Pistoia,155,27/07/2020,0,755,0,81,0.11,258.14
Pistoia,156,28/07/2020,0,755,0,81,0.11,258.14
Pistoia,157,29/07/2020,1,756,0,81,0.11,258.49
Pistoia,158,30/07/2020,0,756,0,81,0.11,258.49
Pistoia,159,31/07/2020,0,756,0,81,0.11,258.49
Pistoia,160,01/08/2020,0,756,0,81,0.11,258.49
Pistoia,161,02/08/2020,0,756,0,81,0.11,258.49
Pistoia,162,03/08/2020,0,756,0,81,0.11,258.49
Pistoia,163,04/08/2020,0,756,0,81,0.11,258.49
Pistoia,164,05/08/2020,0,756,0,81,0.11,258.49
Pistoia,165,06/08/2020,0,756,0,81,0.11,258.49
Pistoia,166,07/08/2020,0,756,0,81,0.11,258.49
Pistoia,167,08/08/2020,1,757,0,81,0.11,258.83
Pistoia,168,09/08/2020,2,759,0,81,0.11,259.51
Pistoia,169,10/08/2020,0,759,0,81,0.11,259.51
Pistoia,170,11/08/2020,2,761,0,81,0.11,260.19
Pistoia,171,12/08/2020,1,762,0,81,0.11,260.54
Pistoia,172,13/08/2020,2,764,0,81,0.11,261.22
Pistoia,173,14/08/2020,7,771,-1,80,0.1,263.61
Pistoia,174,15/08/2020,1,772,1,81,0.1,263.96
Pistoia,175,16/08/2020,3,775,0,81,0.1,264.98
Pistoia,176,17/08/2020,0,775,0,81,0.1,264.98
Pistoia,177,18/08/2020,0,775,0,81,0.1,264.98
Pistoia,178,19/08/2020,2,777,0,81,0.1,265.67
Pistoia,179,20/08/2020,6,783,0,81,0.1,267.72
Pistoia,180,21/08/2020,4,787,0,81,0.1,269.08
Pistoia,181,22/08/2020,1,788,0,81,0.1,269.43
Pistoia,182,23/08/2020,6,794,0,81,0.1,271.48
Pistoia,183,24/08/2020,0,794,0,81,0.1,271.48
Pistoia,184,25/08/2020,3,797,0,81,0.1,272.5
Pistoia,185,26/08/2020,5,802,0,81,0.1,274.21
Pistoia,186,27/08/2020,4,806,0,81,0.1,275.58
Pistoia,187,28/08/2020,1,807,0,81,0.1,275.92
Pistoia,188,29/08/2020,11,818,0,81,0.1,279.68
Pistoia,189,30/08/2020,6,824,0,81,0.1,281.74
Pistoia,190,31/08/2020,1,825,0,81,0.1,282.08
Pistoia,191,01/09/2020,4,829,0,81,0.1,283.44
Pistoia,192,02/09/2020,6,835,0,81,0.1,285.5
Pistoia,193,03/09/2020,14,849,0,81,0.1,290.28
Pistoia,194,04/09/2020,2,851,0,81,0.1,290.97
Pistoia,195,05/09/2020,5,856,0,81,0.1,292.68
Pistoia,196,06/09/2020,6,862,0,81,0.09,294.73
Pistoia,197,07/09/2020,3,865,0,81,0.09,295.75
Pistoia,198,08/09/2020,5,870,0,81,0.09,297.46
Pistoia,199,09/09/2020,1,871,0,81,0.09,297.81
Pistoia,200,10/09/2020,9,880,0,81,0.09,300.88
Pistoia,201,11/09/2020,16,896,0,81,0.09,306.35
Pistoia,202,12/09/2020,18,914,0,81,0.09,312.51
Pistoia,203,13/09/2020,4,918,0,81,0.09,313.88
Pistoia,204,14/09/2020,7,925,0,81,0.09,316.27
Pistoia,205,15/09/2020,1,926,0,81,0.09,316.61
Pistoia,206,16/09/2020,7,933,0,81,0.09,319
Pistoia,207,17/09/2020,5,938,0,81,0.09,320.71
Pistoia,208,18/09/2020,6,944,0,81,0.09,322.76
Pistoia,209,19/09/2020,13,957,0,81,0.09,327.21
Pistoia,210,20/09/2020,11,968,0,81,0.08,330.97
Pistoia,211,21/09/2020,5,973,0,81,0.08,332.68
Pistoia,212,22/09/2020,2,975,0,81,0.08,333.36
Pistoia,213,23/09/2020,2,977,0,81,0.08,334.05
Pistoia,214,24/09/2020,19,996,0,81,0.08,340.54
Pistoia,215,25/09/2020,8,1004,0,81,0.08,343.28
Pistoia,216,26/09/2020,5,1009,0,81,0.08,344.99
Pistoia,217,27/09/2020,6,1015,0,81,0.08,347.04
Pistoia,218,28/09/2020,6,1021,1,82,0.08,349.09
Pistoia,219,29/09/2020,9,1030,1,83,0.08,352.17
Pistoia,220,30/09/2020,0,1030,0,83,0.08,352.17
Pistoia,221,01/10/2020,7,1037,0,83,0.08,354.56
Pistoia,222,02/10/2020,10,1047,0,83,0.08,357.98
Pistoia,223,03/10/2020,29,1076,0,83,0.08,367.9
Pistoia,224,04/10/2020,13,1089,0,83,0.08,372.34
Pistoia,225,05/10/2020,12,1101,1,84,0.08,376.45
Pistoia,226,06/10/2020,8,1109,0,84,0.08,379.18
Pistoia,227,07/10/2020,14,1123,0,84,0.07,383.97
Pistoia,228,08/10/2020,16,1139,0,84,0.07,389.44
Pistoia,229,09/10/2020,31,1170,0,84,0.07,400.04
Pistoia,230,10/10/2020,33,1203,0,84,0.07,411.32
Pistoia,231,11/10/2020,47,1250,0,84,0.07,427.39
Pistoia,232,12/10/2020,12,1262,0,84,0.07,431.49
Pistoia,233,13/10/2020,24,1286,0,84,0.06,439.7
Pistoia,234,14/10/2020,36,1322,0,84,0.06,452.01
Pistoia,235,15/10/2020,50,1372,0,84,0.06,469.1
Pistoia,236,16/10/2020,64,1436,0,84,0.06,490.99
Pistoia,237,17/10/2020,58,1494,0,84,0.06,510.82
Pistoia,238,18/10/2020,105,1599,0,84,0.05,546.72
Pistoia,239,19/10/2020,78,1677,2,86,0.05,573.39
Pistoia,240,20/10/2020,101,1778,0,86,0.05,607.92
Pistoia,241,21/10/2020,23,1801,0,86,0.05,615.78
Pistoia,242,22/10/2020,51,1852,1,87,0.05,633.22
Pistoia,243,23/10/2020,79,1931,0,87,0.04,660.23
Pistoia,244,24/10/2020,130,2061,0,87,0.04,704.68
Pistoia,245,25/10/2020,161,2222,1,88,0.04,759.73
Pistoia,246,26/10/2020,231,2453,1,89,0.04,838.71
Pistoia,247,27/10/2020,147,2600,2,91,0.04,888.97
Pistoia,248,28/10/2020,181,2781,1,92,0.03,950.86
Pistoia,249,29/10/2020,188,2969,1,93,0.03,1015.14
Pistoia,250,30/10/2020,264,3233,0,93,0.03,1105.4
Pistoia,251,31/10/2020,197,3430,2,95,0.03,1172.76
Pistoia,252,01/11/2020,290,3720,0,95,0.03,1271.91
Pistoia,253,02/11/2020,172,3892,3,98,0.03,1330.72
Pistoia,254,03/11/2020,113,4005,1,99,0.03,1369.36
Pistoia,255,04/11/2020,164,4169,7,106,0.03,1425.43
Pistoia,256,05/11/2020,214,4383,1,107,0.02,1498.6
Pistoia,257,06/11/2020,236,4619,2,109,0.02,1579.29
Pistoia,258,07/11/2020,262,4881,6,115,0.02,1668.87
Pistoia,259,08/11/2020,267,5148,0,115,0.02,1760.16
Pistoia,260,09/11/2020,191,5339,3,118,0.02,1825.47
Pistoia,261,10/11/2020,189,5528,5,123,0.02,1890.09
Pistoia,262,11/11/2020,207,5735,4,127,0.02,1960.86
Pistoia,263,12/11/2020,184,5919,2,129,0.02,2023.78
Pistoia,264,13/11/2020,231,6150,3,132,0.02,2102.76
Pistoia,265,14/11/2020,221,6371,9,141,0.02,2178.32
Pistoia,266,15/11/2020,285,6656,8,149,0.02,2275.77
Pistoia,267,16/11/2020,264,6920,0,149,0.02,2366.03
Pistoia,268,17/11/2020,209,7129,4,153,0.02,2437.49
Pistoia,269,18/11/2020,197,7326,2,155,0.02,2504.85
Pistoia,270,19/11/2020,198,7524,5,160,0.02,2572.55
Pistoia,271,20/11/2020,232,7756,5,165,0.02,2651.87
Pistoia,272,21/11/2020,232,7988,1,166,0.02,2731.19
Pistoia,273,22/11/2020,164,8152,5,171,0.02,2787.27
Pistoia,274,23/11/2020,128,8280,5,176,0.02,2831.03
Pistoia,275,24/11/2020,68,8348,2,178,0.02,2854.28
Pistoia,276,25/11/2020,107,8455,3,181,0.02,2890.87
Pistoia,277,26/11/2020,164,8619,5,186,0.02,2946.94
Pistoia,278,27/11/2020,109,8728,4,190,0.02,2984.21
Pistoia,279,28/11/2020,117,8845,3,193,0.02,3024.21
Pistoia,280,29/11/2020,84,8929,8,201,0.02,3052.93
Pistoia,281,30/11/2020,113,9042,1,202,0.02,3091.57
Pistoia,282,01/12/2020,56,9098,2,204,0.02,3110.71
Pistoia,283,02/12/2020,108,9206,2,206,0.02,3147.64
Pistoia,284,03/12/2020,79,9285,1,207,0.02,3174.65
Pistoia,285,04/12/2020,120,9405,6,213,0.02,3215.68
Pistoia,286,05/12/2020,78,9483,7,220,0.02,3242.35
Pistoia,287,06/12/2020,69,9552,2,222,0.02,3265.94
Pistoia,288,07/12/2020,51,9603,3,225,0.02,3283.38
Pistoia,289,08/12/2020,51,9654,0,225,0.02,3300.82
Pistoia,290,09/12/2020,56,9710,4,229,0.02,3319.96
Pistoia,291,10/12/2020,45,9755,7,236,0.02,3335.35
Pistoia,292,11/12/2020,80,9835,2,238,0.02,3362.7
Pistoia,293,12/12/2020,59,9894,3,241,0.02,3382.88
Pistoia,294,13/12/2020,57,9951,4,245,0.03,3402.37
Pistoia,295,14/12/2020,51,10002,5,250,0.03,3419.8
Pistoia,296,15/12/2020,27,10029,2,252,0.03,3429.03
Pistoia,297,16/12/2020,33,10062,4,256,0.03,3440.32
Pistoia,298,17/12/2020,36,10098,3,259,0.03,3452.63
Pistoia,299,18/12/2020,23,10121,2,261,0.03,3460.49
Pistoia,300,19/12/2020,35,10156,1,262,0.03,3472.46
Pistoia,301,20/12/2020,44,10200,1,263,0.03,3487.5
Pistoia,302,21/12/2020,33,10233,0,263,0.03,3498.78
Pistoia,303,22/12/2020,25,10258,1,264,0.03,3507.33
Pistoia,304,23/12/2020,30,10288,2,266,0.03,3517.59
Pistoia,305,24/12/2020,25,10313,3,269,0.03,3526.14
Pistoia,306,25/12/2020,42,10355,1,270,0.03,3540.5
Pistoia,307,26/12/2020,20,10375,0,270,0.03,3547.34
Pistoia,308,27/12/2020,8,10383,1,271,0.03,3550.07
Pistoia,309,28/12/2020,2,10385,1,272,0.03,3550.76
Pistoia,310,29/12/2020,18,10403,1,273,0.03,3556.91
Pistoia,311,30/12/2020,10,10413,0,273,0.03,3560.33
Pistoia,312,31/12/2020,52,10465,0,273,0.03,3578.11
Pistoia,313,01/01/2021,28,10493,0,273,0.03,3587.68
Pistoia,314,02/01/2021,25,10518,0,273,0.03,3596.23
Pistoia,315,03/01/2021,10,10528,1,274,0.03,3599.65
Pistoia,316,04/01/2021,9,10537,0,274,0.03,3602.73
Pistoia,317,05/01/2021,18,10555,0,274,0.03,3608.88
Pistoia,318,06/01/2021,13,10568,0,274,0.03,3613.32
Pistoia,319,07/01/2021,47,10615,2,276,0.03,3629.39
Pistoia,320,08/01/2021,17,10632,3,279,0.03,3635.21
Pistoia,321,09/01/2021,16,10648,1,279,0.03,3640.68
Pistoia,322,10/01/2021,38,10686,0,279,0.03,3653.67
