Province,Day,Date,New_cases,Curr_pos_cases,Deaths,Tot_deaths,Lethality_rate,Cumul_rates
Siena,1,24/02/2020,0,0,0,0,0,0
Siena,2,25/02/2020,0,0,0,0,0,0
Siena,3,26/02/2020,0,0,0,0,0,0
Siena,4,27/02/2020,0,0,0,0,0,0
Siena,5,28/02/2020,0,0,0,0,0,0
Siena,6,29/02/2020,3,3,0,0,0,1.12
Siena,7,01/03/2020,0,3,0,0,0,1.12
Siena,8,02/03/2020,0,3,0,0,0,1.12
Siena,9,03/03/2020,0,3,0,0,0,1.12
Siena,10,04/03/2020,7,10,0,0,0,3.74
Siena,11,05/03/2020,2,12,0,0,0,4.49
Siena,12,06/03/2020,2,14,0,0,0,5.24
Siena,13,07/03/2020,5,19,0,0,0,7.11
Siena,14,08/03/2020,5,24,0,0,0,8.98
Siena,15,09/03/2020,5,29,0,0,0,10.85
Siena,16,10/03/2020,4,33,0,0,0,12.35
Siena,17,11/03/2020,4,37,0,0,0,13.85
Siena,18,12/03/2020,4,41,0,0,0,15.34
Siena,19,13/03/2020,0,41,0,0,0,15.34
Siena,20,14/03/2020,17,58,0,0,0,21.71
Siena,21,15/03/2020,2,60,0,0,0,22.46
Siena,22,16/03/2020,6,66,1,1,0.01,24.7
Siena,23,17/03/2020,7,73,0,1,0.01,27.32
Siena,24,18/03/2020,4,77,0,1,0.01,28.82
Siena,25,19/03/2020,1,78,0,1,0.01,29.19
Siena,26,20/03/2020,50,128,1,2,0.02,47.9
Siena,27,21/03/2020,5,133,1,3,0.02,49.78
Siena,28,22/03/2020,11,144,0,3,0.02,53.89
Siena,29,23/03/2020,16,160,1,4,0.03,59.88
Siena,30,24/03/2020,16,176,1,5,0.03,65.87
Siena,31,25/03/2020,17,193,1,6,0.03,72.23
Siena,32,26/03/2020,23,216,0,6,0.03,80.84
Siena,33,27/03/2020,0,216,0,6,0.03,80.84
Siena,34,28/03/2020,19,235,2,8,0.03,87.95
Siena,35,29/03/2020,38,273,1,9,0.03,102.17
Siena,36,30/03/2020,13,286,0,9,0.03,107.04
Siena,37,31/03/2020,15,301,1,10,0.03,112.65
Siena,38,01/04/2020,11,312,0,10,0.03,116.77
Siena,39,02/04/2020,22,334,0,10,0.03,125
Siena,40,03/04/2020,3,337,2,12,0.04,126.12
Siena,41,04/04/2020,2,339,0,12,0.04,126.87
Siena,42,05/04/2020,1,340,0,12,0.04,127.25
Siena,43,06/04/2020,10,350,1,13,0.04,130.99
Siena,44,07/04/2020,10,360,1,14,0.04,134.73
Siena,45,08/04/2020,1,361,0,14,0.04,135.11
Siena,46,09/04/2020,-1,360,0,14,0.04,134.73
Siena,47,10/04/2020,3,363,0,14,0.04,135.85
Siena,48,11/04/2020,6,369,0,14,0.04,138.1
Siena,49,12/04/2020,2,371,0,14,0.04,138.85
Siena,50,13/04/2020,1,372,1,15,0.04,139.22
Siena,51,14/04/2020,1,373,0,15,0.04,139.6
Siena,52,15/04/2020,2,375,2,17,0.04,140.35
Siena,53,16/04/2020,9,384,0,17,0.04,143.71
Siena,54,17/04/2020,8,392,5,22,0.06,146.71
Siena,55,18/04/2020,7,399,0,22,0.06,149.33
Siena,56,19/04/2020,6,405,0,22,0.05,151.57
Siena,57,20/04/2020,2,407,1,23,0.06,152.32
Siena,58,21/04/2020,4,411,1,24,0.06,153.82
Siena,59,22/04/2020,1,412,0,24,0.06,154.19
Siena,60,23/04/2020,2,414,0,24,0.06,154.94
Siena,61,24/04/2020,1,415,0,24,0.06,155.32
Siena,62,25/04/2020,2,417,1,25,0.06,156.06
Siena,63,26/04/2020,3,420,0,25,0.06,157.19
Siena,64,27/04/2020,0,420,0,25,0.06,157.19
Siena,65,28/04/2020,1,421,0,25,0.06,157.56
Siena,66,29/04/2020,0,421,0,25,0.06,157.56
Siena,67,30/04/2020,1,422,0,25,0.06,157.94
Siena,68,01/05/2020,1,423,0,25,0.06,158.31
Siena,69,02/05/2020,1,424,0,25,0.06,158.68
Siena,70,03/05/2020,0,424,0,25,0.06,158.68
Siena,71,04/05/2020,1,425,0,25,0.06,159.06
Siena,72,05/05/2020,0,425,1,26,0.06,159.06
Siena,73,06/05/2020,0,425,1,27,0.06,159.06
Siena,74,07/05/2020,0,425,0,27,0.06,159.06
Siena,75,08/05/2020,2,427,0,27,0.06,159.81
Siena,76,09/05/2020,0,427,0,27,0.06,159.81
Siena,77,10/05/2020,0,427,0,27,0.06,159.81
Siena,78,11/05/2020,0,427,0,27,0.06,159.81
Siena,79,12/05/2020,0,427,0,27,0.06,159.81
Siena,80,13/05/2020,0,427,0,27,0.06,159.81
Siena,81,14/05/2020,2,429,0,27,0.06,160.56
Siena,82,15/05/2020,0,429,0,27,0.06,160.56
Siena,83,16/05/2020,0,429,0,27,0.06,160.56
Siena,84,17/05/2020,1,430,0,27,0.06,160.93
Siena,85,18/05/2020,0,430,0,27,0.06,160.93
Siena,86,19/05/2020,0,430,0,27,0.06,160.93
Siena,87,20/05/2020,1,431,0,27,0.06,161.3
Siena,88,21/05/2020,1,432,1,28,0.06,161.68
Siena,89,22/05/2020,5,437,0,28,0.06,163.55
Siena,90,23/05/2020,1,438,0,28,0.06,163.92
Siena,91,24/05/2020,0,438,0,28,0.06,163.92
Siena,92,25/05/2020,0,438,0,28,0.06,163.92
Siena,93,26/05/2020,0,438,0,28,0.06,163.92
Siena,94,27/05/2020,0,438,1,29,0.07,163.92
Siena,95,28/05/2020,0,438,0,29,0.07,163.92
Siena,96,29/05/2020,0,438,0,29,0.07,163.92
Siena,97,30/05/2020,0,438,0,29,0.07,163.92
Siena,98,31/05/2020,0,438,0,29,0.07,163.92
Siena,99,01/06/2020,0,438,0,29,0.07,163.92
Siena,100,02/06/2020,0,438,0,29,0.07,163.92
Siena,101,03/06/2020,0,438,0,29,0.07,163.92
Siena,102,04/06/2020,0,438,0,29,0.07,163.92
Siena,103,05/06/2020,0,438,0,29,0.07,163.92
Siena,104,06/06/2020,0,438,0,29,0.07,163.92
Siena,105,07/06/2020,0,438,0,29,0.07,163.92
Siena,106,08/06/2020,3,441,0,29,0.07,165.05
Siena,107,09/06/2020,0,441,1,30,0.07,165.05
Siena,108,10/06/2020,0,441,0,30,0.07,165.05
Siena,109,11/06/2020,0,441,0,30,0.07,165.05
Siena,110,12/06/2020,0,441,0,30,0.07,165.05
Siena,111,13/06/2020,0,441,0,30,0.07,165.05
Siena,112,14/06/2020,0,441,0,30,0.07,165.05
Siena,113,15/06/2020,0,441,0,30,0.07,165.05
Siena,114,16/06/2020,0,441,0,30,0.07,165.05
Siena,115,17/06/2020,0,441,0,30,0.07,165.05
Siena,116,18/06/2020,0,441,0,30,0.07,165.05
Siena,117,19/06/2020,0,441,0,30,0.07,165.05
Siena,118,20/06/2020,0,441,0,30,0.07,165.05
Siena,119,21/06/2020,0,441,0,30,0.07,165.05
Siena,120,22/06/2020,0,441,0,30,0.07,165.05
Siena,121,23/06/2020,0,441,1,31,0.07,165.05
Siena,122,24/06/2020,-14,427,1,32,0.07,159.81
Siena,123,25/06/2020,0,427,0,32,0.07,159.81
Siena,124,26/06/2020,0,427,0,32,0.07,159.81
Siena,125,27/06/2020,0,427,0,32,0.07,159.81
Siena,126,28/06/2020,0,427,0,32,0.07,159.81
Siena,127,29/06/2020,0,427,0,32,0.07,159.81
Siena,128,30/06/2020,0,427,0,32,0.07,159.81
Siena,129,01/07/2020,2,429,0,32,0.07,160.56
Siena,130,02/07/2020,0,429,0,32,0.07,160.56
Siena,131,03/07/2020,0,429,0,32,0.07,160.56
Siena,132,04/07/2020,0,429,0,32,0.07,160.56
Siena,133,05/07/2020,0,429,0,32,0.07,160.56
Siena,134,06/07/2020,0,429,0,32,0.07,160.56
Siena,135,07/07/2020,0,429,0,32,0.07,160.56
Siena,136,08/07/2020,0,429,0,32,0.07,160.56
Siena,137,09/07/2020,0,429,0,32,0.07,160.56
Siena,138,10/07/2020,0,429,0,32,0.07,160.56
Siena,139,11/07/2020,0,429,0,32,0.07,160.56
Siena,140,12/07/2020,0,429,0,32,0.07,160.56
Siena,141,13/07/2020,0,429,0,32,0.07,160.56
Siena,142,14/07/2020,0,429,0,32,0.07,160.56
Siena,143,15/07/2020,0,429,0,32,0.07,160.56
Siena,144,16/07/2020,0,429,0,32,0.07,160.56
Siena,145,17/07/2020,0,429,0,32,0.07,160.56
Siena,146,18/07/2020,0,429,0,32,0.07,160.56
Siena,147,19/07/2020,0,429,0,32,0.07,160.56
Siena,148,20/07/2020,0,429,0,32,0.07,160.56
Siena,149,21/07/2020,0,429,0,32,0.07,160.56
Siena,150,22/07/2020,0,429,0,32,0.07,160.56
Siena,151,23/07/2020,0,429,0,32,0.07,160.56
Siena,152,24/07/2020,0,429,0,32,0.07,160.56
Siena,153,25/07/2020,0,429,0,32,0.07,160.56
Siena,154,26/07/2020,0,429,0,32,0.07,160.56
Siena,155,27/07/2020,0,429,0,32,0.07,160.56
Siena,156,28/07/2020,0,429,0,32,0.07,160.56
Siena,157,29/07/2020,1,430,0,32,0.07,160.93
Siena,158,30/07/2020,0,430,0,32,0.07,160.93
Siena,159,31/07/2020,1,431,0,32,0.07,161.3
Siena,160,01/08/2020,0,431,0,32,0.07,161.3
Siena,161,02/08/2020,0,431,0,32,0.07,161.3
Siena,162,03/08/2020,0,431,0,32,0.07,161.3
Siena,163,04/08/2020,0,431,0,32,0.07,161.3
Siena,164,05/08/2020,0,431,0,32,0.07,161.3
Siena,165,06/08/2020,4,435,0,32,0.07,162.8
Siena,166,07/08/2020,1,436,0,32,0.07,163.18
Siena,167,08/08/2020,4,440,0,32,0.07,164.67
Siena,168,09/08/2020,1,441,0,32,0.07,165.05
Siena,169,10/08/2020,0,441,0,32,0.07,165.05
Siena,170,11/08/2020,0,441,0,32,0.07,165.05
Siena,171,12/08/2020,4,445,0,32,0.07,166.54
Siena,172,13/08/2020,1,446,0,32,0.07,166.92
Siena,173,14/08/2020,5,451,0,32,0.07,168.79
Siena,174,15/08/2020,0,451,0,32,0.07,168.79
Siena,175,16/08/2020,1,452,0,32,0.07,169.16
Siena,176,17/08/2020,2,454,0,32,0.07,169.91
Siena,177,18/08/2020,3,457,0,32,0.07,171.03
Siena,178,19/08/2020,0,457,0,32,0.07,171.03
Siena,179,20/08/2020,2,459,0,32,0.07,171.78
Siena,180,21/08/2020,5,464,0,32,0.07,173.65
Siena,181,22/08/2020,5,469,0,32,0.07,175.53
Siena,182,23/08/2020,2,471,0,32,0.07,176.27
Siena,183,24/08/2020,2,473,0,32,0.07,177.02
Siena,184,25/08/2020,7,480,0,32,0.07,179.64
Siena,185,26/08/2020,6,486,0,32,0.07,181.89
Siena,186,27/08/2020,8,494,0,32,0.06,184.88
Siena,187,28/08/2020,11,505,0,32,0.06,189
Siena,188,29/08/2020,3,508,0,32,0.06,190.12
Siena,189,30/08/2020,1,509,0,32,0.06,190.5
Siena,190,31/08/2020,0,509,0,32,0.06,190.5
Siena,191,01/09/2020,1,510,0,32,0.06,190.87
Siena,192,02/09/2020,5,515,0,32,0.06,192.74
Siena,193,03/09/2020,2,517,0,32,0.06,193.49
Siena,194,04/09/2020,2,519,0,32,0.06,194.24
Siena,195,05/09/2020,4,523,0,32,0.06,195.74
Siena,196,06/09/2020,1,524,0,32,0.06,196.11
Siena,197,07/09/2020,6,530,0,32,0.06,198.36
Siena,198,08/09/2020,1,531,0,32,0.06,198.73
Siena,199,09/09/2020,4,535,0,32,0.06,200.23
Siena,200,10/09/2020,7,542,0,32,0.06,202.85
Siena,201,11/09/2020,0,542,0,32,0.06,202.85
Siena,202,12/09/2020,6,548,0,32,0.06,205.09
Siena,203,13/09/2020,2,550,0,32,0.06,205.84
Siena,204,14/09/2020,0,550,0,32,0.06,205.84
Siena,205,15/09/2020,1,551,0,32,0.06,206.21
Siena,206,16/09/2020,5,556,0,32,0.06,208.09
Siena,207,17/09/2020,4,560,0,32,0.06,209.58
Siena,208,18/09/2020,5,565,0,32,0.06,211.45
Siena,209,19/09/2020,4,569,0,32,0.06,212.95
Siena,210,20/09/2020,3,572,0,32,0.06,214.07
Siena,211,21/09/2020,9,581,0,32,0.06,217.44
Siena,212,22/09/2020,1,582,0,32,0.06,217.82
Siena,213,23/09/2020,5,587,0,32,0.06,219.69
Siena,214,24/09/2020,8,595,0,32,0.05,222.68
Siena,215,25/09/2020,7,602,0,32,0.05,225.3
Siena,216,26/09/2020,4,606,0,32,0.05,226.8
Siena,217,27/09/2020,11,617,0,32,0.05,230.92
Siena,218,28/09/2020,5,622,0,32,0.05,232.79
Siena,219,29/09/2020,11,633,0,32,0.05,236.9
Siena,220,30/09/2020,0,633,0,32,0.05,236.9
Siena,221,01/10/2020,9,642,0,32,0.05,240.27
Siena,222,02/10/2020,6,648,0,32,0.05,242.52
Siena,223,03/10/2020,21,669,0,32,0.05,250.38
Siena,224,04/10/2020,6,675,0,32,0.05,252.62
Siena,225,05/10/2020,19,694,0,32,0.05,259.73
Siena,226,06/10/2020,19,713,0,32,0.04,266.84
Siena,227,07/10/2020,19,732,0,32,0.04,273.96
Siena,228,08/10/2020,14,746,0,32,0.04,279.19
Siena,229,09/10/2020,14,760,0,32,0.04,284.43
Siena,230,10/10/2020,31,791,0,32,0.04,296.04
Siena,231,11/10/2020,24,815,0,32,0.04,305.02
Siena,232,12/10/2020,42,857,0,32,0.04,320.74
Siena,233,13/10/2020,40,897,0,32,0.04,335.71
Siena,234,14/10/2020,27,924,0,32,0.04,345.81
Siena,235,15/10/2020,50,974,0,32,0.03,364.53
Siena,236,16/10/2020,44,1018,0,32,0.03,380.99
Siena,237,17/10/2020,87,1105,0,32,0.03,413.55
Siena,238,18/10/2020,34,1139,0,32,0.03,426.28
Siena,239,19/10/2020,54,1193,0,32,0.03,446.49
Siena,240,20/10/2020,56,1249,0,32,0.03,467.45
Siena,241,21/10/2020,30,1279,0,32,0.03,478.67
Siena,242,22/10/2020,71,1350,2,34,0.03,505.25
Siena,243,23/10/2020,75,1425,0,34,0.02,533.31
Siena,244,24/10/2020,67,1492,0,34,0.02,558.39
Siena,245,25/10/2020,84,1576,0,34,0.02,589.83
Siena,246,26/10/2020,44,1620,0,34,0.02,606.29
Siena,247,27/10/2020,47,1667,0,34,0.02,623.88
Siena,248,28/10/2020,43,1710,0,34,0.02,639.98
Siena,249,29/10/2020,61,1771,2,36,0.02,662.81
Siena,250,30/10/2020,115,1886,0,36,0.02,705.85
Siena,251,31/10/2020,82,1968,0,36,0.02,736.54
Siena,252,01/11/2020,63,2031,0,36,0.02,760.11
Siena,253,02/11/2020,57,2088,0,36,0.02,781.45
Siena,254,03/11/2020,88,2176,0,36,0.02,814.38
Siena,255,04/11/2020,69,2245,0,36,0.02,840.2
Siena,256,05/11/2020,62,2307,0,36,0.02,863.41
Siena,257,06/11/2020,109,2416,0,36,0.01,904.2
Siena,258,07/11/2020,155,2571,0,36,0.01,962.21
Siena,259,08/11/2020,139,2710,0,36,0.01,1014.23
Siena,260,09/11/2020,84,2794,0,36,0.01,1045.67
Siena,261,10/11/2020,79,2873,0,36,0.01,1075.24
Siena,262,11/11/2020,85,2958,8,44,0.01,1107.05
Siena,263,12/11/2020,103,3061,5,49,0.02,1145.6
Siena,264,13/11/2020,99,3160,0,49,0.02,1182.65
Siena,265,14/11/2020,123,3283,2,51,0.02,1228.68
Siena,266,15/11/2020,104,3387,0,51,0.01,1267.6
Siena,267,16/11/2020,107,3494,0,51,0.01,1307.65
Siena,268,17/11/2020,94,3588,2,53,0.01,1342.83
Siena,269,18/11/2020,51,3639,0,53,0.01,1361.92
Siena,270,19/11/2020,81,3720,3,56,0.01,1392.23
Siena,271,20/11/2020,94,3814,0,56,0.01,1427.41
Siena,272,21/11/2020,62,3876,1,57,0.01,1450.62
Siena,273,22/11/2020,60,3936,2,59,0.01,1473.07
Siena,274,23/11/2020,37,3973,1,60,0.01,1486.92
Siena,275,24/11/2020,25,3998,2,62,0.02,1496.27
Siena,276,25/11/2020,22,4020,0,62,0.01,1504.51
Siena,277,26/11/2020,39,4059,2,64,0.02,1519.1
Siena,278,27/11/2020,22,4081,3,67,0.02,1527.34
Siena,279,28/11/2020,75,4156,5,72,0.02,1555.41
Siena,280,29/11/2020,14,4170,2,74,0.02,1560.65
Siena,281,30/11/2020,26,4196,1,75,0.02,1570.38
Siena,282,01/12/2020,9,4205,3,78,0.02,1573.75
Siena,283,02/12/2020,36,4241,0,78,0.02,1587.22
Siena,284,03/12/2020,50,4291,2,80,0.02,1605.93
Siena,285,04/12/2020,44,4335,3,83,0.02,1622.4
Siena,286,05/12/2020,33,4368,1,84,0.02,1634.75
Siena,287,06/12/2020,28,4396,1,85,0.02,1645.23
Siena,288,07/12/2020,11,4407,0,85,0.02,1649.34
Siena,289,08/12/2020,18,4425,2,87,0.02,1656.08
Siena,290,09/12/2020,24,4449,1,88,0.02,1665.06
Siena,291,10/12/2020,11,4460,0,88,0.02,1669.18
