Province,Day,Date,New_cases,Curr_pos_cases,Deaths,Tot_deaths,Lethality_rate,Cumul_rates
Catanzaro,1,24/02/2020,0,0,0,0,0,0
Catanzaro,2,25/02/2020,0,0,0,0,0,0
Catanzaro,3,26/02/2020,0,0,0,0,0,0
Catanzaro,4,27/02/2020,0,0,0,0,0,0
Catanzaro,5,28/02/2020,0,0,0,0,0,0
Catanzaro,6,29/02/2020,0,0,0,0,0,0
Catanzaro,7,01/03/2020,0,0,0,0,0,0
Catanzaro,8,02/03/2020,0,0,0,0,0,0
Catanzaro,9,03/03/2020,0,0,0,0,0,0
Catanzaro,10,04/03/2020,0,0,0,0,0,0
Catanzaro,11,05/03/2020,1,1,0,0,0,0.28
Catanzaro,12,06/03/2020,1,2,0,0,0,0.56
Catanzaro,13,07/03/2020,0,2,0,0,0,0.56
Catanzaro,14,08/03/2020,0,2,0,0,0,0.56
Catanzaro,15,09/03/2020,1,3,0,0,0,0.84
Catanzaro,16,10/03/2020,0,3,0,0,0,0.84
Catanzaro,17,11/03/2020,-1,2,0,0,0,0.56
Catanzaro,18,12/03/2020,1,3,0,0,0,0.84
Catanzaro,19,13/03/2020,0,3,0,0,0,0.84
Catanzaro,20,14/03/2020,2,5,0,0,0,1.4
Catanzaro,21,15/03/2020,1,6,0,0,0,1.67
Catanzaro,22,16/03/2020,0,6,0,0,0,1.67
Catanzaro,23,17/03/2020,8,14,0,0,0,3.91
Catanzaro,24,18/03/2020,6,20,0,0,0,5.58
Catanzaro,25,19/03/2020,7,27,0,0,0,7.54
Catanzaro,26,20/03/2020,7,34,0,0,0,9.49
Catanzaro,27,21/03/2020,4,38,0,0,0,10.61
Catanzaro,28,22/03/2020,7,45,0,0,0,12.56
Catanzaro,29,23/03/2020,1,46,0,0,0,12.84
Catanzaro,30,24/03/2020,3,49,0,0,0,13.68
Catanzaro,31,25/03/2020,2,51,0,0,0,14.23
Catanzaro,32,26/03/2020,2,53,0,0,0,14.79
Catanzaro,33,27/03/2020,62,115,0,0,0,32.09
Catanzaro,34,28/03/2020,3,118,0,0,0,32.93
Catanzaro,35,29/03/2020,5,123,1,1,0.008,34.33
Catanzaro,36,30/03/2020,11,134,5,6,0.045,37.4
Catanzaro,37,31/03/2020,5,139,5,11,0.079,38.79
Catanzaro,38,01/04/2020,1,140,1,12,0.086,39.07
Catanzaro,39,02/04/2020,6,146,2,14,0.096,40.75
Catanzaro,40,03/04/2020,4,150,2,16,0.107,41.86
Catanzaro,41,04/04/2020,0,150,3,19,0.127,41.86
Catanzaro,42,05/04/2020,7,157,1,20,0.127,43.82
Catanzaro,43,06/04/2020,1,158,1,21,0.133,44.1
Catanzaro,44,07/04/2020,4,162,2,23,0.142,45.21
Catanzaro,45,08/04/2020,7,169,0,23,0.136,47.17
Catanzaro,46,09/04/2020,4,173,1,24,0.139,48.28
Catanzaro,47,10/04/2020,3,176,-1,23,0.131,49.12
Catanzaro,48,11/04/2020,5,181,0,23,0.127,50.51
Catanzaro,49,12/04/2020,1,182,0,23,0.126,50.79
Catanzaro,50,13/04/2020,1,183,0,23,0.126,51.07
Catanzaro,51,14/04/2020,1,184,0,23,0.125,51.35
Catanzaro,52,15/04/2020,6,190,2,25,0.132,53.03
Catanzaro,53,16/04/2020,4,194,0,25,0.129,54.14
Catanzaro,54,17/04/2020,1,195,1,26,0.133,54.42
Catanzaro,55,18/04/2020,2,197,0,26,0.132,54.98
Catanzaro,56,19/04/2020,0,197,0,26,0.132,54.98
Catanzaro,57,20/04/2020,0,197,0,26,0.132,54.98
Catanzaro,58,21/04/2020,0,197,1,27,0.137,54.98
Catanzaro,59,22/04/2020,0,197,0,27,0.137,54.98
Catanzaro,60,23/04/2020,4,201,0,27,0.134,56.1
Catanzaro,61,24/04/2020,0,201,2,29,0.144,56.1
Catanzaro,62,25/04/2020,0,201,0,29,0.144,56.1
Catanzaro,63,26/04/2020,1,202,0,29,0.144,56.37
Catanzaro,64,27/04/2020,3,205,1,30,0.146,57.21
Catanzaro,65,28/04/2020,0,205,1,31,0.151,57.21
Catanzaro,66,29/04/2020,1,206,0,31,0.15,57.49
Catanzaro,67,30/04/2020,1,207,0,31,0.15,57.77
Catanzaro,68,01/05/2020,0,207,0,31,0.15,57.77
Catanzaro,69,02/05/2020,0,207,1,32,0.155,57.77
Catanzaro,70,03/05/2020,0,207,0,32,0.155,57.77
Catanzaro,71,04/05/2020,1,208,0,32,0.154,58.05
Catanzaro,72,05/05/2020,0,208,0,32,0.154,58.05
Catanzaro,73,06/05/2020,1,209,1,33,0.158,58.33
Catanzaro,74,07/05/2020,1,210,0,33,0.157,58.61
Catanzaro,75,08/05/2020,0,210,0,33,0.157,58.61
Catanzaro,76,09/05/2020,0,210,0,33,0.157,58.61
Catanzaro,77,10/05/2020,0,210,0,33,0.157,58.61
Catanzaro,78,11/05/2020,1,211,0,33,0.156,58.89
Catanzaro,79,12/05/2020,0,211,0,33,0.156,58.89
Catanzaro,80,13/05/2020,0,211,0,33,0.156,58.89
Catanzaro,81,14/05/2020,0,211,0,33,0.156,58.89
Catanzaro,82,15/05/2020,0,211,0,33,0.156,58.89
Catanzaro,83,16/05/2020,0,211,0,33,0.156,58.89
Catanzaro,84,17/05/2020,0,211,0,33,0.156,58.89
Catanzaro,85,18/05/2020,0,211,0,33,0.156,58.89
Catanzaro,86,19/05/2020,1,212,0,33,0.156,59.17
Catanzaro,87,20/05/2020,1,213,0,33,0.155,59.44
Catanzaro,88,21/05/2020,0,213,0,33,0.155,59.44
Catanzaro,89,22/05/2020,1,214,0,33,0.154,59.72
Catanzaro,90,23/05/2020,0,214,0,33,0.154,59.72
Catanzaro,91,24/05/2020,0,214,0,33,0.154,59.72
Catanzaro,92,25/05/2020,0,214,0,33,0.154,59.72
Catanzaro,93,26/05/2020,0,214,0,33,0.154,59.72
Catanzaro,94,27/05/2020,0,214,0,33,0.154,59.72
Catanzaro,95,28/05/2020,0,214,0,33,0.154,59.72
Catanzaro,96,29/05/2020,0,214,0,33,0.154,59.72
Catanzaro,97,30/05/2020,0,214,0,33,0.154,59.72
Catanzaro,98,31/05/2020,0,214,0,33,0.154,59.72
Catanzaro,99,01/06/2020,0,214,0,33,0.154,59.72
Catanzaro,100,02/06/2020,0,214,0,33,0.154,59.72
Catanzaro,101,03/06/2020,0,214,0,33,0.154,59.72
Catanzaro,102,04/06/2020,0,214,0,33,0.154,59.72
Catanzaro,103,05/06/2020,0,214,0,33,0.154,59.72
Catanzaro,104,06/06/2020,0,214,0,33,0.154,59.72
Catanzaro,105,07/06/2020,0,214,0,33,0.154,59.72
Catanzaro,106,08/06/2020,0,214,0,33,0.154,59.72
Catanzaro,107,09/06/2020,0,214,0,33,0.154,59.72
Catanzaro,108,10/06/2020,0,214,0,33,0.154,59.72
Catanzaro,109,11/06/2020,0,214,0,33,0.154,59.72
Catanzaro,110,12/06/2020,0,214,0,33,0.154,59.72
Catanzaro,111,13/06/2020,0,214,0,33,0.154,59.72
Catanzaro,112,14/06/2020,0,214,0,33,0.154,59.72
Catanzaro,113,15/06/2020,0,214,0,33,0.154,59.72
Catanzaro,114,16/06/2020,0,214,0,33,0.154,59.72
Catanzaro,115,17/06/2020,0,214,0,33,0.154,59.72
Catanzaro,116,18/06/2020,0,214,0,33,0.154,59.72
Catanzaro,117,19/06/2020,0,214,0,33,0.154,59.72
Catanzaro,118,20/06/2020,0,214,0,33,0.154,59.72
Catanzaro,119,21/06/2020,0,214,0,33,0.154,59.72
Catanzaro,120,22/06/2020,0,214,0,33,0.154,59.72
Catanzaro,121,23/06/2020,0,214,0,33,0.154,59.72
Catanzaro,122,24/06/2020,0,214,0,33,0.154,59.72
Catanzaro,123,25/06/2020,0,214,0,33,0.154,59.72
Catanzaro,124,26/06/2020,0,214,0,33,0.154,59.72
Catanzaro,125,27/06/2020,0,214,0,33,0.154,59.72
Catanzaro,126,28/06/2020,0,214,0,33,0.154,59.72
Catanzaro,127,29/06/2020,0,214,0,33,0.154,59.72
Catanzaro,128,30/06/2020,0,214,0,33,0.154,59.72
Catanzaro,129,01/07/2020,0,214,0,33,0.154,59.72
Catanzaro,130,02/07/2020,0,214,0,33,0.154,59.72
Catanzaro,131,03/07/2020,0,214,0,33,0.154,59.72
Catanzaro,132,04/07/2020,0,214,0,33,0.154,59.72
Catanzaro,133,05/07/2020,0,214,0,33,0.154,59.72
Catanzaro,134,06/07/2020,0,214,0,33,0.154,59.72
Catanzaro,135,07/07/2020,0,214,0,33,0.154,59.72
Catanzaro,136,08/07/2020,0,214,0,33,0.154,59.72
Catanzaro,137,09/07/2020,0,214,0,33,0.154,59.72
Catanzaro,138,10/07/2020,0,214,0,33,0.154,59.72
Catanzaro,139,11/07/2020,0,214,0,33,0.154,59.72
Catanzaro,140,12/07/2020,1,215,0,33,0.153,60
Catanzaro,141,13/07/2020,0,215,0,33,0.153,60
Catanzaro,142,14/07/2020,0,215,0,33,0.153,60
Catanzaro,143,15/07/2020,0,215,0,33,0.153,60
Catanzaro,144,16/07/2020,0,215,0,33,0.153,60
Catanzaro,145,17/07/2020,1,216,0,33,0.153,60.28
Catanzaro,146,18/07/2020,1,217,0,33,0.152,60.56
Catanzaro,147,19/07/2020,0,217,0,33,0.152,60.56
Catanzaro,148,20/07/2020,0,217,0,33,0.152,60.56
Catanzaro,149,21/07/2020,0,217,0,33,0.152,60.56
Catanzaro,150,22/07/2020,0,217,0,33,0.152,60.56
Catanzaro,151,23/07/2020,0,217,0,33,0.152,60.56
Catanzaro,152,24/07/2020,0,217,0,33,0.152,60.56
Catanzaro,153,25/07/2020,0,217,0,33,0.152,60.56
Catanzaro,154,26/07/2020,0,217,0,33,0.152,60.56
Catanzaro,155,27/07/2020,0,217,0,33,0.152,60.56
Catanzaro,156,28/07/2020,0,217,0,33,0.152,60.56
Catanzaro,157,29/07/2020,0,217,0,33,0.152,60.56
Catanzaro,158,30/07/2020,0,217,0,33,0.152,60.56
Catanzaro,159,31/07/2020,0,217,0,33,0.152,60.56
Catanzaro,160,01/08/2020,0,217,0,33,0.152,60.56
Catanzaro,161,02/08/2020,0,217,0,33,0.152,60.56
Catanzaro,162,03/08/2020,0,217,0,33,0.152,60.56
Catanzaro,163,04/08/2020,0,217,0,33,0.152,60.56
Catanzaro,164,05/08/2020,1,218,0,33,0.151,60.84
Catanzaro,165,06/08/2020,0,218,0,33,0.151,60.84
Catanzaro,166,07/08/2020,0,218,0,33,0.151,60.84
Catanzaro,167,08/08/2020,0,218,0,33,0.151,60.84
Catanzaro,168,09/08/2020,0,218,0,33,0.151,60.84
Catanzaro,169,10/08/2020,0,218,0,33,0.151,60.84
Catanzaro,170,11/08/2020,0,218,0,33,0.151,60.84
Catanzaro,171,12/08/2020,0,218,0,33,0.151,60.84
Catanzaro,172,13/08/2020,2,220,0,33,0.15,61.4
Catanzaro,173,14/08/2020,2,222,0,33,0.149,61.96
Catanzaro,174,15/08/2020,2,224,0,33,0.147,62.51
Catanzaro,175,16/08/2020,0,224,0,33,0.147,62.51
Catanzaro,176,17/08/2020,0,224,0,33,0.147,62.51
Catanzaro,177,18/08/2020,0,224,0,33,0.147,62.51
Catanzaro,178,19/08/2020,1,225,0,33,0.147,62.79
Catanzaro,179,20/08/2020,0,225,0,33,0.147,62.79
Catanzaro,180,21/08/2020,0,225,0,33,0.147,62.79
Catanzaro,181,22/08/2020,1,226,0,33,0.146,63.07
Catanzaro,182,23/08/2020,0,226,0,33,0.146,63.07
Catanzaro,183,24/08/2020,0,226,0,33,0.146,63.07
Catanzaro,184,25/08/2020,0,226,0,33,0.146,63.07
Catanzaro,185,26/08/2020,1,227,0,33,0.145,63.35
Catanzaro,186,27/08/2020,0,227,0,33,0.145,63.35
Catanzaro,187,28/08/2020,0,227,0,33,0.145,63.35
Catanzaro,188,29/08/2020,0,227,0,33,0.145,63.35
Catanzaro,189,30/08/2020,0,227,0,33,0.145,63.35
Catanzaro,190,31/08/2020,0,227,0,33,0.145,63.35
Catanzaro,191,01/09/2020,1,228,0,33,0.145,63.63
Catanzaro,192,02/09/2020,0,228,0,33,0.145,63.63
Catanzaro,193,03/09/2020,0,228,0,33,0.145,63.63
Catanzaro,194,04/09/2020,1,229,0,33,0.144,63.91
Catanzaro,195,05/09/2020,2,231,0,33,0.143,64.47
Catanzaro,196,06/09/2020,9,240,0,33,0.138,66.98
Catanzaro,197,07/09/2020,5,245,0,33,0.135,68.38
Catanzaro,198,08/09/2020,3,248,0,33,0.133,69.21
Catanzaro,199,09/09/2020,5,253,0,33,0.13,70.61
Catanzaro,200,10/09/2020,2,255,0,33,0.129,71.17
Catanzaro,201,11/09/2020,2,257,0,33,0.128,71.72
Catanzaro,202,12/09/2020,-4,253,0,33,0.13,70.61
Catanzaro,203,13/09/2020,0,253,0,33,0.13,70.61
Catanzaro,204,14/09/2020,0,253,0,33,0.13,70.61
Catanzaro,205,15/09/2020,2,255,0,33,0.129,71.17
Catanzaro,206,16/09/2020,2,257,0,33,0.128,71.72
Catanzaro,207,17/09/2020,2,259,0,33,0.127,72.28
Catanzaro,208,18/09/2020,7,266,0,33,0.124,74.24
Catanzaro,209,19/09/2020,10,276,0,33,0.12,77.03
Catanzaro,210,20/09/2020,6,282,0,33,0.117,78.7
Catanzaro,211,21/09/2020,3,285,0,33,0.116,79.54
Catanzaro,212,22/09/2020,4,289,0,33,0.114,80.66
Catanzaro,213,23/09/2020,4,293,0,33,0.113,81.77
Catanzaro,214,24/09/2020,1,294,0,33,0.112,82.05
Catanzaro,215,25/09/2020,3,297,0,33,0.111,82.89
Catanzaro,216,26/09/2020,8,305,0,33,0.108,85.12
Catanzaro,217,27/09/2020,1,306,0,33,0.108,85.4
Catanzaro,218,28/09/2020,3,309,0,33,0.107,86.24
Catanzaro,219,29/09/2020,10,319,0,33,0.103,89.03
Catanzaro,220,30/09/2020,0,319,0,33,0.103,89.03
Catanzaro,221,01/10/2020,14,333,0,33,0.099,92.93
Catanzaro,222,02/10/2020,7,340,0,33,0.097,94.89
Catanzaro,223,03/10/2020,1,341,0,33,0.097,95.17
Catanzaro,224,04/10/2020,1,342,0,33,0.096,95.45
Catanzaro,225,05/10/2020,4,346,0,33,0.095,96.56
Catanzaro,226,06/10/2020,0,346,0,33,0.095,96.56
Catanzaro,227,07/10/2020,2,348,0,33,0.095,97.12
Catanzaro,228,08/10/2020,2,350,0,33,0.094,97.68
Catanzaro,229,09/10/2020,2,352,0,33,0.094,98.24
Catanzaro,230,10/10/2020,5,357,0,33,0.092,99.63
Catanzaro,231,11/10/2020,5,362,0,33,0.091,101.03
Catanzaro,232,12/10/2020,1,363,1,34,0.094,101.31
Catanzaro,233,13/10/2020,13,376,0,34,0.09,104.94
Catanzaro,234,14/10/2020,9,385,0,34,0.088,107.45
Catanzaro,235,15/10/2020,1,386,0,34,0.088,107.73
Catanzaro,236,16/10/2020,24,410,0,34,0.083,114.42
Catanzaro,237,17/10/2020,9,419,0,34,0.081,116.94
Catanzaro,238,18/10/2020,3,422,0,34,0.081,117.77
Catanzaro,239,19/10/2020,3,425,0,34,0.08,118.61
Catanzaro,240,20/10/2020,10,435,0,34,0.078,121.4
Catanzaro,241,21/10/2020,25,460,0,34,0.074,128.38
Catanzaro,242,22/10/2020,29,489,0,34,0.07,136.47
Catanzaro,243,23/10/2020,14,503,0,34,0.068,140.38
Catanzaro,244,24/10/2020,10,513,0,34,0.066,143.17
Catanzaro,245,25/10/2020,11,524,1,35,0.067,146.24
Catanzaro,246,26/10/2020,18,542,1,36,0.066,151.26
Catanzaro,247,27/10/2020,32,574,0,36,0.063,160.19
Catanzaro,248,28/10/2020,57,631,0,36,0.057,176.1
Catanzaro,249,29/10/2020,48,679,0,36,0.053,189.5
Catanzaro,250,30/10/2020,63,742,0,36,0.049,207.08
Catanzaro,251,31/10/2020,59,801,0,36,0.045,223.55
Catanzaro,252,01/11/2020,27,828,0,36,0.043,231.08
Catanzaro,253,02/11/2020,35,863,0,36,0.042,240.85
Catanzaro,254,03/11/2020,40,903,2,38,0.042,252.01
Catanzaro,255,04/11/2020,44,947,1,39,0.041,264.29
Catanzaro,256,05/11/2020,77,1024,0,39,0.038,285.78
Catanzaro,257,06/11/2020,34,1058,1,40,0.038,295.27
Catanzaro,258,07/11/2020,62,1120,1,41,0.037,312.57
Catanzaro,259,08/11/2020,64,1184,0,41,0.035,330.43
Catanzaro,260,09/11/2020,18,1202,1,42,0.035,335.46
Catanzaro,261,10/11/2020,44,1246,1,43,0.035,347.74
Catanzaro,262,11/11/2020,84,1330,1,44,0.033,371.18
Catanzaro,263,12/11/2020,71,1401,0,44,0.031,391
Catanzaro,264,13/11/2020,61,1462,1,45,0.031,408.02
Catanzaro,265,14/11/2020,98,1560,0,45,0.029,435.37
Catanzaro,266,15/11/2020,36,1596,0,45,0.028,445.42
Catanzaro,267,16/11/2020,38,1634,1,46,0.028,456.02
Catanzaro,268,17/11/2020,50,1684,1,47,0.028,469.98
Catanzaro,269,18/11/2020,200,1884,0,47,0.025,525.79
Catanzaro,270,19/11/2020,77,1961,0,47,0.024,547.28
Catanzaro,271,20/11/2020,53,2014,1,48,0.024,562.07
Catanzaro,272,21/11/2020,38,2052,0,48,0.023,572.68
Catanzaro,273,22/11/2020,59,2111,0,48,0.023,589.14
Catanzaro,274,23/11/2020,19,2130,5,53,0.025,594.45
Catanzaro,275,24/11/2020,36,2166,2,55,0.025,604.49
Catanzaro,276,25/11/2020,46,2212,1,56,0.025,617.33
Catanzaro,277,26/11/2020,61,2273,0,56,0.025,634.36
Catanzaro,278,27/11/2020,51,2324,2,58,0.025,648.59
Catanzaro,279,28/11/2020,49,2373,2,60,0.025,662.26
Catanzaro,280,29/11/2020,29,2402,0,60,0.025,670.36
Catanzaro,281,30/11/2020,13,2415,1,61,0.025,673.99
Catanzaro,282,01/12/2020,28,2443,1,62,0.025,681.8
Catanzaro,283,02/12/2020,42,2485,3,65,0.026,693.52
Catanzaro,284,03/12/2020,35,2520,2,67,0.027,703.29
Catanzaro,285,04/12/2020,32,2552,0,67,0.026,712.22
Catanzaro,286,05/12/2020,28,2580,3,70,0.027,720.03
Catanzaro,287,06/12/2020,27,2607,2,72,0.028,727.57
Catanzaro,288,07/12/2020,0,2607,2,74,0.028,727.57
Catanzaro,289,08/12/2020,30,2637,1,75,0.028,735.94
Catanzaro,290,09/12/2020,13,2650,1,76,0.029,739.57
Catanzaro,291,10/12/2020,22,2672,0,76,0.028,745.71
Catanzaro,292,11/12/2020,34,2706,2,78,0.029,755.2
Catanzaro,293,12/12/2020,30,2736,0,78,0.029,763.57
Catanzaro,294,13/12/2020,7,2743,0,78,0.028,765.53
Catanzaro,295,14/12/2020,17,2760,0,78,0.028,770.27
Catanzaro,296,15/12/2020,58,2818,0,78,0.028,786.46
Catanzaro,297,16/12/2020,64,2882,0,78,0.027,804.32
Catanzaro,298,17/12/2020,36,2918,1,79,0.027,814.36
Catanzaro,299,18/12/2020,23,2941,0,79,0.027,820.78
Catanzaro,300,19/12/2020,7,2948,0,79,0.027,822.74
Catanzaro,301,20/12/2020,33,2981,0,79,0.027,831.95
Catanzaro,302,21/12/2020,3,2984,0,79,0.026,832.78
Catanzaro,303,22/12/2020,28,3012,0,79,0.026,840.6
Catanzaro,304,23/12/2020,70,3082,0,79,0.026,860.13
Catanzaro,305,24/12/2020,46,3128,0,79,0.025,872.97
Catanzaro,306,25/12/2020,49,3177,0,79,0.025,886.65
Catanzaro,307,26/12/2020,24,3201,1,80,0.025,893.35
Catanzaro,308,27/12/2020,9,3210,0,80,0.025,895.86
Catanzaro,309,28/12/2020,15,3225,0,80,0.025,900.04
Catanzaro,310,29/12/2020,27,3252,0,80,0.025,907.58
Catanzaro,311,30/12/2020,56,3308,0,80,0.024,923.21
Catanzaro,312,31/12/2020,53,3361,0,80,0.024,938
Catanzaro,313,01/01/2021,55,3416,0,80,0.023,953.35
Catanzaro,314,02/01/2021,27,3443,0,80,0.023,960.88
Catanzaro,315,03/01/2021,33,3476,0,80,0.023,970.09
Catanzaro,316,04/01/2021,32,3508,0,80,0.023,979.02
Catanzaro,317,05/01/2021,43,3551,0,80,0.023,991.02
Catanzaro,318,06/01/2021,70,3621,0,80,0.022,1010.56
Catanzaro,319,07/01/2021,59,3680,0,80,0.022,1027.03
Catanzaro,320,08/01/2021,103,3783,0,80,0.021,1055.77
Catanzaro,321,09/01/2021,106,3889,0,80,0.021,1085.35
Catanzaro,322,10/01/2021,40,3929,1,81,0.021,1096.52
Catanzaro,323,11/01/2021,9,3938,0,81,0.021,1099.03
Catanzaro,324,12/01/2021,30,3968,0,81,0.02,1107.4
Catanzaro,325,13/01/2021,94,4062,0,81,0.02,1133.64
