Province,Day,Date,New_cases,Curr_pos_cases,Deaths,Tot_deaths,Lethality_rate,Cumul_rates
Reggio di Calabria,1,24/02/2020,0,0,0,0,0,0
Reggio di Calabria,2,25/02/2020,0,0,0,0,0,0
Reggio di Calabria,3,26/02/2020,0,0,0,0,0,0
Reggio di Calabria,4,27/02/2020,0,0,0,0,0,0
Reggio di Calabria,5,28/02/2020,0,0,0,0,0,0
Reggio di Calabria,6,29/02/2020,0,0,0,0,0,0
Reggio di Calabria,7,01/03/2020,0,0,0,0,0,0
Reggio di Calabria,8,02/03/2020,0,0,0,0,0,0
Reggio di Calabria,9,03/03/2020,0,0,0,0,0,0
Reggio di Calabria,10,04/03/2020,0,0,0,0,0,0
Reggio di Calabria,11,05/03/2020,0,0,0,0,0,0
Reggio di Calabria,12,06/03/2020,1,1,0,0,0,0.18
Reggio di Calabria,13,07/03/2020,0,1,0,0,0,0.18
Reggio di Calabria,14,08/03/2020,0,1,0,0,0,0.18
Reggio di Calabria,15,09/03/2020,1,2,0,0,0,0.36
Reggio di Calabria,16,10/03/2020,1,3,0,0,0,0.55
Reggio di Calabria,17,11/03/2020,3,6,0,0,0,1.09
Reggio di Calabria,18,12/03/2020,5,11,0,0,0,2.01
Reggio di Calabria,19,13/03/2020,2,13,0,0,0,2.37
Reggio di Calabria,20,14/03/2020,5,18,1,1,0.06,3.28
Reggio di Calabria,21,15/03/2020,4,22,0,1,0.04,4.01
Reggio di Calabria,22,16/03/2020,0,22,0,1,0.04,4.01
Reggio di Calabria,23,17/03/2020,24,46,0,1,0.02,8.39
Reggio di Calabria,24,18/03/2020,1,47,0,1,0.02,8.58
Reggio di Calabria,25,19/03/2020,10,57,0,1,0.02,10.4
Reggio di Calabria,26,20/03/2020,16,73,0,1,0.01,13.32
Reggio di Calabria,27,21/03/2020,11,84,1,2,0.02,15.33
Reggio di Calabria,28,22/03/2020,4,88,1,3,0.03,16.06
Reggio di Calabria,29,23/03/2020,6,94,0,3,0.03,17.15
Reggio di Calabria,30,24/03/2020,3,97,1,4,0.04,17.7
Reggio di Calabria,31,25/03/2020,8,105,1,5,0.05,19.16
Reggio di Calabria,32,26/03/2020,18,123,0,5,0.04,22.44
Reggio di Calabria,33,27/03/2020,17,140,2,7,0.05,25.55
Reggio di Calabria,34,28/03/2020,15,155,1,8,0.05,28.28
Reggio di Calabria,35,29/03/2020,34,189,1,9,0.05,34.49
Reggio di Calabria,36,30/03/2020,1,190,0,9,0.05,34.67
Reggio di Calabria,37,31/03/2020,5,195,0,9,0.05,35.58
Reggio di Calabria,38,01/04/2020,6,201,1,10,0.05,36.68
Reggio di Calabria,39,02/04/2020,6,207,0,10,0.05,37.77
Reggio di Calabria,40,03/04/2020,11,218,1,11,0.05,39.78
Reggio di Calabria,41,04/04/2020,4,222,0,11,0.05,40.51
Reggio di Calabria,42,05/04/2020,15,237,0,11,0.05,43.25
Reggio di Calabria,43,06/04/2020,6,243,0,11,0.04,44.34
Reggio di Calabria,44,07/04/2020,0,243,0,11,0.04,44.34
Reggio di Calabria,45,08/04/2020,5,248,0,11,0.04,45.25
Reggio di Calabria,46,09/04/2020,2,250,0,11,0.04,45.62
Reggio di Calabria,47,10/04/2020,6,256,4,15,0.06,46.71
Reggio di Calabria,48,11/04/2020,4,260,0,15,0.06,47.44
Reggio di Calabria,49,12/04/2020,3,263,0,15,0.06,47.99
Reggio di Calabria,50,13/04/2020,0,263,0,15,0.06,47.99
Reggio di Calabria,51,14/04/2020,5,268,0,15,0.06,48.9
Reggio di Calabria,52,15/04/2020,8,276,0,15,0.05,50.36
Reggio di Calabria,53,16/04/2020,-7,269,0,15,0.06,49.09
Reggio di Calabria,54,17/04/2020,-29,240,0,15,0.06,43.79
Reggio di Calabria,55,18/04/2020,0,240,0,15,0.06,43.79
Reggio di Calabria,56,19/04/2020,1,241,0,15,0.06,43.98
Reggio di Calabria,57,20/04/2020,2,243,0,15,0.06,44.34
Reggio di Calabria,58,21/04/2020,0,243,0,15,0.06,44.34
Reggio di Calabria,59,22/04/2020,4,247,0,15,0.06,45.07
Reggio di Calabria,60,23/04/2020,1,248,0,15,0.06,45.25
Reggio di Calabria,61,24/04/2020,0,248,0,15,0.06,45.25
Reggio di Calabria,62,25/04/2020,1,249,0,15,0.06,45.44
Reggio di Calabria,63,26/04/2020,0,249,0,15,0.06,45.44
Reggio di Calabria,64,27/04/2020,1,250,0,15,0.06,45.62
Reggio di Calabria,65,28/04/2020,0,250,1,16,0.06,45.62
Reggio di Calabria,66,29/04/2020,1,251,0,16,0.06,45.8
Reggio di Calabria,67,30/04/2020,1,252,0,16,0.06,45.98
Reggio di Calabria,68,01/05/2020,1,253,0,16,0.06,46.17
Reggio di Calabria,69,02/05/2020,0,253,0,16,0.06,46.17
Reggio di Calabria,70,03/05/2020,0,253,0,16,0.06,46.17
Reggio di Calabria,71,04/05/2020,3,256,0,16,0.06,46.71
Reggio di Calabria,72,05/05/2020,1,257,0,16,0.06,46.9
Reggio di Calabria,73,06/05/2020,2,259,0,16,0.06,47.26
Reggio di Calabria,74,07/05/2020,1,260,0,16,0.06,47.44
Reggio di Calabria,75,08/05/2020,1,261,0,16,0.06,47.63
Reggio di Calabria,76,09/05/2020,3,264,0,16,0.06,48.17
Reggio di Calabria,77,10/05/2020,0,264,0,16,0.06,48.17
Reggio di Calabria,78,11/05/2020,0,264,0,16,0.06,48.17
Reggio di Calabria,79,12/05/2020,3,267,0,16,0.06,48.72
Reggio di Calabria,80,13/05/2020,1,268,0,16,0.06,48.9
Reggio di Calabria,81,14/05/2020,2,270,1,17,0.06,49.27
Reggio di Calabria,82,15/05/2020,0,270,0,17,0.06,49.27
Reggio di Calabria,83,16/05/2020,2,272,0,17,0.06,49.63
Reggio di Calabria,84,17/05/2020,0,272,0,17,0.06,49.63
Reggio di Calabria,85,18/05/2020,0,272,0,17,0.06,49.63
Reggio di Calabria,86,19/05/2020,1,273,0,17,0.06,49.82
Reggio di Calabria,87,20/05/2020,1,274,1,18,0.07,50
Reggio di Calabria,88,21/05/2020,0,274,0,18,0.07,50
Reggio di Calabria,89,22/05/2020,0,274,0,18,0.07,50
Reggio di Calabria,90,23/05/2020,0,274,0,18,0.07,50
Reggio di Calabria,91,24/05/2020,0,274,0,18,0.07,50
Reggio di Calabria,92,25/05/2020,0,274,0,18,0.07,50
Reggio di Calabria,93,26/05/2020,0,274,0,18,0.07,50
Reggio di Calabria,94,27/05/2020,1,275,0,18,0.06,50.18
Reggio di Calabria,95,28/05/2020,0,275,0,18,0.06,50.18
Reggio di Calabria,96,29/05/2020,0,275,1,19,0.07,50.18
Reggio di Calabria,97,30/05/2020,0,275,0,19,0.07,50.18
Reggio di Calabria,98,31/05/2020,0,275,0,19,0.07,50.18
Reggio di Calabria,99,01/06/2020,0,275,0,19,0.07,50.18
Reggio di Calabria,100,02/06/2020,0,275,0,19,0.07,50.18
Reggio di Calabria,101,03/06/2020,0,275,0,19,0.07,50.18
Reggio di Calabria,102,04/06/2020,0,275,0,19,0.07,50.18
Reggio di Calabria,103,05/06/2020,1,276,0,19,0.07,50.36
Reggio di Calabria,104,06/06/2020,0,276,0,19,0.07,50.36
Reggio di Calabria,105,07/06/2020,0,276,0,19,0.07,50.36
Reggio di Calabria,106,08/06/2020,0,276,0,19,0.07,50.36
Reggio di Calabria,107,09/06/2020,0,276,0,19,0.07,50.36
Reggio di Calabria,108,10/06/2020,0,276,0,19,0.07,50.36
Reggio di Calabria,109,11/06/2020,1,277,0,19,0.07,50.55
Reggio di Calabria,110,12/06/2020,0,277,0,19,0.07,50.55
Reggio di Calabria,111,13/06/2020,0,277,0,19,0.07,50.55
Reggio di Calabria,112,14/06/2020,0,277,0,19,0.07,50.55
Reggio di Calabria,113,15/06/2020,0,277,0,19,0.07,50.55
Reggio di Calabria,114,16/06/2020,0,277,0,19,0.07,50.55
Reggio di Calabria,115,17/06/2020,0,277,0,19,0.07,50.55
Reggio di Calabria,116,18/06/2020,2,279,0,19,0.07,50.91
Reggio di Calabria,117,19/06/2020,0,279,0,19,0.07,50.91
Reggio di Calabria,118,20/06/2020,2,281,0,19,0.07,51.28
Reggio di Calabria,119,21/06/2020,6,287,0,19,0.07,52.37
Reggio di Calabria,120,22/06/2020,1,288,0,19,0.07,52.55
Reggio di Calabria,121,23/06/2020,1,289,0,19,0.07,52.74
Reggio di Calabria,122,24/06/2020,0,289,0,19,0.07,52.74
Reggio di Calabria,123,25/06/2020,0,289,0,19,0.07,52.74
Reggio di Calabria,124,26/06/2020,3,292,0,19,0.06,53.28
Reggio di Calabria,125,27/06/2020,1,293,0,19,0.06,53.47
Reggio di Calabria,126,28/06/2020,0,293,0,19,0.06,53.47
Reggio di Calabria,127,29/06/2020,0,293,0,19,0.06,53.47
Reggio di Calabria,128,30/06/2020,1,294,0,19,0.06,53.65
Reggio di Calabria,129,01/07/2020,-1,293,0,19,0.06,53.47
Reggio di Calabria,130,02/07/2020,0,293,0,19,0.06,53.47
Reggio di Calabria,131,03/07/2020,0,293,0,19,0.06,53.47
Reggio di Calabria,132,04/07/2020,0,293,0,19,0.06,53.47
Reggio di Calabria,133,05/07/2020,0,293,0,19,0.06,53.47
Reggio di Calabria,134,06/07/2020,0,293,0,19,0.06,53.47
Reggio di Calabria,135,07/07/2020,1,294,0,19,0.06,53.65
Reggio di Calabria,136,08/07/2020,1,295,0,19,0.06,53.83
Reggio di Calabria,137,09/07/2020,0,295,0,19,0.06,53.83
Reggio di Calabria,138,10/07/2020,0,295,0,19,0.06,53.83
Reggio di Calabria,139,11/07/2020,2,297,0,19,0.06,54.2
Reggio di Calabria,140,12/07/2020,0,297,0,19,0.06,54.2
Reggio di Calabria,141,13/07/2020,0,297,0,19,0.06,54.2
Reggio di Calabria,142,14/07/2020,0,297,0,19,0.06,54.2
Reggio di Calabria,143,15/07/2020,0,297,0,19,0.06,54.2
Reggio di Calabria,144,16/07/2020,0,297,0,19,0.06,54.2
Reggio di Calabria,145,17/07/2020,0,297,0,19,0.06,54.2
Reggio di Calabria,146,18/07/2020,0,297,0,19,0.06,54.2
Reggio di Calabria,147,19/07/2020,0,297,0,19,0.06,54.2
Reggio di Calabria,148,20/07/2020,0,297,0,19,0.06,54.2
Reggio di Calabria,149,21/07/2020,0,297,0,19,0.06,54.2
Reggio di Calabria,150,22/07/2020,0,297,0,19,0.06,54.2
Reggio di Calabria,151,23/07/2020,1,298,0,19,0.06,54.38
Reggio di Calabria,152,24/07/2020,0,298,0,19,0.06,54.38
Reggio di Calabria,153,25/07/2020,0,298,0,19,0.06,54.38
Reggio di Calabria,154,26/07/2020,0,298,0,19,0.06,54.38
Reggio di Calabria,155,27/07/2020,0,298,0,19,0.06,54.38
Reggio di Calabria,156,28/07/2020,0,298,0,19,0.06,54.38
Reggio di Calabria,157,29/07/2020,0,298,0,19,0.06,54.38
Reggio di Calabria,158,30/07/2020,0,298,0,19,0.06,54.38
Reggio di Calabria,159,31/07/2020,0,298,0,19,0.06,54.38
Reggio di Calabria,160,01/08/2020,0,298,0,19,0.06,54.38
Reggio di Calabria,161,02/08/2020,0,298,0,19,0.06,54.38
Reggio di Calabria,162,03/08/2020,1,299,0,19,0.06,54.56
Reggio di Calabria,163,04/08/2020,0,299,0,19,0.06,54.56
Reggio di Calabria,164,05/08/2020,0,299,0,19,0.06,54.56
Reggio di Calabria,165,06/08/2020,1,300,0,19,0.06,54.74
Reggio di Calabria,166,07/08/2020,2,302,0,19,0.06,55.11
Reggio di Calabria,167,08/08/2020,0,302,0,19,0.06,55.11
Reggio di Calabria,168,09/08/2020,0,302,0,19,0.06,55.11
Reggio di Calabria,169,10/08/2020,1,303,0,19,0.06,55.29
Reggio di Calabria,170,11/08/2020,8,311,0,19,0.06,56.75
Reggio di Calabria,171,12/08/2020,3,314,0,19,0.06,57.3
Reggio di Calabria,172,13/08/2020,5,319,0,19,0.06,58.21
Reggio di Calabria,173,14/08/2020,14,333,0,19,0.06,60.77
Reggio di Calabria,174,15/08/2020,1,334,0,19,0.06,60.95
Reggio di Calabria,175,16/08/2020,2,336,0,19,0.06,61.31
Reggio di Calabria,176,17/08/2020,2,338,0,19,0.06,61.68
Reggio di Calabria,177,18/08/2020,2,340,0,19,0.06,62.04
Reggio di Calabria,178,19/08/2020,4,344,0,19,0.06,62.77
Reggio di Calabria,179,20/08/2020,2,346,0,19,0.06,63.14
Reggio di Calabria,180,21/08/2020,1,347,0,19,0.06,63.32
Reggio di Calabria,181,22/08/2020,1,348,0,19,0.06,63.5
Reggio di Calabria,182,23/08/2020,5,353,0,19,0.05,64.42
Reggio di Calabria,183,24/08/2020,0,353,0,19,0.05,64.42
Reggio di Calabria,184,25/08/2020,2,355,0,19,0.05,64.78
Reggio di Calabria,185,26/08/2020,4,359,0,19,0.05,65.51
Reggio di Calabria,186,27/08/2020,3,362,0,19,0.05,66.06
Reggio di Calabria,187,28/08/2020,4,366,0,19,0.05,66.79
Reggio di Calabria,188,29/08/2020,4,370,0,19,0.05,67.52
Reggio di Calabria,189,30/08/2020,15,385,0,19,0.05,70.25
Reggio di Calabria,190,31/08/2020,3,388,0,19,0.05,70.8
Reggio di Calabria,191,01/09/2020,0,388,0,19,0.05,70.8
Reggio di Calabria,192,02/09/2020,3,391,0,19,0.05,71.35
Reggio di Calabria,193,03/09/2020,1,392,0,19,0.05,71.53
Reggio di Calabria,194,04/09/2020,3,395,0,19,0.05,72.08
Reggio di Calabria,195,05/09/2020,3,398,0,19,0.05,72.63
Reggio di Calabria,196,06/09/2020,2,400,0,19,0.05,72.99
Reggio di Calabria,197,07/09/2020,0,400,0,19,0.05,72.99
Reggio di Calabria,198,08/09/2020,3,403,0,19,0.05,73.54
Reggio di Calabria,199,09/09/2020,16,419,0,19,0.04,76.46
Reggio di Calabria,200,10/09/2020,1,420,0,19,0.04,76.64
Reggio di Calabria,201,11/09/2020,3,423,0,19,0.04,77.19
Reggio di Calabria,202,12/09/2020,-11,412,0,19,0.05,75.18
Reggio di Calabria,203,13/09/2020,6,418,0,19,0.04,76.28
Reggio di Calabria,204,14/09/2020,1,419,0,19,0.04,76.46
Reggio di Calabria,205,15/09/2020,1,420,0,19,0.04,76.64
Reggio di Calabria,206,16/09/2020,3,423,0,19,0.04,77.19
Reggio di Calabria,207,17/09/2020,3,426,0,19,0.04,77.74
Reggio di Calabria,208,18/09/2020,4,430,0,19,0.04,78.47
Reggio di Calabria,209,19/09/2020,6,436,0,19,0.04,79.56
Reggio di Calabria,210,20/09/2020,5,441,0,19,0.04,80.47
Reggio di Calabria,211,21/09/2020,9,450,0,19,0.04,82.12
Reggio di Calabria,212,22/09/2020,0,450,0,19,0.04,82.12
Reggio di Calabria,213,23/09/2020,1,451,0,19,0.04,82.3
Reggio di Calabria,214,24/09/2020,1,452,0,19,0.04,82.48
Reggio di Calabria,215,25/09/2020,3,455,0,19,0.04,83.03
Reggio di Calabria,216,26/09/2020,0,455,0,19,0.04,83.03
Reggio di Calabria,217,27/09/2020,2,457,0,19,0.04,83.39
Reggio di Calabria,218,28/09/2020,0,457,0,19,0.04,83.39
Reggio di Calabria,219,29/09/2020,3,460,0,19,0.04,83.94
Reggio di Calabria,220,30/09/2020,0,460,0,19,0.04,83.94
Reggio di Calabria,221,01/10/2020,2,462,0,19,0.04,84.31
Reggio di Calabria,222,02/10/2020,4,466,0,19,0.04,85.04
Reggio di Calabria,223,03/10/2020,7,473,0,19,0.04,86.31
Reggio di Calabria,224,04/10/2020,8,481,0,19,0.04,87.77
Reggio di Calabria,225,05/10/2020,12,493,0,19,0.04,89.96
Reggio di Calabria,226,06/10/2020,15,508,1,20,0.04,92.7
Reggio di Calabria,227,07/10/2020,12,520,0,20,0.04,94.89
Reggio di Calabria,228,08/10/2020,13,533,0,20,0.04,97.26
Reggio di Calabria,229,09/10/2020,34,567,0,20,0.04,103.47
Reggio di Calabria,230,10/10/2020,54,621,0,20,0.03,113.32
Reggio di Calabria,231,11/10/2020,20,641,0,20,0.03,116.97
Reggio di Calabria,232,12/10/2020,30,671,0,20,0.03,122.44
Reggio di Calabria,233,13/10/2020,22,693,0,20,0.03,126.46
Reggio di Calabria,234,14/10/2020,39,732,0,20,0.03,133.57
Reggio di Calabria,235,15/10/2020,22,754,0,20,0.03,137.59
Reggio di Calabria,236,16/10/2020,56,810,0,20,0.03,147.81
Reggio di Calabria,237,17/10/2020,34,844,0,20,0.02,154.01
Reggio di Calabria,238,18/10/2020,46,890,0,20,0.02,162.41
Reggio di Calabria,239,19/10/2020,70,960,0,20,0.02,175.18
Reggio di Calabria,240,20/10/2020,50,1010,0,20,0.02,184.3
Reggio di Calabria,241,21/10/2020,50,1060,0,20,0.02,193.43
Reggio di Calabria,242,22/10/2020,64,1124,0,20,0.02,205.11
Reggio di Calabria,243,23/10/2020,104,1228,0,20,0.02,224.08
Reggio di Calabria,244,24/10/2020,49,1277,0,20,0.02,233.03
Reggio di Calabria,245,25/10/2020,77,1354,0,20,0.01,247.08
Reggio di Calabria,246,26/10/2020,86,1440,0,20,0.01,262.77
Reggio di Calabria,247,27/10/2020,148,1588,2,22,0.01,289.78
Reggio di Calabria,248,28/10/2020,84,1672,0,22,0.01,305.1
Reggio di Calabria,249,29/10/2020,27,1699,0,22,0.01,310.03
Reggio di Calabria,250,30/10/2020,98,1797,1,23,0.01,327.91
Reggio di Calabria,251,31/10/2020,60,1857,0,23,0.01,338.86
Reggio di Calabria,252,01/11/2020,118,1975,0,23,0.01,360.4
Reggio di Calabria,253,02/11/2020,90,2065,1,24,0.01,376.82
Reggio di Calabria,254,03/11/2020,98,2163,0,24,0.01,394.7
Reggio di Calabria,255,04/11/2020,119,2282,1,25,0.01,416.42
Reggio di Calabria,256,05/11/2020,185,2467,1,26,0.01,450.18
Reggio di Calabria,257,06/11/2020,122,2589,2,28,0.01,472.44
Reggio di Calabria,258,07/11/2020,182,2771,1,29,0.01,505.65
Reggio di Calabria,259,08/11/2020,181,2952,0,29,0.01,538.68
Reggio di Calabria,260,09/11/2020,173,3125,1,30,0.01,570.25
Reggio di Calabria,261,10/11/2020,202,3327,4,34,0.01,607.11
Reggio di Calabria,262,11/11/2020,166,3493,1,35,0.01,637.4
Reggio di Calabria,263,12/11/2020,201,3694,1,36,0.01,674.08
Reggio di Calabria,264,13/11/2020,125,3819,1,37,0.01,696.89
Reggio di Calabria,265,14/11/2020,142,3961,3,40,0.01,722.8
Reggio di Calabria,266,15/11/2020,168,4129,2,42,0.01,753.45
Reggio di Calabria,267,16/11/2020,136,4265,3,45,0.01,778.27
Reggio di Calabria,268,17/11/2020,213,4478,1,46,0.01,817.14
Reggio di Calabria,269,18/11/2020,164,4642,5,51,0.01,847.07
Reggio di Calabria,270,19/11/2020,260,4902,2,53,0.01,894.51
Reggio di Calabria,271,20/11/2020,165,5067,4,57,0.01,924.62
Reggio di Calabria,272,21/11/2020,158,5225,0,57,0.01,953.45
Reggio di Calabria,273,22/11/2020,149,5374,0,57,0.01,980.64
Reggio di Calabria,274,23/11/2020,120,5494,4,61,0.01,1002.54
Reggio di Calabria,275,24/11/2020,135,5629,1,62,0.01,1027.17
Reggio di Calabria,276,25/11/2020,131,5760,2,64,0.01,1051.08
Reggio di Calabria,277,26/11/2020,164,5924,2,66,0.01,1081
Reggio di Calabria,278,27/11/2020,119,6043,1,67,0.01,1102.72
Reggio di Calabria,279,28/11/2020,71,6114,5,72,0.01,1115.68
Reggio di Calabria,280,29/11/2020,21,6135,2,74,0.01,1119.51
Reggio di Calabria,281,30/11/2020,97,6232,1,75,0.01,1137.21
Reggio di Calabria,282,01/12/2020,125,6357,0,75,0.01,1160.02
Reggio di Calabria,283,02/12/2020,67,6424,0,75,0.01,1172.24
Reggio di Calabria,284,03/12/2020,77,6501,4,79,0.01,1186.29
Reggio di Calabria,285,04/12/2020,133,6634,3,82,0.01,1210.56
Reggio di Calabria,286,05/12/2020,72,6706,3,85,0.01,1223.7
Reggio di Calabria,287,06/12/2020,53,6759,2,87,0.01,1233.37
Reggio di Calabria,288,07/12/2020,49,6808,2,89,0.01,1242.32
Reggio di Calabria,289,08/12/2020,77,6885,0,89,0.01,1256.37
Reggio di Calabria,290,09/12/2020,40,6925,0,89,0.01,1263.67
Reggio di Calabria,291,10/12/2020,75,7000,0,89,0.01,1277.35
