Province,Day,Date,New_cases,Curr_pos_cases,Deaths,Tot_deaths,Lethality_rate,Cumul_rates
Chieti,1,24/02/2020,0,0,0,0,0,0
Chieti,2,25/02/2020,0,0,0,0,0,0
Chieti,3,26/02/2020,0,0,0,0,0,0
Chieti,4,27/02/2020,0,0,0,0,0,0
Chieti,5,28/02/2020,0,0,0,0,0,0
Chieti,6,29/02/2020,0,0,0,0,0,0
Chieti,7,01/03/2020,0,0,0,0,0,0
Chieti,8,02/03/2020,0,0,0,0,0,0
Chieti,9,03/03/2020,0,0,0,0,0,0
Chieti,10,04/03/2020,0,0,0,0,0,0
Chieti,11,05/03/2020,2,2,0,0,0,0.52
Chieti,12,06/03/2020,1,3,0,0,0,0.78
Chieti,13,07/03/2020,1,4,0,0,0,1.04
Chieti,14,08/03/2020,0,4,0,0,0,1.04
Chieti,15,09/03/2020,3,7,0,0,0,1.82
Chieti,16,10/03/2020,2,9,0,0,0,2.33
Chieti,17,11/03/2020,0,9,0,0,0,2.33
Chieti,18,12/03/2020,11,20,0,0,0,5.19
Chieti,19,13/03/2020,3,23,0,0,0,5.96
Chieti,20,14/03/2020,2,25,0,0,0,6.48
Chieti,21,15/03/2020,5,30,1,1,0.03,7.78
Chieti,22,16/03/2020,8,38,0,1,0.03,9.86
Chieti,23,17/03/2020,3,41,0,1,0.02,10.63
Chieti,24,18/03/2020,3,44,1,2,0.04,11.41
Chieti,25,19/03/2020,25,69,0,2,0.03,17.89
Chieti,26,20/03/2020,11,80,1,3,0.04,20.75
Chieti,27,21/03/2020,11,91,0,3,0.03,23.6
Chieti,28,22/03/2020,11,102,2,5,0.05,26.45
Chieti,29,23/03/2020,27,129,0,5,0.04,33.46
Chieti,30,24/03/2020,4,133,3,8,0.06,34.49
Chieti,31,25/03/2020,13,146,2,10,0.07,37.86
Chieti,32,26/03/2020,29,175,5,15,0.09,45.39
Chieti,33,27/03/2020,14,189,1,16,0.09,49.02
Chieti,34,28/03/2020,40,229,3,19,0.08,59.39
Chieti,35,29/03/2020,37,266,2,21,0.08,68.99
Chieti,36,30/03/2020,7,273,0,21,0.08,70.8
Chieti,37,31/03/2020,7,280,3,24,0.09,72.62
Chieti,38,01/04/2020,12,292,2,26,0.09,75.73
Chieti,39,02/04/2020,7,299,0,26,0.09,77.54
Chieti,40,03/04/2020,11,310,4,30,0.1,80.4
Chieti,41,04/04/2020,7,317,2,32,0.1,82.21
Chieti,42,05/04/2020,8,325,0,32,0.1,84.29
Chieti,43,06/04/2020,2,327,1,33,0.1,84.81
Chieti,44,07/04/2020,16,343,1,34,0.1,88.96
Chieti,45,08/04/2020,18,361,2,36,0.1,93.62
Chieti,46,09/04/2020,8,369,0,36,0.1,95.7
Chieti,47,10/04/2020,23,392,1,37,0.09,101.66
Chieti,48,11/04/2020,49,441,2,39,0.09,114.37
Chieti,49,12/04/2020,11,452,0,39,0.09,117.22
Chieti,50,13/04/2020,13,465,3,42,0.09,120.6
Chieti,51,14/04/2020,4,469,3,45,0.1,121.63
Chieti,52,15/04/2020,0,469,1,46,0.1,121.63
Chieti,53,16/04/2020,30,499,2,48,0.1,129.41
Chieti,54,17/04/2020,54,553,1,49,0.09,143.42
Chieti,55,18/04/2020,13,566,4,53,0.09,146.79
Chieti,56,19/04/2020,5,571,1,54,0.1,148.09
Chieti,57,20/04/2020,35,606,4,58,0.1,157.16
Chieti,58,21/04/2020,7,613,4,62,0.1,158.98
Chieti,59,22/04/2020,35,648,1,63,0.1,168.06
Chieti,60,23/04/2020,29,677,0,63,0.09,175.58
Chieti,61,24/04/2020,10,687,1,64,0.09,178.17
Chieti,62,25/04/2020,19,706,1,65,0.09,183.1
Chieti,63,26/04/2020,17,723,1,66,0.09,187.51
Chieti,64,27/04/2020,0,723,1,67,0.09,187.51
Chieti,65,28/04/2020,28,751,4,71,0.1,194.77
Chieti,66,29/04/2020,6,757,2,73,0.1,196.32
Chieti,67,30/04/2020,0,757,2,75,0.1,196.32
Chieti,68,01/05/2020,3,760,2,77,0.1,197.1
Chieti,69,02/05/2020,4,764,2,79,0.1,198.14
Chieti,70,03/05/2020,1,765,0,79,0.1,198.4
Chieti,71,04/05/2020,1,766,0,79,0.1,198.66
Chieti,72,05/05/2020,1,767,0,79,0.1,198.92
Chieti,73,06/05/2020,-3,764,1,80,0.1,198.14
Chieti,74,07/05/2020,3,767,3,83,0.11,198.92
Chieti,75,08/05/2020,2,769,0,83,0.11,199.44
Chieti,76,09/05/2020,0,769,3,86,0.11,199.44
Chieti,77,10/05/2020,3,772,0,86,0.11,200.21
Chieti,78,11/05/2020,0,772,2,88,0.11,200.21
Chieti,79,12/05/2020,6,778,0,88,0.11,201.77
Chieti,80,13/05/2020,0,778,0,88,0.11,201.77
Chieti,81,14/05/2020,0,778,0,88,0.11,201.77
Chieti,82,15/05/2020,5,783,0,88,0.11,203.07
Chieti,83,16/05/2020,19,802,1,89,0.11,207.99
Chieti,84,17/05/2020,2,804,0,89,0.11,208.51
Chieti,85,18/05/2020,7,811,0,89,0.11,210.33
Chieti,86,19/05/2020,0,811,0,89,0.11,210.33
Chieti,87,20/05/2020,2,813,0,89,0.11,210.85
Chieti,88,21/05/2020,1,814,1,90,0.11,211.11
Chieti,89,22/05/2020,4,818,2,92,0.11,212.14
Chieti,90,23/05/2020,-1,817,0,92,0.11,211.88
Chieti,91,24/05/2020,1,818,0,92,0.11,212.14
Chieti,92,25/05/2020,0,818,0,92,0.11,212.14
Chieti,93,26/05/2020,1,819,0,92,0.11,212.4
Chieti,94,27/05/2020,2,821,0,92,0.11,212.92
Chieti,95,28/05/2020,-1,820,1,93,0.11,212.66
Chieti,96,29/05/2020,0,820,2,95,0.12,212.66
Chieti,97,30/05/2020,0,820,0,95,0.12,212.66
Chieti,98,31/05/2020,2,822,0,95,0.12,213.18
Chieti,99,01/06/2020,1,823,3,98,0.12,213.44
Chieti,100,02/06/2020,0,823,2,100,0.12,213.44
Chieti,101,03/06/2020,1,824,0,100,0.12,213.7
Chieti,102,04/06/2020,0,824,0,100,0.12,213.7
Chieti,103,05/06/2020,0,824,0,100,0.12,213.7
Chieti,104,06/06/2020,1,825,1,101,0.12,213.96
Chieti,105,07/06/2020,0,825,0,101,0.12,213.96
Chieti,106,08/06/2020,0,825,0,101,0.12,213.96
Chieti,107,09/06/2020,0,825,0,101,0.12,213.96
Chieti,108,10/06/2020,0,825,1,102,0.12,213.96
Chieti,109,11/06/2020,0,825,0,102,0.12,213.96
Chieti,110,12/06/2020,1,826,0,102,0.12,214.22
Chieti,111,13/06/2020,2,828,0,102,0.12,214.74
Chieti,112,14/06/2020,-1,827,1,103,0.12,214.48
Chieti,113,15/06/2020,1,828,0,103,0.12,214.74
Chieti,114,16/06/2020,0,828,0,103,0.12,214.74
Chieti,115,17/06/2020,1,829,0,103,0.12,215
Chieti,116,18/06/2020,1,830,1,104,0.12,215.26
Chieti,117,19/06/2020,0,830,0,104,0.12,215.26
Chieti,118,20/06/2020,1,831,0,104,0.12,215.52
Chieti,119,21/06/2020,0,831,0,104,0.12,215.52
Chieti,120,22/06/2020,1,832,0,104,0.12,215.77
Chieti,121,23/06/2020,0,832,0,104,0.12,215.77
Chieti,122,24/06/2020,-202,630,0,104,0.16,163.39
Chieti,123,25/06/2020,186,816,0,104,0.13,211.62
Chieti,124,26/06/2020,0,816,0,104,0.13,211.62
Chieti,125,27/06/2020,0,816,0,104,0.13,211.62
Chieti,126,28/06/2020,1,817,0,104,0.13,211.88
Chieti,127,29/06/2020,1,818,0,104,0.13,212.14
Chieti,128,30/06/2020,0,818,1,105,0.13,212.14
Chieti,129,01/07/2020,1,819,0,105,0.13,212.4
Chieti,130,02/07/2020,2,821,0,105,0.13,212.92
Chieti,131,03/07/2020,4,825,0,105,0.13,213.96
Chieti,132,04/07/2020,2,827,0,105,0.13,214.48
Chieti,133,05/07/2020,0,827,0,105,0.13,214.48
Chieti,134,06/07/2020,0,827,0,105,0.13,214.48
Chieti,135,07/07/2020,0,827,0,105,0.13,214.48
Chieti,136,08/07/2020,0,827,0,105,0.13,214.48
Chieti,137,09/07/2020,0,827,0,105,0.13,214.48
Chieti,138,10/07/2020,0,827,0,105,0.13,214.48
Chieti,139,11/07/2020,0,827,0,105,0.13,214.48
Chieti,140,12/07/2020,0,827,0,105,0.13,214.48
Chieti,141,13/07/2020,0,827,1,106,0.13,214.48
Chieti,142,14/07/2020,0,827,1,107,0.13,214.48
Chieti,143,15/07/2020,0,827,0,107,0.13,214.48
Chieti,144,16/07/2020,0,827,0,107,0.13,214.48
Chieti,145,17/07/2020,1,828,0,107,0.13,214.74
Chieti,146,18/07/2020,0,828,0,107,0.13,214.74
Chieti,147,19/07/2020,0,828,0,107,0.13,214.74
Chieti,148,20/07/2020,4,832,0,107,0.13,215.77
Chieti,149,21/07/2020,2,834,0,107,0.13,216.29
Chieti,150,22/07/2020,-3,831,0,107,0.13,215.52
Chieti,151,23/07/2020,3,834,0,107,0.13,216.29
Chieti,152,24/07/2020,1,835,0,107,0.13,216.55
Chieti,153,25/07/2020,1,836,0,107,0.13,216.81
Chieti,154,26/07/2020,0,836,0,107,0.13,216.81
Chieti,155,27/07/2020,1,837,0,107,0.13,217.07
Chieti,156,28/07/2020,0,837,0,107,0.13,217.07
Chieti,157,29/07/2020,3,840,0,107,0.13,217.85
Chieti,158,30/07/2020,1,841,0,107,0.13,218.11
Chieti,159,31/07/2020,0,841,0,107,0.13,218.11
Chieti,160,01/08/2020,1,842,0,107,0.13,218.37
Chieti,161,02/08/2020,1,843,0,107,0.13,218.63
Chieti,162,03/08/2020,0,843,0,107,0.13,218.63
Chieti,163,04/08/2020,1,844,0,107,0.13,218.89
Chieti,164,05/08/2020,1,845,0,107,0.13,219.15
Chieti,165,06/08/2020,13,858,0,107,0.12,222.52
Chieti,166,07/08/2020,1,859,0,107,0.12,222.78
Chieti,167,08/08/2020,4,863,0,107,0.12,223.81
Chieti,168,09/08/2020,0,863,0,107,0.12,223.81
Chieti,169,10/08/2020,6,869,0,107,0.12,225.37
Chieti,170,11/08/2020,7,876,0,107,0.12,227.19
Chieti,171,12/08/2020,3,879,0,107,0.12,227.96
Chieti,172,13/08/2020,2,881,0,107,0.12,228.48
Chieti,173,14/08/2020,3,884,0,107,0.12,229.26
Chieti,174,15/08/2020,1,885,0,107,0.12,229.52
Chieti,175,16/08/2020,1,886,0,107,0.12,229.78
Chieti,176,17/08/2020,0,886,0,107,0.12,229.78
Chieti,177,18/08/2020,0,886,0,107,0.12,229.78
Chieti,178,19/08/2020,2,888,0,107,0.12,230.3
Chieti,179,20/08/2020,1,889,0,107,0.12,230.56
Chieti,180,21/08/2020,1,890,0,107,0.12,230.82
Chieti,181,22/08/2020,5,895,0,107,0.12,232.11
Chieti,182,23/08/2020,3,898,0,107,0.12,232.89
Chieti,183,24/08/2020,1,899,0,107,0.12,233.15
Chieti,184,25/08/2020,1,900,0,107,0.12,233.41
Chieti,185,26/08/2020,2,902,0,107,0.12,233.93
Chieti,186,27/08/2020,2,904,0,107,0.12,234.45
Chieti,187,28/08/2020,1,905,0,107,0.12,234.71
Chieti,188,29/08/2020,3,908,0,107,0.12,235.48
Chieti,189,30/08/2020,0,908,0,107,0.12,235.48
Chieti,190,31/08/2020,6,914,0,107,0.12,237.04
Chieti,191,01/09/2020,1,915,0,107,0.12,237.3
Chieti,192,02/09/2020,0,915,0,107,0.12,237.3
Chieti,193,03/09/2020,4,919,0,107,0.12,238.34
Chieti,194,04/09/2020,1,920,0,107,0.12,238.6
Chieti,195,05/09/2020,0,920,0,107,0.12,238.6
Chieti,196,06/09/2020,3,923,0,107,0.12,239.37
Chieti,197,07/09/2020,2,925,0,107,0.12,239.89
Chieti,198,08/09/2020,4,929,0,107,0.12,240.93
Chieti,199,09/09/2020,18,947,0,107,0.11,245.6
Chieti,200,10/09/2020,3,950,0,107,0.11,246.38
Chieti,201,11/09/2020,1,951,0,107,0.11,246.64
Chieti,202,12/09/2020,-16,935,0,107,0.11,242.49
Chieti,203,13/09/2020,11,946,0,107,0.11,245.34
Chieti,204,14/09/2020,1,947,0,107,0.11,245.6
Chieti,205,15/09/2020,3,950,0,107,0.11,246.38
Chieti,206,16/09/2020,1,951,0,107,0.11,246.64
Chieti,207,17/09/2020,12,963,0,107,0.11,249.75
Chieti,208,18/09/2020,16,979,0,107,0.11,253.9
Chieti,209,19/09/2020,0,979,0,107,0.11,253.9
Chieti,210,20/09/2020,0,979,0,107,0.11,253.9
Chieti,211,21/09/2020,14,993,0,107,0.11,257.53
Chieti,212,22/09/2020,5,998,0,107,0.11,258.83
Chieti,213,23/09/2020,9,1007,2,109,0.11,261.16
Chieti,214,24/09/2020,4,1011,0,109,0.11,262.2
Chieti,215,25/09/2020,8,1019,0,109,0.11,264.27
Chieti,216,26/09/2020,7,1026,0,109,0.11,266.09
Chieti,217,27/09/2020,11,1037,0,109,0.1,268.94
Chieti,218,28/09/2020,0,1037,0,109,0.1,268.94
Chieti,219,29/09/2020,7,1044,0,109,0.1,270.76
Chieti,220,30/09/2020,0,1044,0,109,0.1,270.76
Chieti,221,01/10/2020,9,1053,0,109,0.1,273.09
Chieti,222,02/10/2020,14,1067,0,109,0.1,276.72
Chieti,223,03/10/2020,14,1081,0,109,0.1,280.35
Chieti,224,04/10/2020,8,1089,0,109,0.1,282.43
Chieti,225,05/10/2020,3,1092,0,109,0.1,283.2
Chieti,226,06/10/2020,14,1106,0,109,0.1,286.83
Chieti,227,07/10/2020,12,1118,0,109,0.1,289.95
Chieti,228,08/10/2020,8,1126,0,109,0.1,292.02
Chieti,229,09/10/2020,22,1148,1,110,0.1,297.73
Chieti,230,10/10/2020,10,1158,0,110,0.1,300.32
Chieti,231,11/10/2020,16,1174,0,110,0.09,304.47
Chieti,232,12/10/2020,10,1184,1,111,0.09,307.06
Chieti,233,13/10/2020,37,1221,0,111,0.09,316.66
Chieti,234,14/10/2020,25,1246,1,112,0.09,323.14
Chieti,235,15/10/2020,12,1258,2,114,0.09,326.25
Chieti,236,16/10/2020,32,1290,0,114,0.09,334.55
Chieti,237,17/10/2020,15,1305,0,114,0.09,338.44
Chieti,238,18/10/2020,34,1339,0,114,0.09,347.26
Chieti,239,19/10/2020,8,1347,0,114,0.09,349.34
Chieti,240,20/10/2020,46,1393,0,114,0.08,361.27
Chieti,241,21/10/2020,31,1424,0,114,0.08,369.31
Chieti,242,22/10/2020,45,1469,0,114,0.08,380.98
Chieti,243,23/10/2020,47,1516,0,114,0.07,393.17
Chieti,244,24/10/2020,35,1551,0,114,0.07,402.24
Chieti,245,25/10/2020,30,1581,0,114,0.07,410.02
Chieti,246,26/10/2020,66,1647,2,116,0.07,427.14
Chieti,247,27/10/2020,61,1708,2,118,0.07,442.96
Chieti,248,28/10/2020,44,1752,1,119,0.07,454.37
Chieti,249,29/10/2020,64,1816,3,122,0.07,470.97
Chieti,250,30/10/2020,66,1882,0,122,0.06,488.09
Chieti,251,31/10/2020,93,1975,0,122,0.06,512.2
Chieti,252,01/11/2020,64,2039,0,122,0.06,528.8
Chieti,253,02/11/2020,60,2099,0,122,0.06,544.36
Chieti,254,03/11/2020,181,2280,0,122,0.05,591.3
Chieti,255,04/11/2020,105,2385,2,124,0.05,618.54
Chieti,256,05/11/2020,111,2496,2,126,0.05,647.32
Chieti,257,06/11/2020,86,2582,1,127,0.05,669.63
Chieti,258,07/11/2020,92,2674,0,127,0.05,693.49
Chieti,259,08/11/2020,123,2797,0,127,0.04,725.39
Chieti,260,09/11/2020,131,2928,2,129,0.04,759.36
Chieti,261,10/11/2020,178,3106,0,129,0.04,805.52
Chieti,262,11/11/2020,121,3227,7,136,0.04,836.9
Chieti,263,12/11/2020,57,3284,0,136,0.04,851.69
Chieti,264,13/11/2020,170,3454,0,136,0.04,895.77
Chieti,265,14/11/2020,168,3622,0,136,0.04,939.34
Chieti,266,15/11/2020,116,3738,0,136,0.04,969.43
Chieti,267,16/11/2020,58,3796,3,139,0.04,984.47
Chieti,268,17/11/2020,192,3988,2,141,0.04,1034.26
Chieti,269,18/11/2020,104,4092,2,143,0.04,1061.24
Chieti,270,19/11/2020,156,4248,2,145,0.03,1101.69
Chieti,271,20/11/2020,86,4334,5,150,0.04,1124
Chieti,272,21/11/2020,86,4420,0,150,0.03,1146.3
Chieti,273,22/11/2020,137,4557,0,150,0.03,1181.83
Chieti,274,23/11/2020,81,4638,1,151,0.03,1202.84
Chieti,275,24/11/2020,139,4777,1,152,0.03,1238.89
Chieti,276,25/11/2020,124,4901,1,153,0.03,1271.05
Chieti,277,26/11/2020,125,5026,0,153,0.03,1303.46
Chieti,278,27/11/2020,72,5098,1,154,0.03,1322.14
Chieti,279,28/11/2020,50,5148,0,154,0.03,1335.1
Chieti,280,29/11/2020,74,5222,0,154,0.03,1354.3
Chieti,281,30/11/2020,141,5363,1,155,0.03,1390.86
Chieti,282,01/12/2020,87,5450,1,156,0.03,1413.43
Chieti,283,02/12/2020,63,5513,2,158,0.03,1429.76
Chieti,284,03/12/2020,83,5596,1,159,0.03,1451.29
Chieti,285,04/12/2020,79,5675,0,159,0.03,1471.78
Chieti,286,05/12/2020,70,5745,0,159,0.03,1489.93
Chieti,287,06/12/2020,38,5783,0,159,0.03,1499.79
Chieti,288,07/12/2020,24,5807,4,163,0.03,1506.01
Chieti,289,08/12/2020,124,5931,1,164,0.03,1538.17
Chieti,290,09/12/2020,15,5946,1,165,0.03,1542.06
Chieti,291,10/12/2020,59,6005,0,165,0.03,1557.36
