Province,Day,Date,New_cases,Curr_pos_cases,Deaths,Tot_deaths,Lethality_rate,Cumul_rates
L Aquila,1,24/02/2020,0,0,0,0,0,0
L Aquila,2,25/02/2020,0,0,0,0,0,0
L Aquila,3,26/02/2020,0,0,0,0,0,0
L Aquila,4,27/02/2020,0,0,0,0,0,0
L Aquila,5,28/02/2020,0,0,0,0,0,0
L Aquila,6,29/02/2020,0,0,0,0,0,0
L Aquila,7,01/03/2020,0,0,0,0,0,0
L Aquila,8,02/03/2020,0,0,0,0,0,0
L Aquila,9,03/03/2020,1,1,0,0,0,0.33
L Aquila,10,04/03/2020,0,1,0,0,0,0.33
L Aquila,11,05/03/2020,0,1,0,0,0,0.33
L Aquila,12,06/03/2020,0,1,0,0,0,0.33
L Aquila,13,07/03/2020,0,1,0,0,0,0.33
L Aquila,14,08/03/2020,0,1,0,0,0,0.33
L Aquila,15,09/03/2020,4,5,0,0,0,1.67
L Aquila,16,10/03/2020,1,6,0,0,0,2.01
L Aquila,17,11/03/2020,0,6,0,0,0,2.01
L Aquila,18,12/03/2020,2,8,0,0,0,2.68
L Aquila,19,13/03/2020,1,9,0,0,0,3.01
L Aquila,20,14/03/2020,4,13,0,0,0,4.35
L Aquila,21,15/03/2020,2,15,0,0,0,5.02
L Aquila,22,16/03/2020,3,18,0,0,0,6.02
L Aquila,23,17/03/2020,1,19,0,0,0,6.35
L Aquila,24,18/03/2020,1,20,0,0,0,6.69
L Aquila,25,19/03/2020,5,25,0,0,0,8.36
L Aquila,26,20/03/2020,4,29,0,0,0,9.7
L Aquila,27,21/03/2020,2,31,0,0,0,10.37
L Aquila,28,22/03/2020,7,38,1,1,0.03,12.71
L Aquila,29,23/03/2020,2,40,0,1,0.03,13.38
L Aquila,30,24/03/2020,7,47,0,1,0.02,15.72
L Aquila,31,25/03/2020,13,60,1,2,0.03,20.06
L Aquila,32,26/03/2020,4,64,0,2,0.03,21.4
L Aquila,33,27/03/2020,11,75,1,3,0.04,25.08
L Aquila,34,28/03/2020,13,88,0,3,0.03,29.43
L Aquila,35,29/03/2020,13,101,1,4,0.04,33.78
L Aquila,36,30/03/2020,14,115,0,4,0.04,38.46
L Aquila,37,31/03/2020,8,123,0,4,0.03,41.13
L Aquila,38,01/04/2020,5,128,1,5,0.04,42.8
L Aquila,39,02/04/2020,12,140,0,5,0.04,46.82
L Aquila,40,03/04/2020,26,166,1,6,0.04,55.51
L Aquila,41,04/04/2020,8,174,0,6,0.03,58.19
L Aquila,42,05/04/2020,5,179,1,7,0.04,59.86
L Aquila,43,06/04/2020,4,183,0,7,0.04,61.2
L Aquila,44,07/04/2020,6,189,0,7,0.04,63.2
L Aquila,45,08/04/2020,8,197,0,7,0.04,65.88
L Aquila,46,09/04/2020,2,199,0,7,0.04,66.55
L Aquila,47,10/04/2020,14,213,0,7,0.03,71.23
L Aquila,48,11/04/2020,5,218,0,7,0.03,72.9
L Aquila,49,12/04/2020,2,220,1,8,0.04,73.57
L Aquila,50,13/04/2020,0,220,0,8,0.04,73.57
L Aquila,51,14/04/2020,8,228,0,8,0.04,76.25
L Aquila,52,15/04/2020,1,229,0,8,0.04,76.58
L Aquila,53,16/04/2020,3,232,0,8,0.03,77.58
L Aquila,54,17/04/2020,1,233,0,8,0.03,77.92
L Aquila,55,18/04/2020,0,233,0,8,0.03,77.92
L Aquila,56,19/04/2020,4,237,0,8,0.03,79.26
L Aquila,57,20/04/2020,0,237,0,8,0.03,79.26
L Aquila,58,21/04/2020,1,238,1,9,0.04,79.59
L Aquila,59,22/04/2020,0,238,0,9,0.04,79.59
L Aquila,60,23/04/2020,3,241,0,9,0.04,80.59
L Aquila,61,24/04/2020,0,241,0,9,0.04,80.59
L Aquila,62,25/04/2020,-1,240,0,9,0.04,80.26
L Aquila,63,26/04/2020,1,241,0,9,0.04,80.59
L Aquila,64,27/04/2020,1,242,0,9,0.04,80.93
L Aquila,65,28/04/2020,2,244,0,9,0.04,81.6
L Aquila,66,29/04/2020,0,244,0,9,0.04,81.6
L Aquila,67,30/04/2020,-1,243,1,10,0.04,81.26
L Aquila,68,01/05/2020,0,243,0,10,0.04,81.26
L Aquila,69,02/05/2020,0,243,0,10,0.04,81.26
L Aquila,70,03/05/2020,0,243,0,10,0.04,81.26
L Aquila,71,04/05/2020,-1,242,0,10,0.04,80.93
L Aquila,72,05/05/2020,0,242,0,10,0.04,80.93
L Aquila,73,06/05/2020,0,242,0,10,0.04,80.93
L Aquila,74,07/05/2020,1,243,0,10,0.04,81.26
L Aquila,75,08/05/2020,0,243,0,10,0.04,81.26
L Aquila,76,09/05/2020,0,243,0,10,0.04,81.26
L Aquila,77,10/05/2020,0,243,0,10,0.04,81.26
L Aquila,78,11/05/2020,0,243,0,10,0.04,81.26
L Aquila,79,12/05/2020,1,244,0,10,0.04,81.6
L Aquila,80,13/05/2020,0,244,0,10,0.04,81.6
L Aquila,81,14/05/2020,2,246,0,10,0.04,82.27
L Aquila,82,15/05/2020,0,246,1,11,0.04,82.27
L Aquila,83,16/05/2020,0,246,0,11,0.04,82.27
L Aquila,84,17/05/2020,0,246,0,11,0.04,82.27
L Aquila,85,18/05/2020,0,246,1,12,0.05,82.27
L Aquila,86,19/05/2020,0,246,0,12,0.05,82.27
L Aquila,87,20/05/2020,0,246,0,12,0.05,82.27
L Aquila,88,21/05/2020,0,246,0,12,0.05,82.27
L Aquila,89,22/05/2020,0,246,0,12,0.05,82.27
L Aquila,90,23/05/2020,0,246,0,12,0.05,82.27
L Aquila,91,24/05/2020,0,246,0,12,0.05,82.27
L Aquila,92,25/05/2020,0,246,0,12,0.05,82.27
L Aquila,93,26/05/2020,0,246,0,12,0.05,82.27
L Aquila,94,27/05/2020,0,246,0,12,0.05,82.27
L Aquila,95,28/05/2020,-1,245,0,12,0.05,81.93
L Aquila,96,29/05/2020,1,246,0,12,0.05,82.27
L Aquila,97,30/05/2020,0,246,0,12,0.05,82.27
L Aquila,98,31/05/2020,0,246,0,12,0.05,82.27
L Aquila,99,01/06/2020,0,246,0,12,0.05,82.27
L Aquila,100,02/06/2020,0,246,0,12,0.05,82.27
L Aquila,101,03/06/2020,1,247,0,12,0.05,82.6
L Aquila,102,04/06/2020,0,247,0,12,0.05,82.6
L Aquila,103,05/06/2020,0,247,0,12,0.05,82.6
L Aquila,104,06/06/2020,0,247,0,12,0.05,82.6
L Aquila,105,07/06/2020,0,247,0,12,0.05,82.6
L Aquila,106,08/06/2020,0,247,0,12,0.05,82.6
L Aquila,107,09/06/2020,0,247,0,12,0.05,82.6
L Aquila,108,10/06/2020,-1,246,0,12,0.05,82.27
L Aquila,109,11/06/2020,0,246,0,12,0.05,82.27
L Aquila,110,12/06/2020,0,246,0,12,0.05,82.27
L Aquila,111,13/06/2020,0,246,0,12,0.05,82.27
L Aquila,112,14/06/2020,1,247,0,12,0.05,82.6
L Aquila,113,15/06/2020,0,247,0,12,0.05,82.6
L Aquila,114,16/06/2020,0,247,0,12,0.05,82.6
L Aquila,115,17/06/2020,-1,246,0,12,0.05,82.27
L Aquila,116,18/06/2020,0,246,0,12,0.05,82.27
L Aquila,117,19/06/2020,0,246,0,12,0.05,82.27
L Aquila,118,20/06/2020,0,246,0,12,0.05,82.27
L Aquila,119,21/06/2020,0,246,0,12,0.05,82.27
L Aquila,120,22/06/2020,-1,245,0,12,0.05,81.93
L Aquila,121,23/06/2020,0,245,0,12,0.05,81.93
L Aquila,122,24/06/2020,-21,224,0,12,0.05,74.91
L Aquila,123,25/06/2020,0,224,0,12,0.05,74.91
L Aquila,124,26/06/2020,1,225,0,12,0.05,75.24
L Aquila,125,27/06/2020,0,225,0,12,0.05,75.24
L Aquila,126,28/06/2020,0,225,0,12,0.05,75.24
L Aquila,127,29/06/2020,0,225,0,12,0.05,75.24
L Aquila,128,30/06/2020,0,225,0,12,0.05,75.24
L Aquila,129,01/07/2020,0,225,0,12,0.05,75.24
L Aquila,130,02/07/2020,0,225,0,12,0.05,75.24
L Aquila,131,03/07/2020,1,226,0,12,0.05,75.58
L Aquila,132,04/07/2020,2,228,0,12,0.05,76.25
L Aquila,133,05/07/2020,2,230,0,12,0.05,76.92
L Aquila,134,06/07/2020,-1,229,0,12,0.05,76.58
L Aquila,135,07/07/2020,0,229,0,12,0.05,76.58
L Aquila,136,08/07/2020,0,229,0,12,0.05,76.58
L Aquila,137,09/07/2020,8,237,0,12,0.05,79.26
L Aquila,138,10/07/2020,1,238,0,12,0.05,79.59
L Aquila,139,11/07/2020,0,238,0,12,0.05,79.59
L Aquila,140,12/07/2020,3,241,0,12,0.05,80.59
L Aquila,141,13/07/2020,-1,240,0,12,0.05,80.26
L Aquila,142,14/07/2020,0,240,0,12,0.05,80.26
L Aquila,143,15/07/2020,0,240,0,12,0.05,80.26
L Aquila,144,16/07/2020,4,244,0,12,0.05,81.6
L Aquila,145,17/07/2020,0,244,0,12,0.05,81.6
L Aquila,146,18/07/2020,0,244,0,12,0.05,81.6
L Aquila,147,19/07/2020,0,244,0,12,0.05,81.6
L Aquila,148,20/07/2020,1,245,0,12,0.05,81.93
L Aquila,149,21/07/2020,2,247,1,13,0.05,82.6
L Aquila,150,22/07/2020,0,247,0,13,0.05,82.6
L Aquila,151,23/07/2020,2,249,0,13,0.05,83.27
L Aquila,152,24/07/2020,0,249,0,13,0.05,83.27
L Aquila,153,25/07/2020,0,249,0,13,0.05,83.27
L Aquila,154,26/07/2020,0,249,0,13,0.05,83.27
L Aquila,155,27/07/2020,7,256,1,14,0.06,85.61
L Aquila,156,28/07/2020,0,256,0,14,0.06,85.61
L Aquila,157,29/07/2020,0,256,0,14,0.06,85.61
L Aquila,158,30/07/2020,1,257,0,14,0.05,85.94
L Aquila,159,31/07/2020,2,259,0,14,0.05,86.61
L Aquila,160,01/08/2020,0,259,0,14,0.05,86.61
L Aquila,161,02/08/2020,0,259,0,14,0.05,86.61
L Aquila,162,03/08/2020,1,260,0,14,0.05,86.95
L Aquila,163,04/08/2020,0,260,0,14,0.05,86.95
L Aquila,164,05/08/2020,0,260,0,14,0.05,86.95
L Aquila,165,06/08/2020,8,268,0,14,0.05,89.62
L Aquila,166,07/08/2020,2,270,0,14,0.05,90.29
L Aquila,167,08/08/2020,0,270,0,14,0.05,90.29
L Aquila,168,09/08/2020,5,275,0,14,0.05,91.96
L Aquila,169,10/08/2020,0,275,0,14,0.05,91.96
L Aquila,170,11/08/2020,9,284,0,14,0.05,94.97
L Aquila,171,12/08/2020,4,288,0,14,0.05,96.31
L Aquila,172,13/08/2020,2,290,0,14,0.05,96.98
L Aquila,173,14/08/2020,3,293,0,14,0.05,97.98
L Aquila,174,15/08/2020,7,300,0,14,0.05,100.32
L Aquila,175,16/08/2020,2,302,0,14,0.05,100.99
L Aquila,176,17/08/2020,3,305,0,14,0.05,102
L Aquila,177,18/08/2020,0,305,0,14,0.05,102
L Aquila,178,19/08/2020,2,307,0,14,0.05,102.66
L Aquila,179,20/08/2020,1,308,0,14,0.04,103
L Aquila,180,21/08/2020,13,321,0,14,0.04,107.35
L Aquila,181,22/08/2020,8,329,0,14,0.04,110.02
L Aquila,182,23/08/2020,12,341,0,14,0.04,114.03
L Aquila,183,24/08/2020,4,345,0,14,0.04,115.37
L Aquila,184,25/08/2020,5,350,0,14,0.04,117.04
L Aquila,185,26/08/2020,16,366,0,14,0.04,122.4
L Aquila,186,27/08/2020,11,377,0,14,0.04,126.07
L Aquila,187,28/08/2020,11,388,0,14,0.04,129.75
L Aquila,188,29/08/2020,8,396,0,14,0.04,132.43
L Aquila,189,30/08/2020,20,416,0,14,0.03,139.12
L Aquila,190,31/08/2020,6,422,0,14,0.03,141.12
L Aquila,191,01/09/2020,4,426,0,14,0.03,142.46
L Aquila,192,02/09/2020,19,445,0,14,0.03,148.81
L Aquila,193,03/09/2020,16,461,0,14,0.03,154.16
L Aquila,194,04/09/2020,20,481,0,14,0.03,160.85
L Aquila,195,05/09/2020,10,491,0,14,0.03,164.2
L Aquila,196,06/09/2020,16,507,0,14,0.03,169.55
L Aquila,197,07/09/2020,12,519,0,14,0.03,173.56
L Aquila,198,08/09/2020,1,520,0,14,0.03,173.9
L Aquila,199,09/09/2020,37,557,0,14,0.03,186.27
L Aquila,200,10/09/2020,9,566,0,14,0.03,189.28
L Aquila,201,11/09/2020,4,570,0,14,0.03,190.62
L Aquila,202,12/09/2020,-17,553,0,14,0.03,184.93
L Aquila,203,13/09/2020,5,558,0,14,0.03,186.6
L Aquila,204,14/09/2020,-1,557,0,14,0.03,186.27
L Aquila,205,15/09/2020,9,566,0,14,0.03,189.28
L Aquila,206,16/09/2020,4,570,0,14,0.03,190.62
L Aquila,207,17/09/2020,2,572,0,14,0.02,191.28
L Aquila,208,18/09/2020,12,584,1,15,0.03,195.3
L Aquila,209,19/09/2020,0,584,0,15,0.03,195.3
L Aquila,210,20/09/2020,0,584,0,15,0.03,195.3
L Aquila,211,21/09/2020,11,595,0,15,0.03,198.98
L Aquila,212,22/09/2020,1,596,0,15,0.03,199.31
L Aquila,213,23/09/2020,4,600,0,15,0.03,200.65
L Aquila,214,24/09/2020,6,606,0,15,0.03,202.65
L Aquila,215,25/09/2020,10,616,0,15,0.02,206
L Aquila,216,26/09/2020,8,624,0,15,0.02,208.67
L Aquila,217,27/09/2020,0,624,0,15,0.02,208.67
L Aquila,218,28/09/2020,1,625,0,15,0.02,209.01
L Aquila,219,29/09/2020,6,631,0,15,0.02,211.01
L Aquila,220,30/09/2020,0,631,0,15,0.02,211.01
L Aquila,221,01/10/2020,9,640,0,15,0.02,214.02
L Aquila,222,02/10/2020,10,650,0,15,0.02,217.37
L Aquila,223,03/10/2020,7,657,0,15,0.02,219.71
L Aquila,224,04/10/2020,4,661,0,15,0.02,221.05
L Aquila,225,05/10/2020,10,671,0,15,0.02,224.39
L Aquila,226,06/10/2020,5,676,1,16,0.02,226.06
L Aquila,227,07/10/2020,32,708,1,17,0.02,236.76
L Aquila,228,08/10/2020,20,728,1,18,0.03,243.45
L Aquila,229,09/10/2020,24,752,0,18,0.02,251.48
L Aquila,230,10/10/2020,28,780,0,18,0.02,260.84
L Aquila,231,11/10/2020,39,819,0,18,0.02,273.88
L Aquila,232,12/10/2020,37,856,0,18,0.02,286.26
L Aquila,233,13/10/2020,46,902,0,18,0.02,301.64
L Aquila,234,14/10/2020,45,947,0,18,0.02,316.69
L Aquila,235,15/10/2020,136,1083,0,18,0.02,362.17
L Aquila,236,16/10/2020,89,1172,0,18,0.01,391.93
L Aquila,237,17/10/2020,39,1211,0,18,0.01,404.97
L Aquila,238,18/10/2020,76,1287,1,19,0.01,430.39
L Aquila,239,19/10/2020,80,1367,0,19,0.01,457.14
L Aquila,240,20/10/2020,65,1432,0,19,0.01,478.88
L Aquila,241,21/10/2020,104,1536,0,19,0.01,513.66
L Aquila,242,22/10/2020,127,1663,0,19,0.01,556.13
L Aquila,243,23/10/2020,98,1761,0,19,0.01,588.9
L Aquila,244,24/10/2020,156,1917,0,19,0.01,641.07
L Aquila,245,25/10/2020,108,2025,9,28,0.01,677.19
L Aquila,246,26/10/2020,190,2215,3,31,0.01,740.73
L Aquila,247,27/10/2020,118,2333,4,35,0.01,780.19
L Aquila,248,28/10/2020,154,2487,0,35,0.01,831.69
L Aquila,249,29/10/2020,135,2622,1,36,0.01,876.83
L Aquila,250,30/10/2020,189,2811,1,37,0.01,940.04
L Aquila,251,31/10/2020,171,2982,0,37,0.01,997.22
L Aquila,252,01/11/2020,224,3206,0,37,0.01,1072.13
L Aquila,253,02/11/2020,138,3344,1,38,0.01,1118.28
L Aquila,254,03/11/2020,150,3494,4,42,0.01,1168.44
L Aquila,255,04/11/2020,162,3656,1,43,0.01,1222.62
L Aquila,256,05/11/2020,140,3796,4,47,0.01,1269.43
L Aquila,257,06/11/2020,143,3939,3,50,0.01,1317.25
L Aquila,258,07/11/2020,138,4077,0,50,0.01,1363.4
L Aquila,259,08/11/2020,242,4319,0,50,0.01,1444.33
L Aquila,260,09/11/2020,212,4531,2,52,0.01,1515.23
L Aquila,261,10/11/2020,272,4803,26,78,0.02,1606.19
L Aquila,262,11/11/2020,261,5064,6,84,0.02,1693.47
L Aquila,263,12/11/2020,173,5237,0,84,0.02,1751.32
L Aquila,264,13/11/2020,195,5432,13,97,0.02,1816.53
L Aquila,265,14/11/2020,374,5806,0,97,0.02,1941.6
L Aquila,266,15/11/2020,183,5989,0,97,0.02,2002.8
L Aquila,267,16/11/2020,244,6233,7,104,0.02,2084.4
L Aquila,268,17/11/2020,221,6454,2,106,0.02,2158.3
L Aquila,269,18/11/2020,260,6714,6,112,0.02,2245.25
L Aquila,270,19/11/2020,372,7086,5,117,0.02,2369.65
L Aquila,271,20/11/2020,301,7387,5,122,0.02,2470.31
L Aquila,272,21/11/2020,179,7566,0,122,0.02,2530.17
L Aquila,273,22/11/2020,222,7788,0,122,0.02,2604.41
L Aquila,274,23/11/2020,206,7994,8,130,0.02,2673.3
L Aquila,275,24/11/2020,129,8123,12,142,0.02,2716.44
L Aquila,276,25/11/2020,111,8234,4,146,0.02,2753.56
L Aquila,277,26/11/2020,141,8375,13,159,0.02,2800.71
L Aquila,278,27/11/2020,258,8633,9,168,0.02,2886.99
L Aquila,279,28/11/2020,120,8753,0,168,0.02,2927.12
L Aquila,280,29/11/2020,99,8852,0,168,0.02,2960.23
L Aquila,281,30/11/2020,115,8967,2,170,0.02,2998.69
L Aquila,282,01/12/2020,244,9211,11,181,0.02,3080.28
L Aquila,283,02/12/2020,139,9350,5,186,0.02,3126.77
L Aquila,284,03/12/2020,142,9492,10,196,0.02,3174.25
L Aquila,285,04/12/2020,133,9625,6,202,0.02,3218.73
L Aquila,286,05/12/2020,100,9725,0,202,0.02,3252.17
L Aquila,287,06/12/2020,98,9823,0,202,0.02,3284.94
L Aquila,288,07/12/2020,59,9882,3,205,0.02,3304.67
L Aquila,289,08/12/2020,43,9925,3,208,0.02,3319.05
L Aquila,290,09/12/2020,124,10049,4,212,0.02,3360.52
L Aquila,291,10/12/2020,59,10108,8,220,0.02,3380.25
L Aquila,292,11/12/2020,50,10158,3,223,0.02,3396.97
L Aquila,293,12/12/2020,78,10236,0,223,0.02,3423.06
L Aquila,294,13/12/2020,63,10299,0,223,0.02,3444.12
L Aquila,295,14/12/2020,68,10367,5,228,0.02,3466.86
L Aquila,296,15/12/2020,13,10380,4,228,0.02,3471.21
L Aquila,297,16/12/2020,52,10432,2,228,0.02,3488.6
L Aquila,298,17/12/2020,56,10488,0,228,0.02,3507.33
