Province,Day,Date,New_cases,Curr_pos_cases,Deaths,Tot_deaths,Lethality_rate,Cumul_rates
Pescara,1,24/02/2020,0,0,0,0,0,0
Pescara,2,25/02/2020,0,0,0,0,0,0
Pescara,3,26/02/2020,0,0,0,0,0,0
Pescara,4,27/02/2020,0,0,0,0,0,0
Pescara,5,28/02/2020,0,0,0,0,0,0
Pescara,6,29/02/2020,0,0,0,0,0,0
Pescara,7,01/03/2020,0,0,0,0,0,0
Pescara,8,02/03/2020,0,0,0,0,0,0
Pescara,9,03/03/2020,1,1,0,0,0,0.31
Pescara,10,04/03/2020,0,1,0,0,0,0.31
Pescara,11,05/03/2020,0,1,0,0,0,0.31
Pescara,12,06/03/2020,0,1,0,0,0,0.31
Pescara,13,07/03/2020,1,2,0,0,0,0.63
Pescara,14,08/03/2020,6,8,0,0,0,2.51
Pescara,15,09/03/2020,6,14,0,0,0,4.39
Pescara,16,10/03/2020,4,18,1,1,0.06,5.64
Pescara,17,11/03/2020,0,18,0,1,0.06,5.64
Pescara,18,12/03/2020,30,48,0,1,0.02,15.05
Pescara,19,13/03/2020,0,48,0,1,0.02,15.05
Pescara,20,14/03/2020,17,65,0,1,0.01,20.38
Pescara,21,15/03/2020,17,82,0,1,0.01,25.71
Pescara,22,16/03/2020,19,101,1,2,0.02,31.67
Pescara,23,17/03/2020,37,138,0,2,0.01,43.27
Pescara,24,18/03/2020,22,160,0,2,0.01,50.17
Pescara,25,19/03/2020,63,223,2,4,0.02,69.93
Pescara,26,20/03/2020,36,259,4,8,0.03,81.21
Pescara,27,21/03/2020,43,302,3,11,0.04,94.7
Pescara,28,22/03/2020,32,334,7,18,0.05,104.73
Pescara,29,23/03/2020,36,370,3,21,0.06,116.02
Pescara,30,24/03/2020,-1,369,3,24,0.06,115.71
Pescara,31,25/03/2020,43,412,2,26,0.06,129.19
Pescara,32,26/03/2020,33,445,5,31,0.07,139.54
Pescara,33,27/03/2020,31,476,3,34,0.07,149.26
Pescara,34,28/03/2020,36,512,2,36,0.07,160.55
Pescara,35,29/03/2020,64,576,4,40,0.07,180.62
Pescara,36,30/03/2020,18,594,12,52,0.09,186.26
Pescara,37,31/03/2020,28,622,6,58,0.09,195.04
Pescara,38,01/04/2020,9,631,3,61,0.1,197.86
Pescara,39,02/04/2020,15,646,10,71,0.11,202.57
Pescara,40,03/04/2020,23,669,7,78,0.12,209.78
Pescara,41,04/04/2020,31,700,4,82,0.12,219.5
Pescara,42,05/04/2020,27,727,2,84,0.12,227.96
Pescara,43,06/04/2020,1,728,6,90,0.12,228.28
Pescara,44,07/04/2020,28,756,1,91,0.12,237.06
Pescara,45,08/04/2020,15,771,4,95,0.12,241.76
Pescara,46,09/04/2020,34,805,3,98,0.12,252.42
Pescara,47,10/04/2020,33,838,3,101,0.12,262.77
Pescara,48,11/04/2020,31,869,3,104,0.12,272.49
Pescara,49,12/04/2020,20,889,2,106,0.12,278.76
Pescara,50,13/04/2020,41,930,7,113,0.12,291.62
Pescara,51,14/04/2020,17,947,2,115,0.12,296.95
Pescara,52,15/04/2020,24,971,5,120,0.12,304.48
Pescara,53,16/04/2020,34,1005,1,121,0.12,315.14
Pescara,54,17/04/2020,37,1042,1,122,0.12,326.74
Pescara,55,18/04/2020,29,1071,2,124,0.12,335.83
Pescara,56,19/04/2020,23,1094,2,126,0.12,343.04
Pescara,57,20/04/2020,49,1143,1,127,0.11,358.41
Pescara,58,21/04/2020,47,1190,3,130,0.11,373.15
Pescara,59,22/04/2020,25,1215,3,133,0.11,380.99
Pescara,60,23/04/2020,21,1236,2,135,0.11,387.57
Pescara,61,24/04/2020,8,1244,4,139,0.11,390.08
Pescara,62,25/04/2020,9,1253,6,145,0.12,392.9
Pescara,63,26/04/2020,7,1260,1,146,0.12,395.1
Pescara,64,27/04/2020,14,1274,2,148,0.12,399.49
Pescara,65,28/04/2020,-4,1270,7,155,0.12,398.23
Pescara,66,29/04/2020,15,1285,2,157,0.12,402.94
Pescara,67,30/04/2020,7,1292,2,159,0.12,405.13
Pescara,68,01/05/2020,15,1307,2,161,0.12,409.83
Pescara,69,02/05/2020,9,1316,1,162,0.12,412.66
Pescara,70,03/05/2020,31,1347,3,165,0.12,422.38
Pescara,71,04/05/2020,4,1351,2,167,0.12,423.63
Pescara,72,05/05/2020,24,1375,3,170,0.12,431.16
Pescara,73,06/05/2020,25,1400,5,175,0.12,439
Pescara,74,07/05/2020,21,1421,4,179,0.13,445.58
Pescara,75,08/05/2020,2,1423,2,181,0.13,446.21
Pescara,76,09/05/2020,7,1430,1,182,0.13,448.4
Pescara,77,10/05/2020,14,1444,4,186,0.13,452.79
Pescara,78,11/05/2020,4,1448,4,190,0.13,454.05
Pescara,79,12/05/2020,0,1448,4,194,0.13,454.05
Pescara,80,13/05/2020,12,1460,3,197,0.14,457.81
Pescara,81,14/05/2020,7,1467,4,201,0.14,460.01
Pescara,82,15/05/2020,7,1474,1,202,0.14,462.2
Pescara,83,16/05/2020,9,1483,1,203,0.14,465.02
Pescara,84,17/05/2020,5,1488,1,204,0.14,466.59
Pescara,85,18/05/2020,-1,1487,2,206,0.14,466.28
Pescara,86,19/05/2020,4,1491,1,207,0.14,467.53
Pescara,87,20/05/2020,6,1497,0,207,0.14,469.41
Pescara,88,21/05/2020,9,1506,1,208,0.14,472.24
Pescara,89,22/05/2020,3,1509,1,209,0.14,473.18
Pescara,90,23/05/2020,-1,1508,0,209,0.14,472.86
Pescara,91,24/05/2020,4,1512,4,213,0.14,474.12
Pescara,92,25/05/2020,0,1512,2,215,0.14,474.12
Pescara,93,26/05/2020,1,1513,0,215,0.14,474.43
Pescara,94,27/05/2020,2,1515,0,215,0.14,475.06
Pescara,95,28/05/2020,3,1518,1,216,0.14,476
Pescara,96,29/05/2020,-1,1517,0,216,0.14,475.68
Pescara,97,30/05/2020,0,1517,0,216,0.14,475.68
Pescara,98,31/05/2020,5,1522,1,217,0.14,477.25
Pescara,99,01/06/2020,0,1522,0,217,0.14,477.25
Pescara,100,02/06/2020,0,1522,3,220,0.14,477.25
Pescara,101,03/06/2020,2,1524,1,221,0.14,477.88
Pescara,102,04/06/2020,2,1526,1,222,0.14,478.51
Pescara,103,05/06/2020,1,1527,0,222,0.14,478.82
Pescara,104,06/06/2020,-3,1524,2,224,0.15,477.88
Pescara,105,07/06/2020,7,1531,0,224,0.15,480.07
Pescara,106,08/06/2020,0,1531,0,224,0.15,480.07
Pescara,107,09/06/2020,1,1532,1,225,0.15,480.39
Pescara,108,10/06/2020,1,1533,1,226,0.15,480.7
Pescara,109,11/06/2020,1,1534,0,226,0.15,481.01
Pescara,110,12/06/2020,2,1536,0,226,0.15,481.64
Pescara,111,13/06/2020,2,1538,1,227,0.15,482.27
Pescara,112,14/06/2020,1,1539,0,227,0.15,482.58
Pescara,113,15/06/2020,0,1539,0,227,0.15,482.58
Pescara,114,16/06/2020,1,1540,1,228,0.15,482.9
Pescara,115,17/06/2020,1,1541,0,228,0.15,483.21
Pescara,116,18/06/2020,0,1541,0,228,0.15,483.21
Pescara,117,19/06/2020,1,1542,1,229,0.15,483.52
Pescara,118,20/06/2020,0,1542,0,229,0.15,483.52
Pescara,119,21/06/2020,0,1542,0,229,0.15,483.52
Pescara,120,22/06/2020,1,1543,1,230,0.15,483.84
Pescara,121,23/06/2020,0,1543,0,230,0.15,483.84
Pescara,122,24/06/2020,42,1585,1,231,0.15,497.01
Pescara,123,25/06/2020,0,1585,0,231,0.15,497.01
Pescara,124,26/06/2020,1,1586,0,231,0.15,497.32
Pescara,125,27/06/2020,0,1586,0,231,0.15,497.32
Pescara,126,28/06/2020,0,1586,1,232,0.15,497.32
Pescara,127,29/06/2020,0,1586,0,232,0.15,497.32
Pescara,128,30/06/2020,0,1586,1,233,0.15,497.32
Pescara,129,01/07/2020,1,1587,0,233,0.15,497.63
Pescara,130,02/07/2020,1,1588,0,233,0.15,497.95
Pescara,131,03/07/2020,-1,1587,0,233,0.15,497.63
Pescara,132,04/07/2020,3,1590,0,233,0.15,498.57
Pescara,133,05/07/2020,2,1592,0,233,0.15,499.2
Pescara,134,06/07/2020,0,1592,0,233,0.15,499.2
Pescara,135,07/07/2020,0,1592,0,233,0.15,499.2
Pescara,136,08/07/2020,1,1593,0,233,0.15,499.52
Pescara,137,09/07/2020,0,1593,0,233,0.15,499.52
Pescara,138,10/07/2020,2,1595,0,233,0.15,500.14
Pescara,139,11/07/2020,2,1597,0,233,0.15,500.77
Pescara,140,12/07/2020,1,1598,1,234,0.15,501.08
Pescara,141,13/07/2020,0,1598,0,234,0.15,501.08
Pescara,142,14/07/2020,0,1598,0,234,0.15,501.08
Pescara,143,15/07/2020,1,1599,0,234,0.15,501.4
Pescara,144,16/07/2020,0,1599,1,235,0.15,501.4
Pescara,145,17/07/2020,0,1599,0,235,0.15,501.4
Pescara,146,18/07/2020,1,1600,0,235,0.15,501.71
Pescara,147,19/07/2020,0,1600,0,235,0.15,501.71
Pescara,148,20/07/2020,1,1601,0,235,0.15,502.02
Pescara,149,21/07/2020,-1,1600,1,236,0.15,501.71
Pescara,150,22/07/2020,1,1601,0,236,0.15,502.02
Pescara,151,23/07/2020,4,1605,0,236,0.15,503.28
Pescara,152,24/07/2020,4,1609,0,236,0.15,504.53
Pescara,153,25/07/2020,2,1611,0,236,0.15,505.16
Pescara,154,26/07/2020,1,1612,0,236,0.15,505.47
Pescara,155,27/07/2020,0,1612,0,236,0.15,505.47
Pescara,156,28/07/2020,1,1613,0,236,0.15,505.79
Pescara,157,29/07/2020,0,1613,0,236,0.15,505.79
Pescara,158,30/07/2020,1,1614,0,236,0.15,506.1
Pescara,159,31/07/2020,1,1615,0,236,0.15,506.41
Pescara,160,01/08/2020,5,1620,0,236,0.15,507.98
Pescara,161,02/08/2020,0,1620,0,236,0.15,507.98
Pescara,162,03/08/2020,8,1628,0,236,0.14,510.49
Pescara,163,04/08/2020,1,1629,0,236,0.14,510.8
Pescara,164,05/08/2020,2,1631,0,236,0.14,511.43
Pescara,165,06/08/2020,4,1635,0,236,0.14,512.69
Pescara,166,07/08/2020,3,1638,0,236,0.14,513.63
Pescara,167,08/08/2020,0,1638,0,236,0.14,513.63
Pescara,168,09/08/2020,0,1638,0,236,0.14,513.63
Pescara,169,10/08/2020,0,1638,0,236,0.14,513.63
Pescara,170,11/08/2020,1,1639,0,236,0.14,513.94
Pescara,171,12/08/2020,1,1640,0,236,0.14,514.25
Pescara,172,13/08/2020,1,1641,0,236,0.14,514.57
Pescara,173,14/08/2020,7,1648,0,236,0.14,516.76
Pescara,174,15/08/2020,3,1651,0,236,0.14,517.7
Pescara,175,16/08/2020,0,1651,0,236,0.14,517.7
Pescara,176,17/08/2020,2,1653,0,236,0.14,518.33
Pescara,177,18/08/2020,1,1654,0,236,0.14,518.64
Pescara,178,19/08/2020,3,1657,0,236,0.14,519.58
Pescara,179,20/08/2020,1,1658,0,236,0.14,519.9
Pescara,180,21/08/2020,5,1663,0,236,0.14,521.47
Pescara,181,22/08/2020,7,1670,0,236,0.14,523.66
Pescara,182,23/08/2020,4,1674,0,236,0.14,524.91
Pescara,183,24/08/2020,0,1674,0,236,0.14,524.91
Pescara,184,25/08/2020,2,1676,0,236,0.14,525.54
Pescara,185,26/08/2020,4,1680,0,236,0.14,526.8
Pescara,186,27/08/2020,2,1682,0,236,0.14,527.42
Pescara,187,28/08/2020,4,1686,0,236,0.14,528.68
Pescara,188,29/08/2020,1,1687,0,236,0.14,528.99
Pescara,189,30/08/2020,4,1691,0,236,0.14,530.25
Pescara,190,31/08/2020,3,1694,0,236,0.14,531.19
Pescara,191,01/09/2020,0,1694,0,236,0.14,531.19
Pescara,192,02/09/2020,4,1698,0,236,0.14,532.44
Pescara,193,03/09/2020,2,1700,0,236,0.14,533.07
Pescara,194,04/09/2020,4,1704,0,236,0.14,534.32
Pescara,195,05/09/2020,2,1706,0,236,0.14,534.95
Pescara,196,06/09/2020,2,1708,0,236,0.14,535.58
Pescara,197,07/09/2020,1,1709,0,236,0.14,535.89
Pescara,198,08/09/2020,4,1713,0,236,0.14,537.14
Pescara,199,09/09/2020,24,1737,0,236,0.14,544.67
Pescara,200,10/09/2020,3,1740,0,236,0.14,545.61
Pescara,201,11/09/2020,8,1748,0,236,0.14,548.12
Pescara,202,12/09/2020,-19,1729,0,236,0.14,542.16
Pescara,203,13/09/2020,5,1734,0,236,0.14,543.73
Pescara,204,14/09/2020,3,1737,1,237,0.14,544.67
Pescara,205,15/09/2020,3,1740,0,237,0.14,545.61
Pescara,206,16/09/2020,8,1748,0,237,0.14,548.12
Pescara,207,17/09/2020,15,1763,0,237,0.13,552.82
Pescara,208,18/09/2020,17,1780,0,237,0.13,558.15
Pescara,209,19/09/2020,0,1780,0,237,0.13,558.15
Pescara,210,20/09/2020,0,1780,0,237,0.13,558.15
Pescara,211,21/09/2020,25,1805,0,237,0.13,565.99
Pescara,212,22/09/2020,6,1811,0,237,0.13,567.87
Pescara,213,23/09/2020,9,1820,0,237,0.13,570.7
Pescara,214,24/09/2020,7,1827,0,237,0.13,572.89
Pescara,215,25/09/2020,11,1838,0,237,0.13,576.34
Pescara,216,26/09/2020,7,1845,0,237,0.13,578.53
Pescara,217,27/09/2020,20,1865,1,238,0.13,584.81
Pescara,218,28/09/2020,3,1868,1,239,0.13,585.75
Pescara,219,29/09/2020,18,1886,0,239,0.13,591.39
Pescara,220,30/09/2020,0,1886,0,239,0.13,591.39
Pescara,221,01/10/2020,4,1890,0,239,0.13,592.65
Pescara,222,02/10/2020,22,1912,0,239,0.12,599.54
Pescara,223,03/10/2020,14,1926,0,239,0.12,603.93
Pescara,224,04/10/2020,17,1943,0,239,0.12,609.26
Pescara,225,05/10/2020,4,1947,1,240,0.12,610.52
Pescara,226,06/10/2020,17,1964,1,241,0.12,615.85
Pescara,227,07/10/2020,12,1976,0,241,0.12,619.61
Pescara,228,08/10/2020,11,1987,0,241,0.12,623.06
Pescara,229,09/10/2020,18,2005,0,241,0.12,628.71
Pescara,230,10/10/2020,22,2027,0,241,0.12,635.6
Pescara,231,11/10/2020,7,2034,0,241,0.12,637.8
Pescara,232,12/10/2020,22,2056,0,241,0.12,644.7
Pescara,233,13/10/2020,17,2073,0,241,0.12,650.03
Pescara,234,14/10/2020,14,2087,0,241,0.12,654.42
Pescara,235,15/10/2020,40,2127,0,241,0.11,666.96
Pescara,236,16/10/2020,15,2142,0,241,0.11,671.66
Pescara,237,17/10/2020,21,2163,0,241,0.11,678.25
Pescara,238,18/10/2020,33,2196,0,241,0.11,688.6
Pescara,239,19/10/2020,8,2204,0,241,0.11,691.11
Pescara,240,20/10/2020,28,2232,0,241,0.11,699.89
Pescara,241,21/10/2020,53,2285,0,241,0.1,716.51
Pescara,242,22/10/2020,36,2321,1,242,0.1,727.79
Pescara,243,23/10/2020,35,2356,0,242,0.1,738.77
Pescara,244,24/10/2020,43,2399,0,242,0.1,752.25
Pescara,245,25/10/2020,52,2451,0,242,0.1,768.56
Pescara,246,26/10/2020,42,2493,1,243,0.1,781.73
Pescara,247,27/10/2020,59,2552,0,243,0.1,800.23
Pescara,248,28/10/2020,51,2603,1,244,0.09,816.22
Pescara,249,29/10/2020,62,2665,0,244,0.09,835.66
Pescara,250,30/10/2020,38,2703,0,244,0.09,847.58
Pescara,251,31/10/2020,59,2762,0,244,0.09,866.08
Pescara,252,01/11/2020,102,2864,0,244,0.09,898.06
Pescara,253,02/11/2020,24,2888,1,245,0.09,905.59
Pescara,254,03/11/2020,102,2990,1,246,0.08,937.57
Pescara,255,04/11/2020,40,3030,0,246,0.08,950.11
Pescara,256,05/11/2020,46,3076,2,248,0.08,964.54
Pescara,257,06/11/2020,59,3135,0,248,0.08,983.04
Pescara,258,07/11/2020,75,3210,0,248,0.08,1006.56
Pescara,259,08/11/2020,81,3291,0,248,0.07,1031.96
Pescara,260,09/11/2020,100,3391,1,249,0.07,1063.31
Pescara,261,10/11/2020,143,3534,0,249,0.07,1108.15
Pescara,262,11/11/2020,98,3632,0,249,0.07,1138.88
Pescara,263,12/11/2020,112,3744,1,250,0.07,1174
Pescara,264,13/11/2020,78,3822,1,251,0.07,1198.46
Pescara,265,14/11/2020,115,3937,0,251,0.06,1234.52
Pescara,266,15/11/2020,95,4032,0,251,0.06,1264.31
Pescara,267,16/11/2020,40,4072,0,251,0.06,1276.85
Pescara,268,17/11/2020,128,4200,2,253,0.06,1316.99
Pescara,269,18/11/2020,124,4324,1,254,0.06,1355.87
Pescara,270,19/11/2020,72,4396,2,256,0.06,1378.45
Pescara,271,20/11/2020,102,4498,4,260,0.06,1410.43
Pescara,272,21/11/2020,130,4628,0,260,0.06,1451.2
Pescara,273,22/11/2020,105,4733,0,260,0.06,1484.12
Pescara,274,23/11/2020,57,4790,2,262,0.06,1502
Pescara,275,24/11/2020,121,4911,4,266,0.05,1539.94
Pescara,276,25/11/2020,197,5108,2,268,0.05,1601.71
Pescara,277,26/11/2020,178,5286,1,269,0.05,1657.53
Pescara,278,27/11/2020,160,5446,2,271,0.05,1707.7
Pescara,279,28/11/2020,91,5537,0,271,0.05,1736.23
Pescara,280,29/11/2020,104,5641,0,271,0.05,1768.84
Pescara,281,30/11/2020,33,5674,0,271,0.05,1779.19
Pescara,282,01/12/2020,40,5714,0,271,0.05,1791.73
Pescara,283,02/12/2020,53,5767,3,274,0.05,1808.35
Pescara,284,03/12/2020,69,5836,1,275,0.05,1829.99
Pescara,285,04/12/2020,132,5968,5,280,0.05,1871.38
Pescara,286,05/12/2020,64,6032,0,280,0.05,1891.45
Pescara,287,06/12/2020,54,6086,0,280,0.05,1908.38
Pescara,288,07/12/2020,25,6111,2,282,0.05,1916.22
Pescara,289,08/12/2020,66,6177,1,283,0.05,1936.92
Pescara,290,09/12/2020,41,6218,4,287,0.05,1949.77
Pescara,291,10/12/2020,91,6309,0,287,0.04,1978.31
