Province,Day,Date,New_cases,Curr_pos_cases,Deaths,Tot_deaths,Lethality_rate,Cumul_rates
Teramo,1,24/02/2020,0,0,0,0,0,0
Teramo,2,25/02/2020,0,0,0,0,0,0
Teramo,3,26/02/2020,0,0,0,0,0,0
Teramo,4,27/02/2020,1,1,0,0,0,0.32
Teramo,5,28/02/2020,0,1,0,0,0,0.32
Teramo,6,29/02/2020,1,2,0,0,0,0.65
Teramo,7,01/03/2020,3,5,0,0,0,1.62
Teramo,8,02/03/2020,0,5,0,0,0,1.62
Teramo,9,03/03/2020,-2,3,0,0,0,0.97
Teramo,10,04/03/2020,0,3,0,0,0,0.97
Teramo,11,05/03/2020,1,4,0,0,0,1.3
Teramo,12,06/03/2020,0,4,0,0,0,1.3
Teramo,13,07/03/2020,0,4,0,0,0,1.3
Teramo,14,08/03/2020,0,4,0,0,0,1.3
Teramo,15,09/03/2020,0,4,0,0,0,1.3
Teramo,16,10/03/2020,1,5,0,0,0,1.62
Teramo,17,11/03/2020,0,5,0,0,0,1.62
Teramo,18,12/03/2020,3,8,1,1,0.12,2.6
Teramo,19,13/03/2020,1,9,0,1,0.11,2.92
Teramo,20,14/03/2020,0,9,0,1,0.11,2.92
Teramo,21,15/03/2020,1,10,0,1,0.1,3.25
Teramo,22,16/03/2020,9,19,0,1,0.05,6.17
Teramo,23,17/03/2020,12,31,2,3,0.1,10.06
Teramo,24,18/03/2020,8,39,0,3,0.08,12.66
Teramo,25,19/03/2020,29,68,1,4,0.06,22.07
Teramo,26,20/03/2020,13,81,1,5,0.06,26.29
Teramo,27,21/03/2020,24,105,3,8,0.08,34.09
Teramo,28,22/03/2020,8,113,1,9,0.08,36.68
Teramo,29,23/03/2020,11,124,2,11,0.09,40.25
Teramo,30,24/03/2020,16,140,2,13,0.09,45.45
Teramo,31,25/03/2020,55,195,1,14,0.07,63.3
Teramo,32,26/03/2020,67,262,1,15,0.06,85.05
Teramo,33,27/03/2020,15,277,0,15,0.05,89.92
Teramo,34,28/03/2020,27,304,3,18,0.06,98.68
Teramo,35,29/03/2020,46,350,5,23,0.07,113.62
Teramo,36,30/03/2020,13,363,1,24,0.07,117.84
Teramo,37,31/03/2020,13,376,4,28,0.07,122.06
Teramo,38,01/04/2020,9,385,1,29,0.07,124.98
Teramo,39,02/04/2020,27,412,0,29,0.07,133.74
Teramo,40,03/04/2020,6,418,1,30,0.07,135.69
Teramo,41,04/04/2020,19,437,1,31,0.07,141.86
Teramo,42,05/04/2020,35,472,2,33,0.07,153.22
Teramo,43,06/04/2020,11,483,4,37,0.08,156.79
Teramo,44,07/04/2020,28,511,1,38,0.07,165.88
Teramo,45,08/04/2020,19,530,1,39,0.07,172.05
Teramo,46,09/04/2020,28,558,12,51,0.09,181.14
Teramo,47,10/04/2020,13,571,0,51,0.09,185.36
Teramo,48,11/04/2020,21,592,3,54,0.09,192.18
Teramo,49,12/04/2020,7,599,3,57,0.1,194.45
Teramo,50,13/04/2020,-1,598,2,59,0.1,194.12
Teramo,51,14/04/2020,3,601,3,62,0.1,195.1
Teramo,52,15/04/2020,4,605,2,64,0.11,196.4
Teramo,53,16/04/2020,5,610,0,64,0.1,198.02
Teramo,54,17/04/2020,5,615,1,65,0.11,199.64
Teramo,55,18/04/2020,2,617,1,66,0.11,200.29
Teramo,56,19/04/2020,2,619,2,68,0.11,200.94
Teramo,57,20/04/2020,7,626,0,68,0.11,203.21
Teramo,58,21/04/2020,0,626,0,68,0.11,203.21
Teramo,59,22/04/2020,6,632,1,69,0.11,205.16
Teramo,60,23/04/2020,-1,631,2,71,0.11,204.84
Teramo,61,24/04/2020,0,631,1,72,0.11,204.84
Teramo,62,25/04/2020,2,633,0,72,0.11,205.48
Teramo,63,26/04/2020,2,635,0,72,0.11,206.13
Teramo,64,27/04/2020,0,635,1,73,0.12,206.13
Teramo,65,28/04/2020,-1,634,0,73,0.12,205.81
Teramo,66,29/04/2020,3,637,1,74,0.12,206.78
Teramo,67,30/04/2020,1,638,0,74,0.12,207.11
Teramo,68,01/05/2020,0,638,0,74,0.12,207.11
Teramo,69,02/05/2020,3,641,0,74,0.12,208.08
Teramo,70,03/05/2020,0,641,0,74,0.12,208.08
Teramo,71,04/05/2020,0,641,0,74,0.12,208.08
Teramo,72,05/05/2020,0,641,0,74,0.12,208.08
Teramo,73,06/05/2020,0,641,0,74,0.12,208.08
Teramo,74,07/05/2020,0,641,0,74,0.12,208.08
Teramo,75,08/05/2020,2,643,1,75,0.12,208.73
Teramo,76,09/05/2020,1,644,0,75,0.12,209.06
Teramo,77,10/05/2020,0,644,0,75,0.12,209.06
Teramo,78,11/05/2020,0,644,1,76,0.12,209.06
Teramo,79,12/05/2020,1,645,0,76,0.12,209.38
Teramo,80,13/05/2020,0,645,2,78,0.12,209.38
Teramo,81,14/05/2020,0,645,0,78,0.12,209.38
Teramo,82,15/05/2020,0,645,0,78,0.12,209.38
Teramo,83,16/05/2020,2,647,0,78,0.12,210.03
Teramo,84,17/05/2020,1,648,1,79,0.12,210.35
Teramo,85,18/05/2020,1,649,0,79,0.12,210.68
Teramo,86,19/05/2020,0,649,0,79,0.12,210.68
Teramo,87,20/05/2020,0,649,0,79,0.12,210.68
Teramo,88,21/05/2020,-3,646,0,79,0.12,209.7
Teramo,89,22/05/2020,1,647,0,79,0.12,210.03
Teramo,90,23/05/2020,3,650,0,79,0.12,211
Teramo,91,24/05/2020,0,650,0,79,0.12,211
Teramo,92,25/05/2020,1,651,0,79,0.12,211.33
Teramo,93,26/05/2020,1,652,0,79,0.12,211.65
Teramo,94,27/05/2020,1,653,0,79,0.12,211.98
Teramo,95,28/05/2020,1,654,0,79,0.12,212.3
Teramo,96,29/05/2020,0,654,0,79,0.12,212.3
Teramo,97,30/05/2020,0,654,0,79,0.12,212.3
Teramo,98,31/05/2020,0,654,0,79,0.12,212.3
Teramo,99,01/06/2020,0,654,0,79,0.12,212.3
Teramo,100,02/06/2020,0,654,0,79,0.12,212.3
Teramo,101,03/06/2020,3,657,0,79,0.12,213.28
Teramo,102,04/06/2020,1,658,0,79,0.12,213.6
Teramo,103,05/06/2020,1,659,0,79,0.12,213.92
Teramo,104,06/06/2020,3,662,0,79,0.12,214.9
Teramo,105,07/06/2020,0,662,0,79,0.12,214.9
Teramo,106,08/06/2020,0,662,0,79,0.12,214.9
Teramo,107,09/06/2020,0,662,0,79,0.12,214.9
Teramo,108,10/06/2020,0,662,0,79,0.12,214.9
Teramo,109,11/06/2020,0,662,0,79,0.12,214.9
Teramo,110,12/06/2020,1,663,0,79,0.12,215.22
Teramo,111,13/06/2020,0,663,0,79,0.12,215.22
Teramo,112,14/06/2020,3,666,1,80,0.12,216.2
Teramo,113,15/06/2020,-1,665,0,80,0.12,215.87
Teramo,114,16/06/2020,0,665,0,80,0.12,215.87
Teramo,115,17/06/2020,0,665,0,80,0.12,215.87
Teramo,116,18/06/2020,-1,664,0,80,0.12,215.55
Teramo,117,19/06/2020,-2,662,0,80,0.12,214.9
Teramo,118,20/06/2020,0,662,0,80,0.12,214.9
Teramo,119,21/06/2020,0,662,0,80,0.12,214.9
Teramo,120,22/06/2020,0,662,0,80,0.12,214.9
Teramo,121,23/06/2020,0,662,0,80,0.12,214.9
Teramo,122,24/06/2020,154,816,0,80,0.1,264.89
Teramo,123,25/06/2020,-185,631,0,80,0.13,204.84
Teramo,124,26/06/2020,0,631,0,80,0.13,204.84
Teramo,125,27/06/2020,1,632,0,80,0.13,205.16
Teramo,126,28/06/2020,0,632,0,80,0.13,205.16
Teramo,127,29/06/2020,0,632,0,80,0.13,205.16
Teramo,128,30/06/2020,0,632,0,80,0.13,205.16
Teramo,129,01/07/2020,0,632,0,80,0.13,205.16
Teramo,130,02/07/2020,0,632,0,80,0.13,205.16
Teramo,131,03/07/2020,0,632,0,80,0.13,205.16
Teramo,132,04/07/2020,0,632,0,80,0.13,205.16
Teramo,133,05/07/2020,0,632,0,80,0.13,205.16
Teramo,134,06/07/2020,0,632,0,80,0.13,205.16
Teramo,135,07/07/2020,0,632,0,80,0.13,205.16
Teramo,136,08/07/2020,0,632,0,80,0.13,205.16
Teramo,137,09/07/2020,0,632,0,80,0.13,205.16
Teramo,138,10/07/2020,0,632,0,80,0.13,205.16
Teramo,139,11/07/2020,0,632,0,80,0.13,205.16
Teramo,140,12/07/2020,1,633,0,80,0.13,205.48
Teramo,141,13/07/2020,0,633,0,80,0.13,205.48
Teramo,142,14/07/2020,0,633,0,80,0.13,205.48
Teramo,143,15/07/2020,2,635,0,80,0.13,206.13
Teramo,144,16/07/2020,0,635,0,80,0.13,206.13
Teramo,145,17/07/2020,0,635,0,80,0.13,206.13
Teramo,146,18/07/2020,0,635,0,80,0.13,206.13
Teramo,147,19/07/2020,1,636,0,80,0.13,206.46
Teramo,148,20/07/2020,0,636,0,80,0.13,206.46
Teramo,149,21/07/2020,-1,635,0,80,0.13,206.13
Teramo,150,22/07/2020,0,635,0,80,0.13,206.13
Teramo,151,23/07/2020,0,635,0,80,0.13,206.13
Teramo,152,24/07/2020,0,635,0,80,0.13,206.13
Teramo,153,25/07/2020,0,635,0,80,0.13,206.13
Teramo,154,26/07/2020,0,635,0,80,0.13,206.13
Teramo,155,27/07/2020,0,635,0,80,0.13,206.13
Teramo,156,28/07/2020,0,635,0,80,0.13,206.13
Teramo,157,29/07/2020,0,635,0,80,0.13,206.13
Teramo,158,30/07/2020,3,638,0,80,0.12,207.11
Teramo,159,31/07/2020,0,638,0,80,0.12,207.11
Teramo,160,01/08/2020,0,638,0,80,0.12,207.11
Teramo,161,02/08/2020,2,640,0,80,0.12,207.76
Teramo,162,03/08/2020,0,640,0,80,0.12,207.76
Teramo,163,04/08/2020,1,641,0,80,0.12,208.08
Teramo,164,05/08/2020,0,641,0,80,0.12,208.08
Teramo,165,06/08/2020,1,642,0,80,0.12,208.41
Teramo,166,07/08/2020,1,643,0,80,0.12,208.73
Teramo,167,08/08/2020,29,672,0,80,0.12,218.14
Teramo,168,09/08/2020,4,676,0,80,0.12,219.44
Teramo,169,10/08/2020,1,677,0,80,0.12,219.77
Teramo,170,11/08/2020,2,679,0,80,0.12,220.42
Teramo,171,12/08/2020,1,680,0,80,0.12,220.74
Teramo,172,13/08/2020,9,689,0,80,0.12,223.66
Teramo,173,14/08/2020,0,689,0,80,0.12,223.66
Teramo,174,15/08/2020,1,690,0,80,0.12,223.99
Teramo,175,16/08/2020,2,692,0,80,0.12,224.64
Teramo,176,17/08/2020,0,692,0,80,0.12,224.64
Teramo,177,18/08/2020,4,696,0,80,0.12,225.94
Teramo,178,19/08/2020,0,696,0,80,0.12,225.94
Teramo,179,20/08/2020,1,697,0,80,0.12,226.26
Teramo,180,21/08/2020,1,698,0,80,0.12,226.59
Teramo,181,22/08/2020,3,701,0,80,0.11,227.56
Teramo,182,23/08/2020,0,701,0,80,0.11,227.56
Teramo,183,24/08/2020,0,701,0,80,0.11,227.56
Teramo,184,25/08/2020,1,702,0,80,0.11,227.88
Teramo,185,26/08/2020,2,704,0,80,0.11,228.53
Teramo,186,27/08/2020,2,706,0,80,0.11,229.18
Teramo,187,28/08/2020,4,710,0,80,0.11,230.48
Teramo,188,29/08/2020,0,710,0,80,0.11,230.48
Teramo,189,30/08/2020,1,711,0,80,0.11,230.81
Teramo,190,31/08/2020,0,711,0,80,0.11,230.81
Teramo,191,01/09/2020,1,712,0,80,0.11,231.13
Teramo,192,02/09/2020,0,712,0,80,0.11,231.13
Teramo,193,03/09/2020,2,714,0,80,0.11,231.78
Teramo,194,04/09/2020,1,715,0,80,0.11,232.1
Teramo,195,05/09/2020,1,716,0,80,0.11,232.43
Teramo,196,06/09/2020,2,718,0,80,0.11,233.08
Teramo,197,07/09/2020,2,720,0,80,0.11,233.73
Teramo,198,08/09/2020,1,721,0,80,0.11,234.05
Teramo,199,09/09/2020,21,742,0,80,0.11,240.87
Teramo,200,10/09/2020,3,745,0,80,0.11,241.84
Teramo,201,11/09/2020,4,749,0,80,0.11,243.14
Teramo,202,12/09/2020,-19,730,0,80,0.11,236.97
Teramo,203,13/09/2020,12,742,0,80,0.11,240.87
Teramo,204,14/09/2020,0,742,0,80,0.11,240.87
Teramo,205,15/09/2020,3,745,0,80,0.11,241.84
Teramo,206,16/09/2020,4,749,0,80,0.11,243.14
Teramo,207,17/09/2020,5,754,0,80,0.11,244.76
Teramo,208,18/09/2020,7,761,0,80,0.1,247.04
Teramo,209,19/09/2020,0,761,0,80,0.1,247.04
Teramo,210,20/09/2020,0,761,0,80,0.1,247.04
Teramo,211,21/09/2020,17,778,1,81,0.1,252.55
Teramo,212,22/09/2020,5,783,0,81,0.1,254.18
Teramo,213,23/09/2020,4,787,0,81,0.1,255.48
Teramo,214,24/09/2020,1,788,0,81,0.1,255.8
Teramo,215,25/09/2020,20,808,0,81,0.1,262.29
Teramo,216,26/09/2020,1,809,0,81,0.1,262.62
Teramo,217,27/09/2020,4,813,0,81,0.1,263.92
Teramo,218,28/09/2020,1,814,0,81,0.1,264.24
Teramo,219,29/09/2020,4,818,0,81,0.1,265.54
Teramo,220,30/09/2020,0,818,0,81,0.1,265.54
Teramo,221,01/10/2020,5,823,0,81,0.1,267.16
Teramo,222,02/10/2020,7,830,0,81,0.1,269.44
Teramo,223,03/10/2020,7,837,0,81,0.1,271.71
Teramo,224,04/10/2020,4,841,0,81,0.1,273.01
Teramo,225,05/10/2020,12,853,0,81,0.1,276.9
Teramo,226,06/10/2020,11,864,0,81,0.09,280.47
Teramo,227,07/10/2020,4,868,0,81,0.09,281.77
Teramo,228,08/10/2020,24,892,0,81,0.09,289.56
Teramo,229,09/10/2020,39,931,0,81,0.09,302.22
Teramo,230,10/10/2020,29,960,0,81,0.08,311.64
Teramo,231,11/10/2020,13,973,0,81,0.08,315.86
Teramo,232,12/10/2020,48,1021,0,81,0.08,331.44
Teramo,233,13/10/2020,40,1061,0,81,0.08,344.42
Teramo,234,14/10/2020,21,1082,0,81,0.07,351.24
Teramo,235,15/10/2020,13,1095,0,81,0.07,355.46
Teramo,236,16/10/2020,36,1131,0,81,0.07,367.15
Teramo,237,17/10/2020,72,1203,0,81,0.07,390.52
Teramo,238,18/10/2020,75,1278,0,81,0.06,414.87
Teramo,239,19/10/2020,55,1333,0,81,0.06,432.72
Teramo,240,20/10/2020,39,1372,1,82,0.06,445.38
Teramo,241,21/10/2020,54,1426,0,82,0.06,462.91
Teramo,242,22/10/2020,100,1526,0,82,0.05,495.37
Teramo,243,23/10/2020,62,1588,2,84,0.05,515.5
Teramo,244,24/10/2020,116,1704,0,84,0.05,553.15
Teramo,245,25/10/2020,149,1853,2,86,0.05,601.52
Teramo,246,26/10/2020,74,1927,1,87,0.04,625.54
Teramo,247,27/10/2020,89,2016,2,89,0.04,654.43
Teramo,248,28/10/2020,170,2186,0,89,0.04,709.62
Teramo,249,29/10/2020,196,2382,2,91,0.04,773.25
Teramo,250,30/10/2020,104,2486,1,92,0.04,807.01
Teramo,251,31/10/2020,137,2623,0,92,0.04,851.48
Teramo,252,01/11/2020,75,2698,0,92,0.03,875.83
Teramo,253,02/11/2020,237,2935,0,92,0.03,952.76
Teramo,254,03/11/2020,160,3095,3,95,0.03,1004.7
Teramo,255,04/11/2020,115,3210,1,96,0.03,1042.03
Teramo,256,05/11/2020,253,3463,1,97,0.03,1124.16
Teramo,257,06/11/2020,101,3564,3,100,0.03,1156.95
Teramo,258,07/11/2020,103,3667,0,100,0.03,1190.38
Teramo,259,08/11/2020,115,3782,0,100,0.03,1227.71
Teramo,260,09/11/2020,185,3967,1,101,0.03,1287.77
Teramo,261,10/11/2020,142,4109,0,101,0.03,1333.87
Teramo,262,11/11/2020,190,4299,3,104,0.02,1395.54
Teramo,263,12/11/2020,187,4486,1,105,0.02,1456.25
Teramo,264,13/11/2020,222,4708,1,106,0.02,1528.31
Teramo,265,14/11/2020,238,4946,0,106,0.02,1605.57
Teramo,266,15/11/2020,100,5046,0,106,0.02,1638.04
Teramo,267,16/11/2020,290,5336,1,107,0.02,1732.18
Teramo,268,17/11/2020,175,5511,7,114,0.02,1788.98
Teramo,269,18/11/2020,123,5634,0,114,0.02,1828.91
Teramo,270,19/11/2020,68,5702,0,114,0.02,1850.99
Teramo,271,20/11/2020,209,5911,4,118,0.02,1918.83
Teramo,272,21/11/2020,171,6082,0,118,0.02,1974.34
Teramo,273,22/11/2020,89,6171,0,118,0.02,2003.23
Teramo,274,23/11/2020,303,6474,7,125,0.02,2101.59
Teramo,275,24/11/2020,154,6628,1,126,0.02,2151.58
Teramo,276,25/11/2020,151,6779,2,128,0.02,2200.6
Teramo,277,26/11/2020,120,6899,6,134,0.02,2239.56
Teramo,278,27/11/2020,39,6938,4,138,0.02,2252.22
Teramo,279,28/11/2020,241,7179,0,138,0.02,2330.45
Teramo,280,29/11/2020,131,7310,0,138,0.02,2372.98
Teramo,281,30/11/2020,232,7542,4,142,0.02,2448.29
Teramo,282,01/12/2020,48,7590,1,143,0.02,2463.87
Teramo,283,02/12/2020,126,7716,10,153,0.02,2504.77
Teramo,284,03/12/2020,103,7819,0,153,0.02,2538.21
Teramo,285,04/12/2020,89,7908,4,157,0.02,2567.1
Teramo,286,05/12/2020,147,8055,0,157,0.02,2614.82
Teramo,287,06/12/2020,106,8161,0,157,0.02,2649.23
Teramo,288,07/12/2020,23,8184,0,157,0.02,2656.69
Teramo,289,08/12/2020,80,8264,0,157,0.02,2682.66
Teramo,290,09/12/2020,82,8346,0,157,0.02,2709.28
Teramo,291,10/12/2020,15,8361,0,157,0.02,2714.15
Teramo,292,11/12/2020,110,8471,0,157,0.02,2749.86
Teramo,293,12/12/2020,66,8537,0,157,0.02,2771.29
Teramo,294,13/12/2020,95,8632,0,157,0.02,2802.12
Teramo,295,14/12/2020,78,8710,11,168,0.02,2827.44
Teramo,296,15/12/2020,26,8736,5,173,0.02,2835.88
Teramo,297,16/12/2020,57,8793,1,174,0.02,2854.39
Teramo,298,17/12/2020,57,8850,6,180,0.02,2872.89
Teramo,299,18/12/2020,57,8907,1,181,0.02,2891.39
Teramo,300,19/12/2020,38,8945,0,181,0.02,2903.73
Teramo,301,20/12/2020,78,9023,0,181,0.02,2929.05
Teramo,302,21/12/2020,15,9038,0,181,0.02,2933.92
Teramo,303,22/12/2020,16,9054,0,181,0.02,2939.11
Teramo,304,23/12/2020,92,9146,0,181,0.02,2968.98
Teramo,305,24/12/2020,55,9201,0,181,0.02,2986.83
Teramo,306,25/12/2020,60,9261,0,181,0.02,3006.31
Teramo,307,26/12/2020,3,9264,0,181,0.02,3007.28
Teramo,308,27/12/2020,9,9273,0,181,0.02,3010.21
Teramo,309,28/12/2020,5,9278,1,182,0.02,3011.83
Teramo,310,29/12/2020,5,9283,0,182,0.02,3013.45
Teramo,311,30/12/2020,63,9346,6,188,0.02,3033.9
Teramo,312,31/12/2020,154,9500,2,190,0.02,3083.89
Teramo,313,01/01/2021,24,9524,0,190,0.02,3091.69
Teramo,314,02/01/2021,0,9524,1,191,0.02,3091.69
Teramo,315,03/01/2021,99,9623,0,191,0.02,3123.82
Teramo,316,04/01/2021,57,9680,1,192,0.02,3142.33
Teramo,317,05/01/2021,62,9742,0,192,0.02,3162.45
Teramo,318,06/01/2021,72,9814,0,192,0.02,3185.83
Teramo,319,07/01/2021,32,9846,2,194,0.02,3196.21
Teramo,320,08/01/2021,44,9890,3,197,0.02,3210.5
Teramo,321,09/01/2021,104,9994,0,197,0.02,3244.26
Teramo,322,10/01/2021,42,10036,0,197,0.02,3257.89
