Province,Day,Date,New_cases,Curr_pos_cases,Deaths,Tot_deaths,Lethality_rate,Cumul_rates
Asti,1,24/02/2020,0,0,0,0,0,0
Asti,2,25/02/2020,0,0,0,0,0,0
Asti,3,26/02/2020,0,0,0,0,0,0
Asti,4,27/02/2020,0,0,0,0,0,0
Asti,5,28/02/2020,0,0,0,0,0,0
Asti,6,29/02/2020,0,0,0,0,0,0
Asti,7,01/03/2020,0,0,0,0,0,0
Asti,8,02/03/2020,37,37,0,0,0,17.24
Asti,9,03/03/2020,3,40,0,0,0,18.64
Asti,10,04/03/2020,1,41,0,0,0,19.1
Asti,11,05/03/2020,2,43,0,0,0,20.03
Asti,12,06/03/2020,4,47,0,0,0,21.9
Asti,13,07/03/2020,3,50,0,0,0,23.3
Asti,14,08/03/2020,8,58,0,0,0,27.02
Asti,15,09/03/2020,0,58,0,0,0,27.02
Asti,16,10/03/2020,0,58,1,1,0.02,27.02
Asti,17,11/03/2020,10,68,0,1,0.01,31.68
Asti,18,12/03/2020,1,69,0,1,0.01,32.15
Asti,19,13/03/2020,1,70,1,2,0.03,32.61
Asti,20,14/03/2020,17,87,1,3,0.03,40.53
Asti,21,15/03/2020,0,87,2,5,0.06,40.53
Asti,22,16/03/2020,0,87,0,5,0.06,40.53
Asti,23,17/03/2020,3,90,0,5,0.06,41.93
Asti,24,18/03/2020,11,101,0,5,0.05,47.06
Asti,25,19/03/2020,0,101,0,5,0.05,47.06
Asti,26,20/03/2020,50,151,4,9,0.06,70.35
Asti,27,21/03/2020,15,166,2,11,0.07,77.34
Asti,28,22/03/2020,15,181,1,12,0.07,84.33
Asti,29,23/03/2020,28,209,1,13,0.06,97.37
Asti,30,24/03/2020,26,235,1,14,0.06,109.49
Asti,31,25/03/2020,26,261,3,17,0.06,121.6
Asti,32,26/03/2020,21,282,3,20,0.07,131.38
Asti,33,27/03/2020,21,303,4,24,0.08,141.17
Asti,34,28/03/2020,15,318,7,31,0.1,148.16
Asti,35,29/03/2020,10,328,2,33,0.1,152.82
Asti,36,30/03/2020,74,402,3,36,0.09,187.29
Asti,37,31/03/2020,32,434,2,38,0.09,202.2
Asti,38,01/04/2020,27,461,1,39,0.09,214.78
Asti,39,02/04/2020,40,501,6,45,0.09,233.42
Asti,40,03/04/2020,22,523,4,49,0.09,243.67
Asti,41,04/04/2020,37,560,0,49,0.09,260.9
Asti,42,05/04/2020,36,596,5,54,0.09,277.68
Asti,43,06/04/2020,13,609,4,58,0.1,283.73
Asti,44,07/04/2020,20,629,7,65,0.1,293.05
Asti,45,08/04/2020,14,643,7,72,0.11,299.57
Asti,46,09/04/2020,12,655,3,75,0.12,305.16
Asti,47,10/04/2020,48,703,8,83,0.12,327.53
Asti,48,11/04/2020,42,745,4,87,0.12,347.1
Asti,49,12/04/2020,34,779,6,93,0.12,362.94
Asti,50,13/04/2020,14,793,2,95,0.12,369.46
Asti,51,14/04/2020,75,868,2,97,0.11,404.4
Asti,52,15/04/2020,29,897,3,100,0.11,417.91
Asti,53,16/04/2020,28,925,8,108,0.12,430.96
Asti,54,17/04/2020,32,957,2,110,0.12,445.87
Asti,55,18/04/2020,81,1038,6,116,0.11,483.6
Asti,56,19/04/2020,26,1064,3,119,0.11,495.72
Asti,57,20/04/2020,78,1142,4,123,0.11,532.06
Asti,58,21/04/2020,70,1212,7,130,0.11,564.67
Asti,59,22/04/2020,43,1255,2,132,0.1,584.71
Asti,60,23/04/2020,24,1279,7,139,0.11,595.89
Asti,61,24/04/2020,64,1343,4,143,0.11,625.7
Asti,62,25/04/2020,33,1376,4,147,0.11,641.08
Asti,63,26/04/2020,52,1428,0,147,0.1,665.31
Asti,64,27/04/2020,28,1456,5,152,0.1,678.35
Asti,65,28/04/2020,63,1519,6,158,0.1,707.7
Asti,66,29/04/2020,27,1546,10,168,0.11,720.28
Asti,67,30/04/2020,26,1572,5,173,0.11,732.4
Asti,68,01/05/2020,28,1600,3,176,0.11,745.44
Asti,69,02/05/2020,7,1607,6,182,0.11,748.7
Asti,70,03/05/2020,12,1619,5,187,0.12,754.29
Asti,71,04/05/2020,4,1623,1,188,0.12,756.16
Asti,72,05/05/2020,6,1629,1,189,0.12,758.95
Asti,73,06/05/2020,12,1641,6,195,0.12,764.54
Asti,74,07/05/2020,14,1655,2,197,0.12,771.07
Asti,75,08/05/2020,11,1666,3,200,0.12,776.19
Asti,76,09/05/2020,5,1671,1,201,0.12,778.52
Asti,77,10/05/2020,8,1679,1,202,0.12,782.25
Asti,78,11/05/2020,6,1685,2,204,0.12,785.04
Asti,79,12/05/2020,5,1690,0,204,0.12,787.37
Asti,80,13/05/2020,9,1699,4,208,0.12,791.57
Asti,81,14/05/2020,12,1711,3,211,0.12,797.16
Asti,82,15/05/2020,12,1723,1,212,0.12,802.75
Asti,83,16/05/2020,18,1741,1,213,0.12,811.13
Asti,84,17/05/2020,7,1748,4,217,0.12,814.39
Asti,85,18/05/2020,3,1751,2,219,0.12,815.79
Asti,86,19/05/2020,2,1753,0,219,0.12,816.72
Asti,87,20/05/2020,5,1758,2,221,0.13,819.05
Asti,88,21/05/2020,3,1761,2,223,0.13,820.45
Asti,89,22/05/2020,6,1767,0,223,0.13,823.25
Asti,90,23/05/2020,1,1768,0,223,0.13,823.71
Asti,91,24/05/2020,7,1775,0,223,0.13,826.97
Asti,92,25/05/2020,6,1781,4,227,0.13,829.77
Asti,93,26/05/2020,9,1790,1,228,0.13,833.96
Asti,94,27/05/2020,12,1802,4,232,0.13,839.55
Asti,95,28/05/2020,4,1806,1,233,0.13,841.42
Asti,96,29/05/2020,5,1811,0,233,0.13,843.75
Asti,97,30/05/2020,7,1818,0,233,0.13,847.01
Asti,98,31/05/2020,13,1831,0,233,0.13,853.06
Asti,99,01/06/2020,4,1835,0,233,0.13,854.93
Asti,100,02/06/2020,5,1840,0,233,0.13,857.26
Asti,101,03/06/2020,7,1847,2,235,0.13,860.52
Asti,102,04/06/2020,3,1850,1,236,0.13,861.92
Asti,103,05/06/2020,2,1852,0,236,0.13,862.85
Asti,104,06/06/2020,3,1855,1,237,0.13,864.25
Asti,105,07/06/2020,2,1857,1,238,0.13,865.18
Asti,106,08/06/2020,0,1857,1,239,0.13,865.18
Asti,107,09/06/2020,3,1860,1,240,0.13,866.58
Asti,108,10/06/2020,0,1860,1,241,0.13,866.58
Asti,109,11/06/2020,0,1860,1,242,0.13,866.58
Asti,110,12/06/2020,2,1862,3,245,0.13,867.51
Asti,111,13/06/2020,1,1863,2,247,0.13,867.97
Asti,112,14/06/2020,1,1864,1,248,0.13,868.44
Asti,113,15/06/2020,5,1869,0,248,0.13,870.77
Asti,114,16/06/2020,0,1869,2,250,0.13,870.77
Asti,115,17/06/2020,0,1869,0,250,0.13,870.77
Asti,116,18/06/2020,0,1869,0,250,0.13,870.77
Asti,117,19/06/2020,1,1870,1,251,0.13,871.23
Asti,118,20/06/2020,1,1871,0,251,0.13,871.7
Asti,119,21/06/2020,0,1871,0,251,0.13,871.7
Asti,120,22/06/2020,1,1872,0,251,0.13,872.17
Asti,121,23/06/2020,0,1872,1,252,0.14,872.17
Asti,122,24/06/2020,2,1874,0,252,0.13,873.1
Asti,123,25/06/2020,0,1874,1,253,0.14,873.1
Asti,124,26/06/2020,0,1874,0,253,0.14,873.1
Asti,125,27/06/2020,0,1874,2,255,0.14,873.1
Asti,126,28/06/2020,0,1874,0,255,0.14,873.1
Asti,127,29/06/2020,0,1874,0,255,0.14,873.1
Asti,128,30/06/2020,0,1874,0,255,0.14,873.1
Asti,129,01/07/2020,0,1874,0,255,0.14,873.1
Asti,130,02/07/2020,0,1874,0,255,0.14,873.1
Asti,131,03/07/2020,0,1874,0,255,0.14,873.1
Asti,132,04/07/2020,4,1878,0,255,0.14,874.96
Asti,133,05/07/2020,1,1879,0,255,0.14,875.43
Asti,134,06/07/2020,0,1879,0,255,0.14,875.43
Asti,135,07/07/2020,0,1879,0,255,0.14,875.43
Asti,136,08/07/2020,1,1880,0,255,0.14,875.89
Asti,137,09/07/2020,0,1880,0,255,0.14,875.89
Asti,138,10/07/2020,0,1880,0,255,0.14,875.89
Asti,139,11/07/2020,0,1880,0,255,0.14,875.89
Asti,140,12/07/2020,0,1880,0,255,0.14,875.89
Asti,141,13/07/2020,0,1880,0,255,0.14,875.89
Asti,142,14/07/2020,0,1880,0,255,0.14,875.89
Asti,143,15/07/2020,0,1880,0,255,0.14,875.89
Asti,144,16/07/2020,0,1880,0,255,0.14,875.89
Asti,145,17/07/2020,0,1880,0,255,0.14,875.89
Asti,146,18/07/2020,0,1880,0,255,0.14,875.89
Asti,147,19/07/2020,0,1880,0,255,0.14,875.89
Asti,148,20/07/2020,0,1880,0,255,0.14,875.89
Asti,149,21/07/2020,0,1880,1,256,0.14,875.89
Asti,150,22/07/2020,1,1881,0,256,0.14,876.36
Asti,151,23/07/2020,1,1882,0,256,0.14,876.83
Asti,152,24/07/2020,1,1883,0,256,0.14,877.29
Asti,153,25/07/2020,0,1883,0,256,0.14,877.29
Asti,154,26/07/2020,0,1883,0,256,0.14,877.29
Asti,155,27/07/2020,0,1883,0,256,0.14,877.29
Asti,156,28/07/2020,0,1883,0,256,0.14,877.29
Asti,157,29/07/2020,1,1884,0,256,0.14,877.76
Asti,158,30/07/2020,1,1885,0,256,0.14,878.22
Asti,159,31/07/2020,0,1885,0,256,0.14,878.22
Asti,160,01/08/2020,0,1885,0,256,0.14,878.22
Asti,161,02/08/2020,1,1886,0,256,0.14,878.69
Asti,162,03/08/2020,0,1886,0,256,0.14,878.69
Asti,163,04/08/2020,0,1886,0,256,0.14,878.69
Asti,164,05/08/2020,0,1886,0,256,0.14,878.69
Asti,165,06/08/2020,0,1886,0,256,0.14,878.69
Asti,166,07/08/2020,1,1887,0,256,0.14,879.15
Asti,167,08/08/2020,0,1887,0,256,0.14,879.15
Asti,168,09/08/2020,2,1889,0,256,0.14,880.09
Asti,169,10/08/2020,0,1889,0,256,0.14,880.09
Asti,170,11/08/2020,1,1890,0,256,0.14,880.55
Asti,171,12/08/2020,5,1895,0,256,0.14,882.88
Asti,172,13/08/2020,4,1899,0,256,0.14,884.75
Asti,173,14/08/2020,0,1899,0,256,0.14,884.75
Asti,174,15/08/2020,1,1900,0,256,0.14,885.21
Asti,175,16/08/2020,0,1900,0,256,0.14,885.21
Asti,176,17/08/2020,0,1900,0,256,0.14,885.21
Asti,177,18/08/2020,2,1902,0,256,0.14,886.14
Asti,178,19/08/2020,1,1903,0,256,0.14,886.61
Asti,179,20/08/2020,1,1904,0,256,0.13,887.07
Asti,180,21/08/2020,1,1905,0,256,0.13,887.54
Asti,181,22/08/2020,0,1905,0,256,0.13,887.54
Asti,182,23/08/2020,3,1908,0,256,0.13,888.94
Asti,183,24/08/2020,2,1910,0,256,0.13,889.87
Asti,184,25/08/2020,2,1912,0,256,0.13,890.8
Asti,185,26/08/2020,2,1914,0,256,0.13,891.73
Asti,186,27/08/2020,2,1916,0,256,0.13,892.67
Asti,187,28/08/2020,0,1916,0,256,0.13,892.67
Asti,188,29/08/2020,0,1916,0,256,0.13,892.67
Asti,189,30/08/2020,0,1916,0,256,0.13,892.67
Asti,190,31/08/2020,3,1919,0,256,0.13,894.06
Asti,191,01/09/2020,0,1919,0,256,0.13,894.06
Asti,192,02/09/2020,0,1919,0,256,0.13,894.06
Asti,193,03/09/2020,0,1919,0,256,0.13,894.06
Asti,194,04/09/2020,5,1924,0,256,0.13,896.39
Asti,195,05/09/2020,0,1924,0,256,0.13,896.39
Asti,196,06/09/2020,1,1925,0,256,0.13,896.86
Asti,197,07/09/2020,0,1925,0,256,0.13,896.86
Asti,198,08/09/2020,0,1925,0,256,0.13,896.86
Asti,199,09/09/2020,0,1925,0,256,0.13,896.86
Asti,200,10/09/2020,1,1926,0,256,0.13,897.32
Asti,201,11/09/2020,1,1927,0,256,0.13,897.79
Asti,202,12/09/2020,3,1930,0,256,0.13,899.19
Asti,203,13/09/2020,5,1935,0,256,0.13,901.52
Asti,204,14/09/2020,0,1935,0,256,0.13,901.52
Asti,205,15/09/2020,0,1935,0,256,0.13,901.52
Asti,206,16/09/2020,1,1936,0,256,0.13,901.98
Asti,207,17/09/2020,1,1937,0,256,0.13,902.45
Asti,208,18/09/2020,1,1938,0,256,0.13,902.92
Asti,209,19/09/2020,1,1939,0,256,0.13,903.38
Asti,210,20/09/2020,1,1940,0,256,0.13,903.85
Asti,211,21/09/2020,2,1942,0,256,0.13,904.78
Asti,212,22/09/2020,2,1944,0,256,0.13,905.71
Asti,213,23/09/2020,1,1945,0,256,0.13,906.18
Asti,214,24/09/2020,5,1950,0,256,0.13,908.51
Asti,215,25/09/2020,5,1955,0,256,0.13,910.84
Asti,216,26/09/2020,4,1959,0,256,0.13,912.7
Asti,217,27/09/2020,9,1968,0,256,0.13,916.89
Asti,218,28/09/2020,7,1975,0,256,0.13,920.15
Asti,219,29/09/2020,9,1984,0,256,0.13,924.35
Asti,220,30/09/2020,0,1984,0,256,0.13,924.35
Asti,221,01/10/2020,1,1985,0,256,0.13,924.81
Asti,222,02/10/2020,8,1993,0,256,0.13,928.54
Asti,223,03/10/2020,17,2010,0,256,0.13,936.46
Asti,224,04/10/2020,4,2014,0,256,0.13,938.32
Asti,225,05/10/2020,2,2016,0,256,0.13,939.26
Asti,226,06/10/2020,0,2016,0,256,0.13,939.26
Asti,227,07/10/2020,14,2030,0,256,0.13,945.78
Asti,228,08/10/2020,16,2046,0,256,0.12,953.23
Asti,229,09/10/2020,19,2065,0,256,0.12,962.08
Asti,230,10/10/2020,22,2087,0,256,0.12,972.33
Asti,231,11/10/2020,29,2116,0,256,0.12,985.85
Asti,232,12/10/2020,30,2146,1,257,0.12,999.82
Asti,233,13/10/2020,26,2172,0,257,0.12,1011.94
Asti,234,14/10/2020,32,2204,0,257,0.12,1026.85
Asti,235,15/10/2020,15,2219,0,257,0.12,1033.83
Asti,236,16/10/2020,44,2263,0,257,0.11,1054.33
Asti,237,17/10/2020,59,2322,0,257,0.11,1081.82
Asti,238,18/10/2020,48,2370,0,257,0.11,1104.18
Asti,239,19/10/2020,44,2414,0,257,0.11,1124.68
Asti,240,20/10/2020,51,2465,1,258,0.1,1148.45
Asti,241,21/10/2020,90,2555,0,258,0.1,1190.38
Asti,242,22/10/2020,38,2593,0,258,0.1,1208.08
Asti,243,23/10/2020,78,2671,0,258,0.1,1244.42
Asti,244,24/10/2020,88,2759,1,259,0.09,1285.42
Asti,245,25/10/2020,67,2826,2,261,0.09,1316.64
Asti,246,26/10/2020,142,2968,0,261,0.09,1382.79
Asti,247,27/10/2020,62,3030,0,261,0.09,1411.68
Asti,248,28/10/2020,100,3130,0,261,0.08,1458.27
Asti,249,29/10/2020,141,3271,1,262,0.08,1523.96
Asti,250,30/10/2020,66,3337,3,265,0.08,1554.71
Asti,251,31/10/2020,119,3456,1,266,0.08,1610.15
Asti,252,01/11/2020,133,3589,1,267,0.07,1672.12
Asti,253,02/11/2020,100,3689,3,270,0.07,1718.71
Asti,254,03/11/2020,86,3775,5,275,0.07,1758.78
Asti,255,04/11/2020,157,3932,3,278,0.07,1831.92
Asti,256,05/11/2020,109,4041,3,281,0.07,1882.7
Asti,257,06/11/2020,225,4266,1,282,0.07,1987.53
Asti,258,07/11/2020,122,4388,1,283,0.06,2044.37
Asti,259,08/11/2020,194,4582,1,284,0.06,2134.76
Asti,260,09/11/2020,78,4660,2,286,0.06,2171.1
Asti,261,10/11/2020,106,4766,4,290,0.06,2220.48
Asti,262,11/11/2020,120,4886,3,293,0.06,2276.39
Asti,263,12/11/2020,268,5154,7,300,0.06,2401.25
Asti,264,13/11/2020,191,5345,6,306,0.06,2490.24
Asti,265,14/11/2020,182,5527,0,306,0.06,2575.03
Asti,266,15/11/2020,133,5660,3,309,0.06,2637
Asti,267,16/11/2020,162,5822,1,310,0.05,2712.47
Asti,268,17/11/2020,182,6004,1,311,0.05,2797.27
Asti,269,18/11/2020,219,6223,2,313,0.05,2899.3
Asti,270,19/11/2020,202,6425,4,317,0.05,2993.41
Asti,271,20/11/2020,139,6564,5,322,0.05,3058.17
Asti,272,21/11/2020,186,6750,4,326,0.05,3144.83
Asti,273,22/11/2020,119,6869,3,329,0.05,3200.27
Asti,274,23/11/2020,65,6934,3,332,0.05,3230.56
Asti,275,24/11/2020,104,7038,3,335,0.05,3279.01
Asti,276,25/11/2020,100,7138,4,339,0.05,3325.6
Asti,277,26/11/2020,166,7304,6,345,0.05,3402.94
Asti,278,27/11/2020,182,7486,4,349,0.05,3487.73
Asti,279,28/11/2020,100,7586,7,356,0.05,3534.32
Asti,280,29/11/2020,97,7683,0,356,0.05,3579.52
Asti,281,30/11/2020,86,7769,12,368,0.05,3619.58
Asti,282,01/12/2020,62,7831,6,374,0.05,3648.47
Asti,283,02/12/2020,92,7923,7,381,0.05,3691.33
Asti,284,03/12/2020,161,8084,6,387,0.05,3766.34
Asti,285,04/12/2020,106,8190,4,391,0.05,3815.73
Asti,286,05/12/2020,101,8291,3,394,0.05,3862.78
Asti,287,06/12/2020,81,8372,4,398,0.05,3900.52
Asti,288,07/12/2020,74,8446,0,398,0.05,3935
Asti,289,08/12/2020,77,8523,4,402,0.05,3970.87
Asti,290,09/12/2020,59,8582,3,405,0.05,3998.36
Asti,291,10/12/2020,48,8630,6,411,0.05,4020.72
Asti,292,11/12/2020,99,8729,5,416,0.05,4066.85
Asti,293,12/12/2020,84,8813,2,418,0.05,4105.98
Asti,294,13/12/2020,82,8895,6,424,0.05,4144.19
Asti,295,14/12/2020,27,8922,6,430,0.05,4156.77
Asti,296,15/12/2020,152,9074,9,439,0.05,4227.58
Asti,297,16/12/2020,84,9158,4,439,0.05,4266.72
Asti,298,17/12/2020,89,9247,0,439,0.05,4308.18
