Province,Day,Date,New_cases,Curr_pos_cases,Deaths,Tot_deaths,Lethality_rate,Cumul_rates
Biella,1,24/02/2020,0,0,0,0,0,0
Biella,2,25/02/2020,0,0,0,0,0,0
Biella,3,26/02/2020,0,0,0,0,0,0
Biella,4,27/02/2020,0,0,0,0,0,0
Biella,5,28/02/2020,0,0,0,0,0,0
Biella,6,29/02/2020,0,0,0,0,0,0
Biella,7,01/03/2020,0,0,0,0,0,0
Biella,8,02/03/2020,0,0,0,0,0,0
Biella,9,03/03/2020,0,0,0,0,0,0
Biella,10,04/03/2020,0,0,0,0,0,0
Biella,11,05/03/2020,2,2,0,0,0,1.14
Biella,12,06/03/2020,1,3,0,0,0,1.71
Biella,13,07/03/2020,3,6,0,0,0,3.42
Biella,14,08/03/2020,13,19,0,0,0,10.82
Biella,15,09/03/2020,-1,18,0,0,0,10.25
Biella,16,10/03/2020,2,20,1,1,0.05,11.39
Biella,17,11/03/2020,16,36,0,1,0.03,20.5
Biella,18,12/03/2020,3,39,0,1,0.03,22.21
Biella,19,13/03/2020,9,48,3,4,0.08,27.34
Biella,20,14/03/2020,0,48,0,4,0.08,27.34
Biella,21,15/03/2020,2,50,1,5,0.1,28.48
Biella,22,16/03/2020,17,67,4,9,0.13,38.16
Biella,23,17/03/2020,29,96,11,20,0.21,54.67
Biella,24,18/03/2020,13,109,2,22,0.2,62.08
Biella,25,19/03/2020,0,109,2,24,0.22,62.08
Biella,26,20/03/2020,66,175,1,25,0.14,99.67
Biella,27,21/03/2020,7,182,0,25,0.14,103.65
Biella,28,22/03/2020,61,243,6,31,0.13,138.39
Biella,29,23/03/2020,10,253,3,34,0.13,144.09
Biella,30,24/03/2020,27,280,4,38,0.14,159.47
Biella,31,25/03/2020,47,327,3,41,0.12,186.23
Biella,32,26/03/2020,9,336,15,56,0.17,191.36
Biella,33,27/03/2020,31,367,1,57,0.16,209.02
Biella,34,28/03/2020,32,399,7,64,0.16,227.24
Biella,35,29/03/2020,40,439,4,68,0.16,250.02
Biella,36,30/03/2020,32,471,1,69,0.15,268.25
Biella,37,31/03/2020,19,490,0,69,0.14,279.07
Biella,38,01/04/2020,13,503,6,75,0.15,286.47
Biella,39,02/04/2020,20,523,5,80,0.15,297.86
Biella,40,03/04/2020,19,542,1,81,0.15,308.68
Biella,41,04/04/2020,17,559,2,83,0.15,318.36
Biella,42,05/04/2020,12,571,3,86,0.15,325.2
Biella,43,06/04/2020,12,583,5,91,0.16,332.03
Biella,44,07/04/2020,8,591,4,95,0.16,336.59
Biella,45,08/04/2020,9,600,1,96,0.16,341.71
Biella,46,09/04/2020,21,621,1,97,0.16,353.67
Biella,47,10/04/2020,7,628,12,109,0.17,357.66
Biella,48,11/04/2020,25,653,2,111,0.17,371.9
Biella,49,12/04/2020,9,662,6,117,0.18,377.03
Biella,50,13/04/2020,17,679,8,125,0.18,386.71
Biella,51,14/04/2020,23,702,6,131,0.19,399.81
Biella,52,15/04/2020,15,717,3,134,0.19,408.35
Biella,53,16/04/2020,2,719,3,137,0.19,409.49
Biella,54,17/04/2020,9,728,4,141,0.19,414.61
Biella,55,18/04/2020,20,748,3,144,0.19,426
Biella,56,19/04/2020,35,783,3,147,0.19,445.94
Biella,57,20/04/2020,4,787,1,148,0.19,448.22
Biella,58,21/04/2020,21,808,2,150,0.19,460.18
Biella,59,22/04/2020,25,833,4,154,0.18,474.41
Biella,60,23/04/2020,27,860,1,155,0.18,489.79
Biella,61,24/04/2020,40,900,0,155,0.17,512.57
Biella,62,25/04/2020,15,915,0,155,0.17,521.12
Biella,63,26/04/2020,30,945,0,155,0.16,538.2
Biella,64,27/04/2020,7,952,2,157,0.16,542.19
Biella,65,28/04/2020,9,961,4,161,0.17,547.31
Biella,66,29/04/2020,2,963,1,162,0.17,548.45
Biella,67,30/04/2020,3,966,1,163,0.17,550.16
Biella,68,01/05/2020,4,970,1,164,0.17,552.44
Biella,69,02/05/2020,8,978,1,165,0.17,557
Biella,70,03/05/2020,2,980,0,165,0.17,558.13
Biella,71,04/05/2020,12,992,0,165,0.17,564.97
Biella,72,05/05/2020,1,993,0,165,0.17,565.54
Biella,73,06/05/2020,4,997,0,165,0.16,567.82
Biella,74,07/05/2020,5,1002,1,166,0.17,570.66
Biella,75,08/05/2020,0,1002,0,166,0.17,570.66
Biella,76,09/05/2020,5,1007,1,167,0.17,573.51
Biella,77,10/05/2020,8,1015,0,167,0.16,578.07
Biella,78,11/05/2020,0,1015,0,167,0.16,578.07
Biella,79,12/05/2020,1,1016,0,167,0.16,578.64
Biella,80,13/05/2020,5,1021,0,167,0.16,581.48
Biella,81,14/05/2020,1,1022,0,167,0.16,582.05
Biella,82,15/05/2020,0,1022,4,171,0.17,582.05
Biella,83,16/05/2020,1,1023,5,176,0.17,582.62
Biella,84,17/05/2020,0,1023,0,176,0.17,582.62
Biella,85,18/05/2020,0,1023,0,176,0.17,582.62
Biella,86,19/05/2020,1,1024,9,185,0.18,583.19
Biella,87,20/05/2020,2,1026,13,198,0.19,584.33
Biella,88,21/05/2020,2,1028,1,199,0.19,585.47
Biella,89,22/05/2020,1,1029,1,200,0.19,586.04
Biella,90,23/05/2020,1,1030,1,201,0.2,586.61
Biella,91,24/05/2020,1,1031,1,202,0.2,587.18
Biella,92,25/05/2020,1,1032,1,203,0.2,587.75
Biella,93,26/05/2020,0,1032,0,203,0.2,587.75
Biella,94,27/05/2020,0,1032,0,203,0.2,587.75
Biella,95,28/05/2020,0,1032,0,203,0.2,587.75
Biella,96,29/05/2020,0,1032,0,203,0.2,587.75
Biella,97,30/05/2020,1,1033,0,203,0.2,588.32
Biella,98,31/05/2020,1,1034,0,203,0.2,588.89
Biella,99,01/06/2020,0,1034,0,203,0.2,588.89
Biella,100,02/06/2020,0,1034,0,203,0.2,588.89
Biella,101,03/06/2020,1,1035,0,203,0.2,589.46
Biella,102,04/06/2020,2,1037,2,205,0.2,590.6
Biella,103,05/06/2020,2,1039,0,205,0.2,591.74
Biella,104,06/06/2020,0,1039,1,206,0.2,591.74
Biella,105,07/06/2020,0,1039,0,206,0.2,591.74
Biella,106,08/06/2020,0,1039,1,207,0.2,591.74
Biella,107,09/06/2020,0,1039,0,207,0.2,591.74
Biella,108,10/06/2020,1,1040,0,207,0.2,592.31
Biella,109,11/06/2020,0,1040,1,208,0.2,592.31
Biella,110,12/06/2020,0,1040,0,208,0.2,592.31
Biella,111,13/06/2020,1,1041,0,208,0.2,592.88
Biella,112,14/06/2020,1,1042,0,208,0.2,593.44
Biella,113,15/06/2020,0,1042,0,208,0.2,593.44
Biella,114,16/06/2020,0,1042,0,208,0.2,593.44
Biella,115,17/06/2020,0,1042,0,208,0.2,593.44
Biella,116,18/06/2020,0,1042,0,208,0.2,593.44
Biella,117,19/06/2020,0,1042,0,208,0.2,593.44
Biella,118,20/06/2020,0,1042,0,208,0.2,593.44
Biella,119,21/06/2020,0,1042,0,208,0.2,593.44
Biella,120,22/06/2020,0,1042,0,208,0.2,593.44
Biella,121,23/06/2020,0,1042,0,208,0.2,593.44
Biella,122,24/06/2020,2,1044,0,208,0.2,594.58
Biella,123,25/06/2020,0,1044,0,208,0.2,594.58
Biella,124,26/06/2020,1,1045,0,208,0.2,595.15
Biella,125,27/06/2020,1,1046,0,208,0.2,595.72
Biella,126,28/06/2020,0,1046,0,208,0.2,595.72
Biella,127,29/06/2020,0,1046,0,208,0.2,595.72
Biella,128,30/06/2020,0,1046,0,208,0.2,595.72
Biella,129,01/07/2020,2,1048,0,208,0.2,596.86
Biella,130,02/07/2020,0,1048,0,208,0.2,596.86
Biella,131,03/07/2020,3,1051,0,208,0.2,598.57
Biella,132,04/07/2020,0,1051,0,208,0.2,598.57
Biella,133,05/07/2020,0,1051,0,208,0.2,598.57
Biella,134,06/07/2020,0,1051,0,208,0.2,598.57
Biella,135,07/07/2020,0,1051,0,208,0.2,598.57
Biella,136,08/07/2020,1,1052,0,208,0.2,599.14
Biella,137,09/07/2020,1,1053,0,208,0.2,599.71
Biella,138,10/07/2020,0,1053,0,208,0.2,599.71
Biella,139,11/07/2020,0,1053,0,208,0.2,599.71
Biella,140,12/07/2020,0,1053,0,208,0.2,599.71
Biella,141,13/07/2020,0,1053,0,208,0.2,599.71
Biella,142,14/07/2020,1,1054,0,208,0.2,600.28
Biella,143,15/07/2020,0,1054,0,208,0.2,600.28
Biella,144,16/07/2020,0,1054,0,208,0.2,600.28
Biella,145,17/07/2020,0,1054,0,208,0.2,600.28
Biella,146,18/07/2020,0,1054,0,208,0.2,600.28
Biella,147,19/07/2020,0,1054,0,208,0.2,600.28
Biella,148,20/07/2020,0,1054,0,208,0.2,600.28
Biella,149,21/07/2020,0,1054,0,208,0.2,600.28
Biella,150,22/07/2020,0,1054,0,208,0.2,600.28
Biella,151,23/07/2020,0,1054,0,208,0.2,600.28
Biella,152,24/07/2020,0,1054,0,208,0.2,600.28
Biella,153,25/07/2020,0,1054,0,208,0.2,600.28
Biella,154,26/07/2020,0,1054,0,208,0.2,600.28
Biella,155,27/07/2020,0,1054,0,208,0.2,600.28
Biella,156,28/07/2020,1,1055,0,208,0.2,600.85
Biella,157,29/07/2020,0,1055,0,208,0.2,600.85
Biella,158,30/07/2020,1,1056,0,208,0.2,601.42
Biella,159,31/07/2020,0,1056,0,208,0.2,601.42
Biella,160,01/08/2020,0,1056,0,208,0.2,601.42
Biella,161,02/08/2020,0,1056,0,208,0.2,601.42
Biella,162,03/08/2020,0,1056,0,208,0.2,601.42
Biella,163,04/08/2020,0,1056,0,208,0.2,601.42
Biella,164,05/08/2020,0,1056,0,208,0.2,601.42
Biella,165,06/08/2020,0,1056,0,208,0.2,601.42
Biella,166,07/08/2020,0,1056,0,208,0.2,601.42
Biella,167,08/08/2020,0,1056,0,208,0.2,601.42
Biella,168,09/08/2020,0,1056,0,208,0.2,601.42
Biella,169,10/08/2020,0,1056,0,208,0.2,601.42
Biella,170,11/08/2020,0,1056,0,208,0.2,601.42
Biella,171,12/08/2020,0,1056,0,208,0.2,601.42
Biella,172,13/08/2020,0,1056,0,208,0.2,601.42
Biella,173,14/08/2020,0,1056,0,208,0.2,601.42
Biella,174,15/08/2020,1,1057,0,208,0.2,601.99
Biella,175,16/08/2020,0,1057,0,208,0.2,601.99
Biella,176,17/08/2020,0,1057,0,208,0.2,601.99
Biella,177,18/08/2020,0,1057,0,208,0.2,601.99
Biella,178,19/08/2020,0,1057,0,208,0.2,601.99
Biella,179,20/08/2020,1,1058,0,208,0.2,602.56
Biella,180,21/08/2020,1,1059,0,208,0.2,603.13
Biella,181,22/08/2020,3,1062,0,208,0.2,604.84
Biella,182,23/08/2020,0,1062,0,208,0.2,604.84
Biella,183,24/08/2020,4,1066,0,208,0.2,607.11
Biella,184,25/08/2020,1,1067,0,208,0.2,607.68
Biella,185,26/08/2020,4,1071,0,208,0.19,609.96
Biella,186,27/08/2020,1,1072,0,208,0.19,610.53
Biella,187,28/08/2020,3,1075,0,208,0.19,612.24
Biella,188,29/08/2020,0,1075,0,208,0.19,612.24
Biella,189,30/08/2020,1,1076,0,208,0.19,612.81
Biella,190,31/08/2020,0,1076,0,208,0.19,612.81
Biella,191,01/09/2020,0,1076,0,208,0.19,612.81
Biella,192,02/09/2020,3,1079,0,208,0.19,614.52
Biella,193,03/09/2020,0,1079,0,208,0.19,614.52
Biella,194,04/09/2020,3,1082,0,208,0.19,616.23
Biella,195,05/09/2020,1,1083,0,208,0.19,616.8
Biella,196,06/09/2020,0,1083,0,208,0.19,616.8
Biella,197,07/09/2020,1,1084,0,208,0.19,617.36
Biella,198,08/09/2020,0,1084,0,208,0.19,617.36
Biella,199,09/09/2020,5,1089,0,208,0.19,620.21
Biella,200,10/09/2020,0,1089,0,208,0.19,620.21
Biella,201,11/09/2020,3,1092,0,208,0.19,621.92
Biella,202,12/09/2020,3,1095,0,208,0.19,623.63
Biella,203,13/09/2020,1,1096,0,208,0.19,624.2
Biella,204,14/09/2020,0,1096,0,208,0.19,624.2
Biella,205,15/09/2020,2,1098,0,208,0.19,625.34
Biella,206,16/09/2020,3,1101,0,208,0.19,627.05
Biella,207,17/09/2020,6,1107,0,208,0.19,630.46
Biella,208,18/09/2020,9,1116,0,208,0.19,635.59
Biella,209,19/09/2020,0,1116,0,208,0.19,635.59
Biella,210,20/09/2020,3,1119,0,208,0.19,637.3
Biella,211,21/09/2020,1,1120,0,208,0.19,637.87
Biella,212,22/09/2020,1,1121,0,208,0.19,638.44
Biella,213,23/09/2020,1,1122,0,208,0.18,639.01
Biella,214,24/09/2020,2,1124,0,208,0.18,640.15
Biella,215,25/09/2020,0,1124,0,208,0.18,640.15
Biella,216,26/09/2020,0,1124,1,209,0.19,640.15
Biella,217,27/09/2020,0,1124,0,209,0.19,640.15
Biella,218,28/09/2020,0,1124,0,209,0.19,640.15
Biella,219,29/09/2020,2,1126,0,209,0.19,641.28
Biella,220,30/09/2020,0,1126,0,209,0.19,641.28
Biella,221,01/10/2020,0,1126,0,209,0.19,641.28
Biella,222,02/10/2020,4,1130,0,209,0.18,643.56
Biella,223,03/10/2020,46,1176,0,209,0.18,669.76
Biella,224,04/10/2020,13,1189,0,209,0.18,677.16
Biella,225,05/10/2020,12,1201,0,209,0.17,684
Biella,226,06/10/2020,8,1209,0,209,0.17,688.56
Biella,227,07/10/2020,6,1215,1,210,0.17,691.97
Biella,228,08/10/2020,9,1224,0,210,0.17,697.1
Biella,229,09/10/2020,8,1232,0,210,0.17,701.65
Biella,230,10/10/2020,23,1255,0,210,0.17,714.75
Biella,231,11/10/2020,16,1271,1,211,0.17,723.87
Biella,232,12/10/2020,11,1282,1,212,0.16,730.13
Biella,233,13/10/2020,12,1294,0,212,0.16,736.97
Biella,234,14/10/2020,16,1310,0,212,0.16,746.08
Biella,235,15/10/2020,43,1353,0,212,0.16,770.57
Biella,236,16/10/2020,41,1394,1,213,0.15,793.92
Biella,237,17/10/2020,13,1407,0,213,0.15,801.32
Biella,238,18/10/2020,23,1430,1,214,0.15,814.42
Biella,239,19/10/2020,29,1459,0,214,0.15,830.94
Biella,240,20/10/2020,21,1480,0,214,0.14,842.9
Biella,241,21/10/2020,65,1545,1,215,0.14,879.92
Biella,242,22/10/2020,56,1601,3,218,0.14,911.81
Biella,243,23/10/2020,54,1655,1,219,0.13,942.56
Biella,244,24/10/2020,50,1705,0,219,0.13,971.04
Biella,245,25/10/2020,125,1830,1,220,0.12,1042.23
Biella,246,26/10/2020,67,1897,1,221,0.12,1080.39
Biella,247,27/10/2020,41,1938,1,222,0.12,1103.74
Biella,248,28/10/2020,100,2038,1,223,0.11,1160.69
Biella,249,29/10/2020,103,2141,2,225,0.1,1219.35
Biella,250,30/10/2020,51,2192,0,225,0.1,1248.4
Biella,251,31/10/2020,113,2305,0,225,0.1,1312.75
Biella,252,01/11/2020,85,2390,1,226,0.1,1361.16
Biella,253,02/11/2020,43,2433,0,226,0.09,1385.65
Biella,254,03/11/2020,67,2500,3,229,0.09,1423.81
Biella,255,04/11/2020,143,2643,6,235,0.09,1505.25
Biella,256,05/11/2020,87,2730,2,237,0.09,1554.8
Biella,257,06/11/2020,206,2936,0,237,0.08,1672.12
Biella,258,07/11/2020,99,3035,1,238,0.08,1728.51
Biella,259,08/11/2020,83,3118,1,239,0.08,1775.78
Biella,260,09/11/2020,109,3227,4,243,0.07,1837.86
Biella,261,10/11/2020,87,3314,0,243,0.07,1887.4
Biella,262,11/11/2020,143,3457,2,245,0.07,1968.85
Biella,263,12/11/2020,257,3714,0,245,0.07,2115.21
Biella,264,13/11/2020,295,4009,7,252,0.06,2283.22
Biella,265,14/11/2020,290,4299,0,252,0.06,2448.39
Biella,266,15/11/2020,142,4441,4,256,0.06,2529.26
Biella,267,16/11/2020,90,4531,3,259,0.06,2580.52
Biella,268,17/11/2020,92,4623,0,259,0.06,2632.91
Biella,269,18/11/2020,95,4718,1,260,0.06,2687.02
Biella,270,19/11/2020,179,4897,2,262,0.05,2788.96
Biella,271,20/11/2020,179,5076,3,265,0.05,2890.91
Biella,272,21/11/2020,104,5180,0,265,0.05,2950.14
Biella,273,22/11/2020,67,5247,0,265,0.05,2988.3
Biella,274,23/11/2020,39,5286,0,265,0.05,3010.51
Biella,275,24/11/2020,46,5332,0,265,0.05,3036.71
Biella,276,25/11/2020,59,5391,5,270,0.05,3070.31
Biella,277,26/11/2020,70,5461,0,270,0.05,3110.17
Biella,278,27/11/2020,171,5632,2,272,0.05,3207.56
Biella,279,28/11/2020,92,5724,8,280,0.05,3259.96
Biella,280,29/11/2020,43,5767,5,285,0.05,3284.45
Biella,281,30/11/2020,53,5820,0,285,0.05,3314.63
Biella,282,01/12/2020,34,5854,1,286,0.05,3334
Biella,283,02/12/2020,49,5903,3,289,0.05,3361.9
Biella,284,03/12/2020,91,5994,1,290,0.05,3413.73
Biella,285,04/12/2020,57,6051,1,291,0.05,3446.19
Biella,286,05/12/2020,73,6124,0,291,0.05,3487.77
Biella,287,06/12/2020,28,6152,0,291,0.05,3503.72
Biella,288,07/12/2020,15,6167,3,294,0.05,3512.26
Biella,289,08/12/2020,43,6210,1,295,0.05,3536.75
Biella,290,09/12/2020,23,6233,4,299,0.05,3549.85
Biella,291,10/12/2020,34,6267,0,299,0.05,3569.21
Biella,292,11/12/2020,61,6328,0,299,0.05,3603.95
Biella,293,12/12/2020,52,6380,2,301,0.05,3633.57
Biella,294,13/12/2020,27,6407,4,305,0.05,3648.94
Biella,295,14/12/2020,15,6422,3,308,0.05,3657.49
Biella,296,15/12/2020,57,6479,2,310,0.05,3689.95
Biella,297,16/12/2020,42,6521,0,310,0.05,3713.87
