Province,Day,Date,New_cases,Curr_pos_cases,Deaths,Tot_deaths,Lethality_rate,Cumul_rates
Cuneo,1,24/02/2020,0,0,0,0,0,0
Cuneo,2,25/02/2020,0,0,0,0,0,0
Cuneo,3,26/02/2020,0,0,0,0,0,0
Cuneo,4,27/02/2020,0,0,0,0,0,0
Cuneo,5,28/02/2020,0,0,0,0,0,0
Cuneo,6,29/02/2020,0,0,0,0,0,0
Cuneo,7,01/03/2020,0,0,0,0,0,0
Cuneo,8,02/03/2020,0,0,0,0,0,0
Cuneo,9,03/03/2020,0,0,0,0,0,0
Cuneo,10,04/03/2020,0,0,0,0,0,0
Cuneo,11,05/03/2020,0,0,0,0,0,0
Cuneo,12,06/03/2020,1,1,0,0,0,0.17
Cuneo,13,07/03/2020,0,1,0,0,0,0.17
Cuneo,14,08/03/2020,4,5,0,0,0,0.85
Cuneo,15,09/03/2020,6,11,0,0,0,1.87
Cuneo,16,10/03/2020,3,14,0,0,0,2.38
Cuneo,17,11/03/2020,3,17,1,1,0.059,2.9
Cuneo,18,12/03/2020,7,24,1,2,0.083,4.09
Cuneo,19,13/03/2020,16,40,0,2,0.05,6.81
Cuneo,20,14/03/2020,7,47,2,4,0.085,8.01
Cuneo,21,15/03/2020,14,61,1,5,0.082,10.39
Cuneo,22,16/03/2020,30,91,0,5,0.055,15.5
Cuneo,23,17/03/2020,28,119,2,7,0.059,20.27
Cuneo,24,18/03/2020,30,149,1,8,0.054,25.38
Cuneo,25,19/03/2020,0,149,1,9,0.06,25.38
Cuneo,26,20/03/2020,72,221,4,13,0.059,37.64
Cuneo,27,21/03/2020,44,265,6,19,0.072,45.14
Cuneo,28,22/03/2020,38,303,1,20,0.066,51.61
Cuneo,29,23/03/2020,64,367,2,22,0.06,62.51
Cuneo,30,24/03/2020,42,409,0,22,0.054,69.66
Cuneo,31,25/03/2020,32,441,5,27,0.061,75.12
Cuneo,32,26/03/2020,46,487,5,32,0.066,82.95
Cuneo,33,27/03/2020,31,518,3,35,0.068,88.23
Cuneo,34,28/03/2020,40,558,4,39,0.07,95.04
Cuneo,35,29/03/2020,33,591,9,48,0.081,100.66
Cuneo,36,30/03/2020,59,650,3,51,0.078,110.71
Cuneo,37,31/03/2020,81,731,5,56,0.077,124.51
Cuneo,38,01/04/2020,47,778,9,65,0.084,132.52
Cuneo,39,02/04/2020,48,826,2,67,0.081,140.69
Cuneo,40,03/04/2020,24,850,5,72,0.085,144.78
Cuneo,41,04/04/2020,82,932,1,73,0.078,158.75
Cuneo,42,05/04/2020,139,1071,2,75,0.07,182.42
Cuneo,43,06/04/2020,64,1135,8,83,0.073,193.32
Cuneo,44,07/04/2020,52,1187,9,92,0.078,202.18
Cuneo,45,08/04/2020,40,1227,8,100,0.081,208.99
Cuneo,46,09/04/2020,74,1301,5,105,0.081,221.6
Cuneo,47,10/04/2020,17,1318,2,107,0.081,224.49
Cuneo,48,11/04/2020,32,1350,9,116,0.086,229.94
Cuneo,49,12/04/2020,112,1462,8,124,0.085,249.02
Cuneo,50,13/04/2020,145,1607,7,131,0.082,273.72
Cuneo,51,14/04/2020,140,1747,6,137,0.078,297.57
Cuneo,52,15/04/2020,44,1791,8,145,0.081,305.06
Cuneo,53,16/04/2020,23,1814,4,149,0.082,308.98
Cuneo,54,17/04/2020,83,1897,9,158,0.083,323.11
Cuneo,55,18/04/2020,80,1977,14,172,0.087,336.74
Cuneo,56,19/04/2020,76,2053,3,175,0.085,349.69
Cuneo,57,20/04/2020,22,2075,6,181,0.087,353.43
Cuneo,58,21/04/2020,50,2125,4,185,0.087,361.95
Cuneo,59,22/04/2020,59,2184,11,196,0.09,372
Cuneo,60,23/04/2020,27,2211,11,207,0.094,376.6
Cuneo,61,24/04/2020,68,2279,7,214,0.094,388.18
Cuneo,62,25/04/2020,100,2379,6,220,0.092,405.21
Cuneo,63,26/04/2020,12,2391,6,226,0.095,407.26
Cuneo,64,27/04/2020,16,2407,4,230,0.096,409.98
Cuneo,65,28/04/2020,10,2417,0,230,0.095,411.69
Cuneo,66,29/04/2020,42,2459,6,236,0.096,418.84
Cuneo,67,30/04/2020,27,2486,7,243,0.098,423.44
Cuneo,68,01/05/2020,7,2493,4,247,0.099,424.63
Cuneo,69,02/05/2020,33,2526,6,253,0.1,430.25
Cuneo,70,03/05/2020,9,2535,2,255,0.101,431.78
Cuneo,71,04/05/2020,18,2553,4,259,0.101,434.85
Cuneo,72,05/05/2020,6,2559,4,263,0.103,435.87
Cuneo,73,06/05/2020,28,2587,4,267,0.103,440.64
Cuneo,74,07/05/2020,16,2603,3,270,0.104,443.37
Cuneo,75,08/05/2020,25,2628,4,274,0.104,447.63
Cuneo,76,09/05/2020,6,2634,0,274,0.104,448.65
Cuneo,77,10/05/2020,7,2641,19,293,0.111,449.84
Cuneo,78,11/05/2020,5,2646,2,295,0.111,450.69
Cuneo,79,12/05/2020,3,2649,5,300,0.113,451.2
Cuneo,80,13/05/2020,10,2659,3,303,0.114,452.91
Cuneo,81,14/05/2020,7,2666,5,308,0.116,454.1
Cuneo,82,15/05/2020,13,2679,16,324,0.121,456.31
Cuneo,83,16/05/2020,6,2685,9,333,0.124,457.33
Cuneo,84,17/05/2020,3,2688,3,336,0.125,457.85
Cuneo,85,18/05/2020,10,2698,5,341,0.126,459.55
Cuneo,86,19/05/2020,2,2700,8,349,0.129,459.89
Cuneo,87,20/05/2020,6,2706,3,352,0.13,460.91
Cuneo,88,21/05/2020,9,2715,3,355,0.131,462.44
Cuneo,89,22/05/2020,5,2720,0,355,0.131,463.3
Cuneo,90,23/05/2020,10,2730,5,360,0.132,465
Cuneo,91,24/05/2020,9,2739,1,361,0.132,466.53
Cuneo,92,25/05/2020,7,2746,0,361,0.131,467.72
Cuneo,93,26/05/2020,6,2752,2,363,0.132,468.75
Cuneo,94,27/05/2020,4,2756,3,366,0.133,469.43
Cuneo,95,28/05/2020,3,2759,1,367,0.133,469.94
Cuneo,96,29/05/2020,6,2765,3,370,0.134,470.96
Cuneo,97,30/05/2020,8,2773,2,372,0.134,472.32
Cuneo,98,31/05/2020,6,2779,5,377,0.136,473.35
Cuneo,99,01/06/2020,1,2780,2,379,0.136,473.52
Cuneo,100,02/06/2020,3,2783,4,383,0.138,474.03
Cuneo,101,03/06/2020,0,2783,1,384,0.138,474.03
Cuneo,102,04/06/2020,4,2787,0,384,0.138,474.71
Cuneo,103,05/06/2020,6,2793,3,387,0.139,475.73
Cuneo,104,06/06/2020,7,2800,1,388,0.139,476.92
Cuneo,105,07/06/2020,1,2801,0,388,0.139,477.09
Cuneo,106,08/06/2020,2,2803,0,388,0.138,477.43
Cuneo,107,09/06/2020,6,2809,0,388,0.138,478.46
Cuneo,108,10/06/2020,4,2813,1,389,0.138,479.14
Cuneo,109,11/06/2020,7,2820,0,389,0.138,480.33
Cuneo,110,12/06/2020,3,2823,0,389,0.138,480.84
Cuneo,111,13/06/2020,2,2825,1,390,0.138,481.18
Cuneo,112,14/06/2020,4,2829,1,391,0.138,481.86
Cuneo,113,15/06/2020,8,2837,0,391,0.138,483.22
Cuneo,114,16/06/2020,0,2837,0,391,0.138,483.22
Cuneo,115,17/06/2020,0,2837,1,392,0.138,483.22
Cuneo,116,18/06/2020,0,2837,0,392,0.138,483.22
Cuneo,117,19/06/2020,7,2844,0,392,0.138,484.42
Cuneo,118,20/06/2020,3,2847,1,393,0.138,484.93
Cuneo,119,21/06/2020,2,2849,0,393,0.138,485.27
Cuneo,120,22/06/2020,0,2849,0,393,0.138,485.27
Cuneo,121,23/06/2020,0,2849,0,393,0.138,485.27
Cuneo,122,24/06/2020,1,2850,0,393,0.138,485.44
Cuneo,123,25/06/2020,1,2851,0,393,0.138,485.61
Cuneo,124,26/06/2020,2,2853,0,393,0.138,485.95
Cuneo,125,27/06/2020,2,2855,0,393,0.138,486.29
Cuneo,126,28/06/2020,5,2860,1,394,0.138,487.14
Cuneo,127,29/06/2020,0,2860,0,394,0.138,487.14
Cuneo,128,30/06/2020,2,2862,0,394,0.138,487.48
Cuneo,129,01/07/2020,2,2864,0,394,0.138,487.82
Cuneo,130,02/07/2020,2,2866,0,394,0.137,488.16
Cuneo,131,03/07/2020,6,2872,0,394,0.137,489.19
Cuneo,132,04/07/2020,1,2873,0,394,0.137,489.36
Cuneo,133,05/07/2020,4,2877,0,394,0.137,490.04
Cuneo,134,06/07/2020,1,2878,1,395,0.137,490.21
Cuneo,135,07/07/2020,1,2879,0,395,0.137,490.38
Cuneo,136,08/07/2020,8,2887,0,395,0.137,491.74
Cuneo,137,09/07/2020,1,2888,0,395,0.137,491.91
Cuneo,138,10/07/2020,2,2890,1,396,0.137,492.25
Cuneo,139,11/07/2020,4,2894,0,396,0.137,492.93
Cuneo,140,12/07/2020,0,2894,0,396,0.137,492.93
Cuneo,141,13/07/2020,0,2894,0,396,0.137,492.93
Cuneo,142,14/07/2020,1,2895,1,397,0.137,493.1
Cuneo,143,15/07/2020,2,2897,0,397,0.137,493.44
Cuneo,144,16/07/2020,0,2897,0,397,0.137,493.44
Cuneo,145,17/07/2020,0,2897,1,398,0.137,493.44
Cuneo,146,18/07/2020,1,2898,0,398,0.137,493.61
Cuneo,147,19/07/2020,0,2898,0,398,0.137,493.61
Cuneo,148,20/07/2020,1,2899,0,398,0.137,493.78
Cuneo,149,21/07/2020,3,2902,0,398,0.137,494.3
Cuneo,150,22/07/2020,1,2903,0,398,0.137,494.47
Cuneo,151,23/07/2020,3,2906,0,398,0.137,494.98
Cuneo,152,24/07/2020,3,2909,0,398,0.137,495.49
Cuneo,153,25/07/2020,6,2915,0,398,0.137,496.51
Cuneo,154,26/07/2020,6,2921,0,398,0.136,497.53
Cuneo,155,27/07/2020,0,2921,0,398,0.136,497.53
Cuneo,156,28/07/2020,0,2921,0,398,0.136,497.53
Cuneo,157,29/07/2020,4,2925,0,398,0.136,498.21
Cuneo,158,30/07/2020,1,2926,0,398,0.136,498.38
Cuneo,159,31/07/2020,2,2928,0,398,0.136,498.72
Cuneo,160,01/08/2020,3,2931,0,398,0.136,499.24
Cuneo,161,02/08/2020,1,2932,0,398,0.136,499.41
Cuneo,162,03/08/2020,0,2932,0,398,0.136,499.41
Cuneo,163,04/08/2020,1,2933,0,398,0.136,499.58
Cuneo,164,05/08/2020,7,2940,0,398,0.135,500.77
Cuneo,165,06/08/2020,5,2945,0,398,0.135,501.62
Cuneo,166,07/08/2020,6,2951,0,398,0.135,502.64
Cuneo,167,08/08/2020,3,2954,0,398,0.135,503.15
Cuneo,168,09/08/2020,12,2966,0,398,0.134,505.2
Cuneo,169,10/08/2020,2,2968,0,398,0.134,505.54
Cuneo,170,11/08/2020,1,2969,0,398,0.134,505.71
Cuneo,171,12/08/2020,11,2980,0,398,0.134,507.58
Cuneo,172,13/08/2020,4,2984,0,398,0.133,508.26
Cuneo,173,14/08/2020,1,2985,0,398,0.133,508.43
Cuneo,174,15/08/2020,14,2999,0,398,0.133,510.82
Cuneo,175,16/08/2020,16,3015,0,398,0.132,513.54
Cuneo,176,17/08/2020,1,3016,0,398,0.132,513.71
Cuneo,177,18/08/2020,2,3018,0,398,0.132,514.05
Cuneo,178,19/08/2020,9,3027,0,398,0.131,515.59
Cuneo,179,20/08/2020,5,3032,0,398,0.131,516.44
Cuneo,180,21/08/2020,7,3039,0,398,0.131,517.63
Cuneo,181,22/08/2020,10,3049,0,398,0.131,519.33
Cuneo,182,23/08/2020,5,3054,0,398,0.13,520.19
Cuneo,183,24/08/2020,3,3057,0,398,0.13,520.7
Cuneo,184,25/08/2020,2,3059,0,398,0.13,521.04
Cuneo,185,26/08/2020,13,3072,0,398,0.13,523.25
Cuneo,186,27/08/2020,3,3075,0,398,0.129,523.76
Cuneo,187,28/08/2020,8,3083,1,399,0.129,525.13
Cuneo,188,29/08/2020,11,3094,0,399,0.129,527
Cuneo,189,30/08/2020,8,3102,0,399,0.129,528.36
Cuneo,190,31/08/2020,2,3104,0,399,0.129,528.7
Cuneo,191,01/09/2020,10,3114,0,399,0.128,530.41
Cuneo,192,02/09/2020,9,3123,0,399,0.128,531.94
Cuneo,193,03/09/2020,12,3135,0,399,0.127,533.98
Cuneo,194,04/09/2020,16,3151,0,399,0.127,536.71
Cuneo,195,05/09/2020,1,3152,0,399,0.127,536.88
Cuneo,196,06/09/2020,14,3166,0,399,0.126,539.26
Cuneo,197,07/09/2020,3,3169,0,399,0.126,539.77
Cuneo,198,08/09/2020,3,3172,0,399,0.126,540.28
Cuneo,199,09/09/2020,27,3199,0,399,0.125,544.88
Cuneo,200,10/09/2020,7,3206,0,399,0.124,546.08
Cuneo,201,11/09/2020,14,3220,0,399,0.124,548.46
Cuneo,202,12/09/2020,17,3237,0,399,0.123,551.36
Cuneo,203,13/09/2020,7,3244,0,399,0.123,552.55
Cuneo,204,14/09/2020,4,3248,0,399,0.123,553.23
Cuneo,205,15/09/2020,4,3252,0,399,0.123,553.91
Cuneo,206,16/09/2020,12,3264,0,399,0.122,555.95
Cuneo,207,17/09/2020,2,3266,0,399,0.122,556.3
Cuneo,208,18/09/2020,18,3284,0,399,0.121,559.36
Cuneo,209,19/09/2020,4,3288,1,400,0.122,560.04
Cuneo,210,20/09/2020,7,3295,0,400,0.121,561.24
Cuneo,211,21/09/2020,2,3297,0,400,0.121,561.58
Cuneo,212,22/09/2020,12,3309,0,400,0.121,563.62
Cuneo,213,23/09/2020,29,3338,0,400,0.12,568.56
Cuneo,214,24/09/2020,18,3356,0,400,0.119,571.63
Cuneo,215,25/09/2020,11,3367,1,401,0.119,573.5
Cuneo,216,26/09/2020,13,3380,0,401,0.119,575.71
Cuneo,217,27/09/2020,36,3416,0,401,0.117,581.84
Cuneo,218,28/09/2020,4,3420,0,401,0.117,582.53
Cuneo,219,29/09/2020,39,3459,0,401,0.116,589.17
Cuneo,220,30/09/2020,0,3459,0,401,0.116,589.17
Cuneo,221,01/10/2020,23,3482,0,401,0.115,593.09
Cuneo,222,02/10/2020,40,3522,0,401,0.114,599.9
Cuneo,223,03/10/2020,18,3540,0,401,0.113,602.97
Cuneo,224,04/10/2020,34,3574,0,401,0.112,608.76
Cuneo,225,05/10/2020,12,3586,0,401,0.112,610.8
Cuneo,226,06/10/2020,36,3622,0,401,0.111,616.93
Cuneo,227,07/10/2020,37,3659,0,401,0.11,623.23
Cuneo,228,08/10/2020,80,3739,0,401,0.107,636.86
Cuneo,229,09/10/2020,73,3812,0,401,0.105,649.3
Cuneo,230,10/10/2020,80,3892,0,401,0.103,662.92
Cuneo,231,11/10/2020,98,3990,0,401,0.101,679.61
Cuneo,232,12/10/2020,36,4026,0,401,0.1,685.75
Cuneo,233,13/10/2020,84,4110,0,401,0.098,700.05
Cuneo,234,14/10/2020,99,4209,1,402,0.096,716.92
Cuneo,235,15/10/2020,143,4352,0,402,0.092,741.27
Cuneo,236,16/10/2020,165,4517,0,402,0.089,769.38
Cuneo,237,17/10/2020,171,4688,0,402,0.086,798.5
Cuneo,238,18/10/2020,180,4868,0,402,0.083,829.16
Cuneo,239,19/10/2020,91,4959,0,402,0.081,844.66
Cuneo,240,20/10/2020,163,5122,0,402,0.078,872.43
Cuneo,241,21/10/2020,307,5429,0,402,0.074,924.72
Cuneo,242,22/10/2020,254,5683,2,404,0.071,967.98
Cuneo,243,23/10/2020,354,6037,0,404,0.067,1028.28
Cuneo,244,24/10/2020,284,6321,3,407,0.064,1076.65
Cuneo,245,25/10/2020,370,6691,1,408,0.061,1139.67
Cuneo,246,26/10/2020,230,6921,3,411,0.059,1178.85
Cuneo,247,27/10/2020,424,7345,0,411,0.056,1251.07
Cuneo,248,28/10/2020,319,7664,2,413,0.054,1305.4
Cuneo,249,29/10/2020,374,8038,5,418,0.052,1369.11
Cuneo,250,30/10/2020,400,8438,4,422,0.05,1437.24
Cuneo,251,31/10/2020,213,8651,1,423,0.049,1473.52
Cuneo,252,01/11/2020,271,8922,1,424,0.048,1519.68
Cuneo,253,02/11/2020,232,9154,2,426,0.047,1559.19
Cuneo,254,03/11/2020,418,9572,2,428,0.045,1630.39
Cuneo,255,04/11/2020,407,9979,1,429,0.043,1699.72
Cuneo,256,05/11/2020,411,10390,5,434,0.042,1769.72
Cuneo,257,06/11/2020,643,11033,3,437,0.04,1879.24
Cuneo,258,07/11/2020,746,11779,10,447,0.038,2006.31
Cuneo,259,08/11/2020,691,12470,8,455,0.036,2124.01
Cuneo,260,09/11/2020,402,12872,13,468,0.036,2192.48
Cuneo,261,10/11/2020,600,13472,6,474,0.035,2294.68
Cuneo,262,11/11/2020,126,13598,16,490,0.036,2316.14
Cuneo,263,12/11/2020,767,14365,9,499,0.035,2446.78
Cuneo,264,13/11/2020,658,15023,11,510,0.034,2558.86
Cuneo,265,14/11/2020,449,15472,7,517,0.033,2635.34
Cuneo,266,15/11/2020,751,16223,9,526,0.032,2763.25
Cuneo,267,16/11/2020,342,16565,13,539,0.033,2821.51
Cuneo,268,17/11/2020,449,17014,18,557,0.033,2897.98
Cuneo,269,18/11/2020,264,17278,10,567,0.033,2942.95
Cuneo,270,19/11/2020,829,18107,8,575,0.032,3084.15
Cuneo,271,20/11/2020,536,18643,14,589,0.032,3175.45
Cuneo,272,21/11/2020,548,19191,0,589,0.031,3268.79
Cuneo,273,22/11/2020,547,19738,4,593,0.03,3361.96
Cuneo,274,23/11/2020,182,19920,11,604,0.03,3392.96
Cuneo,275,24/11/2020,512,20432,10,614,0.03,3480.17
Cuneo,276,25/11/2020,618,21050,12,626,0.03,3585.43
Cuneo,277,26/11/2020,574,21624,10,636,0.029,3683.2
Cuneo,278,27/11/2020,564,22188,18,654,0.029,3779.27
Cuneo,279,28/11/2020,419,22607,15,669,0.03,3850.63
Cuneo,280,29/11/2020,220,22827,12,681,0.03,3888.11
Cuneo,281,30/11/2020,153,22980,10,691,0.03,3914.17
Cuneo,282,01/12/2020,345,23325,6,697,0.03,3972.93
Cuneo,283,02/12/2020,229,23554,5,702,0.03,4011.94
Cuneo,284,03/12/2020,233,23787,4,706,0.03,4051.62
Cuneo,285,04/12/2020,315,24102,2,708,0.029,4105.28
Cuneo,286,05/12/2020,165,24267,0,708,0.029,4133.38
Cuneo,287,06/12/2020,286,24553,1,708,0.029,4182.1
Cuneo,288,07/12/2020,79,24632,0,708,0.029,4195.55
