Province,Day,Date,New_cases,Curr_pos_cases,Deaths,Tot_deaths,Lethality_rate,Cumul_rates
Vercelli,1,24/02/2020,0,0,0,0,0,0
Vercelli,2,25/02/2020,0,0,0,0,0,0
Vercelli,3,26/02/2020,0,0,0,0,0,0
Vercelli,4,27/02/2020,0,0,0,0,0,0
Vercelli,5,28/02/2020,0,0,0,0,0,0
Vercelli,6,29/02/2020,0,0,0,0,0,0
Vercelli,7,01/03/2020,0,0,0,0,0,0
Vercelli,8,02/03/2020,1,1,0,0,0,0.59
Vercelli,9,03/03/2020,0,1,0,0,0,0.59
Vercelli,10,04/03/2020,2,3,0,0,0,1.76
Vercelli,11,05/03/2020,5,8,0,0,0,4.68
Vercelli,12,06/03/2020,-1,7,0,0,0,4.1
Vercelli,13,07/03/2020,3,10,0,0,0,5.85
Vercelli,14,08/03/2020,5,15,0,0,0,8.78
Vercelli,15,09/03/2020,-4,11,2,2,0.18,6.44
Vercelli,16,10/03/2020,7,18,1,3,0.17,10.53
Vercelli,17,11/03/2020,6,24,0,3,0.12,14.04
Vercelli,18,12/03/2020,1,25,1,4,0.16,14.63
Vercelli,19,13/03/2020,4,29,0,4,0.14,16.97
Vercelli,20,14/03/2020,2,31,0,4,0.13,18.14
Vercelli,21,15/03/2020,53,84,2,6,0.07,49.15
Vercelli,22,16/03/2020,15,99,5,11,0.11,57.92
Vercelli,23,17/03/2020,14,113,0,11,0.1,66.12
Vercelli,24,18/03/2020,18,131,2,13,0.1,76.65
Vercelli,25,19/03/2020,0,131,0,13,0.1,76.65
Vercelli,26,20/03/2020,72,203,2,15,0.07,118.78
Vercelli,27,21/03/2020,7,210,0,15,0.07,122.87
Vercelli,28,22/03/2020,32,242,2,17,0.07,141.59
Vercelli,29,23/03/2020,21,263,3,20,0.08,153.88
Vercelli,30,24/03/2020,27,290,3,23,0.08,169.68
Vercelli,31,25/03/2020,18,308,2,25,0.08,180.21
Vercelli,32,26/03/2020,28,336,1,26,0.08,196.59
Vercelli,33,27/03/2020,22,358,1,27,0.07,209.47
Vercelli,34,28/03/2020,39,397,2,29,0.07,232.28
Vercelli,35,29/03/2020,29,426,4,33,0.08,249.25
Vercelli,36,30/03/2020,23,449,14,47,0.1,262.71
Vercelli,37,31/03/2020,24,473,0,47,0.1,276.75
Vercelli,38,01/04/2020,15,488,4,51,0.1,285.53
Vercelli,39,02/04/2020,32,520,6,57,0.11,304.25
Vercelli,40,03/04/2020,45,565,1,58,0.1,330.58
Vercelli,41,04/04/2020,18,583,0,58,0.1,341.11
Vercelli,42,05/04/2020,22,605,1,59,0.1,353.99
Vercelli,43,06/04/2020,42,647,6,65,0.1,378.56
Vercelli,44,07/04/2020,18,665,6,71,0.11,389.09
Vercelli,45,08/04/2020,13,678,2,73,0.11,396.7
Vercelli,46,09/04/2020,15,693,3,76,0.11,405.47
Vercelli,47,10/04/2020,15,708,10,86,0.12,414.25
Vercelli,48,11/04/2020,81,789,3,89,0.11,461.64
Vercelli,49,12/04/2020,28,817,5,94,0.12,478.03
Vercelli,50,13/04/2020,13,830,6,100,0.12,485.63
Vercelli,51,14/04/2020,9,839,7,107,0.13,490.9
Vercelli,52,15/04/2020,8,847,6,113,0.13,495.58
Vercelli,53,16/04/2020,65,912,6,119,0.13,533.61
Vercelli,54,17/04/2020,23,935,12,131,0.14,547.07
Vercelli,55,18/04/2020,29,964,1,132,0.14,564.04
Vercelli,56,19/04/2020,11,975,4,136,0.14,570.47
Vercelli,57,20/04/2020,9,984,5,141,0.14,575.74
Vercelli,58,21/04/2020,5,989,2,143,0.14,578.66
Vercelli,59,22/04/2020,24,1013,3,146,0.14,592.71
Vercelli,60,23/04/2020,43,1056,3,149,0.14,617.87
Vercelli,61,24/04/2020,11,1067,3,152,0.14,624.3
Vercelli,62,25/04/2020,8,1075,2,154,0.14,628.98
Vercelli,63,26/04/2020,15,1090,0,154,0.14,637.76
Vercelli,64,27/04/2020,3,1093,2,156,0.14,639.51
Vercelli,65,28/04/2020,2,1095,1,157,0.14,640.68
Vercelli,66,29/04/2020,4,1099,1,158,0.14,643.02
Vercelli,67,30/04/2020,8,1107,2,160,0.14,647.71
Vercelli,68,01/05/2020,10,1117,0,160,0.14,653.56
Vercelli,69,02/05/2020,23,1140,1,161,0.14,667.01
Vercelli,70,03/05/2020,3,1143,1,162,0.14,668.77
Vercelli,71,04/05/2020,2,1145,2,164,0.14,669.94
Vercelli,72,05/05/2020,4,1149,0,164,0.14,672.28
Vercelli,73,06/05/2020,3,1152,0,164,0.14,674.04
Vercelli,74,07/05/2020,8,1160,3,167,0.14,678.72
Vercelli,75,08/05/2020,8,1168,1,168,0.14,683.4
Vercelli,76,09/05/2020,11,1179,1,169,0.14,689.83
Vercelli,77,10/05/2020,6,1185,0,169,0.14,693.34
Vercelli,78,11/05/2020,15,1200,1,170,0.14,702.12
Vercelli,79,12/05/2020,5,1205,1,171,0.14,705.05
Vercelli,80,13/05/2020,6,1211,5,176,0.14,708.56
Vercelli,81,14/05/2020,15,1226,3,179,0.15,717.33
Vercelli,82,15/05/2020,9,1235,17,196,0.16,722.6
Vercelli,83,16/05/2020,9,1244,0,196,0.16,727.86
Vercelli,84,17/05/2020,4,1248,1,197,0.16,730.2
Vercelli,85,18/05/2020,2,1250,0,197,0.16,731.37
Vercelli,86,19/05/2020,4,1254,5,202,0.16,733.72
Vercelli,87,20/05/2020,7,1261,1,203,0.16,737.81
Vercelli,88,21/05/2020,2,1263,1,204,0.16,738.98
Vercelli,89,22/05/2020,4,1267,0,204,0.16,741.32
Vercelli,90,23/05/2020,0,1267,1,205,0.16,741.32
Vercelli,91,24/05/2020,3,1270,1,206,0.16,743.08
Vercelli,92,25/05/2020,10,1280,1,207,0.16,748.93
Vercelli,93,26/05/2020,8,1288,1,208,0.16,753.61
Vercelli,94,27/05/2020,0,1288,0,208,0.16,753.61
Vercelli,95,28/05/2020,6,1294,1,209,0.16,757.12
Vercelli,96,29/05/2020,1,1295,3,212,0.16,757.7
Vercelli,97,30/05/2020,5,1300,0,212,0.16,760.63
Vercelli,98,31/05/2020,4,1304,0,212,0.16,762.97
Vercelli,99,01/06/2020,0,1304,2,214,0.16,762.97
Vercelli,100,02/06/2020,1,1305,0,214,0.16,763.56
Vercelli,101,03/06/2020,2,1307,0,214,0.16,764.73
Vercelli,102,04/06/2020,0,1307,0,214,0.16,764.73
Vercelli,103,05/06/2020,1,1308,0,214,0.16,765.31
Vercelli,104,06/06/2020,1,1309,1,215,0.16,765.9
Vercelli,105,07/06/2020,0,1309,0,215,0.16,765.9
Vercelli,106,08/06/2020,0,1309,0,215,0.16,765.9
Vercelli,107,09/06/2020,0,1309,0,215,0.16,765.9
Vercelli,108,10/06/2020,0,1309,0,215,0.16,765.9
Vercelli,109,11/06/2020,0,1309,0,215,0.16,765.9
Vercelli,110,12/06/2020,3,1312,0,215,0.16,767.65
Vercelli,111,13/06/2020,2,1314,1,216,0.16,768.82
Vercelli,112,14/06/2020,2,1316,1,217,0.16,769.99
Vercelli,113,15/06/2020,1,1317,0,217,0.16,770.58
Vercelli,114,16/06/2020,0,1317,0,217,0.16,770.58
Vercelli,115,17/06/2020,0,1317,0,217,0.16,770.58
Vercelli,116,18/06/2020,0,1317,0,217,0.16,770.58
Vercelli,117,19/06/2020,1,1318,0,217,0.16,771.16
Vercelli,118,20/06/2020,0,1318,0,217,0.16,771.16
Vercelli,119,21/06/2020,1,1319,0,217,0.16,771.75
Vercelli,120,22/06/2020,0,1319,1,218,0.16,771.75
Vercelli,121,23/06/2020,0,1319,0,218,0.16,771.75
Vercelli,122,24/06/2020,1,1320,0,218,0.16,772.33
Vercelli,123,25/06/2020,1,1321,1,219,0.17,772.92
Vercelli,124,26/06/2020,0,1321,0,219,0.17,772.92
Vercelli,125,27/06/2020,0,1321,0,219,0.17,772.92
Vercelli,126,28/06/2020,1,1322,0,219,0.17,773.5
Vercelli,127,29/06/2020,0,1322,0,219,0.17,773.5
Vercelli,128,30/06/2020,1,1323,0,219,0.17,774.09
Vercelli,129,01/07/2020,0,1323,0,219,0.17,774.09
Vercelli,130,02/07/2020,0,1323,0,219,0.17,774.09
Vercelli,131,03/07/2020,0,1323,2,221,0.17,774.09
Vercelli,132,04/07/2020,1,1324,0,221,0.17,774.67
Vercelli,133,05/07/2020,3,1327,0,221,0.17,776.43
Vercelli,134,06/07/2020,2,1329,1,222,0.17,777.6
Vercelli,135,07/07/2020,3,1332,0,222,0.17,779.35
Vercelli,136,08/07/2020,5,1337,0,222,0.17,782.28
Vercelli,137,09/07/2020,3,1340,0,222,0.17,784.03
Vercelli,138,10/07/2020,4,1344,0,222,0.16,786.37
Vercelli,139,11/07/2020,0,1344,0,222,0.16,786.37
Vercelli,140,12/07/2020,0,1344,0,222,0.16,786.37
Vercelli,141,13/07/2020,0,1344,0,222,0.16,786.37
Vercelli,142,14/07/2020,0,1344,0,222,0.16,786.37
Vercelli,143,15/07/2020,0,1344,0,222,0.16,786.37
Vercelli,144,16/07/2020,3,1347,0,222,0.16,788.13
Vercelli,145,17/07/2020,0,1347,0,222,0.16,788.13
Vercelli,146,18/07/2020,0,1347,0,222,0.16,788.13
Vercelli,147,19/07/2020,0,1347,0,222,0.16,788.13
Vercelli,148,20/07/2020,0,1347,0,222,0.16,788.13
Vercelli,149,21/07/2020,2,1349,0,222,0.16,789.3
Vercelli,150,22/07/2020,0,1349,0,222,0.16,789.3
Vercelli,151,23/07/2020,1,1350,0,222,0.16,789.88
Vercelli,152,24/07/2020,0,1350,0,222,0.16,789.88
Vercelli,153,25/07/2020,1,1351,0,222,0.16,790.47
Vercelli,154,26/07/2020,0,1351,0,222,0.16,790.47
Vercelli,155,27/07/2020,0,1351,0,222,0.16,790.47
Vercelli,156,28/07/2020,0,1351,0,222,0.16,790.47
Vercelli,157,29/07/2020,0,1351,0,222,0.16,790.47
Vercelli,158,30/07/2020,0,1351,0,222,0.16,790.47
Vercelli,159,31/07/2020,0,1351,0,222,0.16,790.47
Vercelli,160,01/08/2020,1,1352,0,222,0.16,791.05
Vercelli,161,02/08/2020,1,1353,0,222,0.16,791.64
Vercelli,162,03/08/2020,2,1355,0,222,0.16,792.81
Vercelli,163,04/08/2020,3,1358,0,222,0.16,794.57
Vercelli,164,05/08/2020,5,1363,0,222,0.16,797.49
Vercelli,165,06/08/2020,2,1365,0,222,0.16,798.66
Vercelli,166,07/08/2020,18,1383,0,222,0.16,809.19
Vercelli,167,08/08/2020,5,1388,0,222,0.16,812.12
Vercelli,168,09/08/2020,14,1402,0,222,0.16,820.31
Vercelli,169,10/08/2020,9,1411,0,222,0.16,825.58
Vercelli,170,11/08/2020,1,1412,0,222,0.16,826.16
Vercelli,171,12/08/2020,7,1419,0,222,0.16,830.26
Vercelli,172,13/08/2020,7,1426,0,222,0.16,834.35
Vercelli,173,14/08/2020,1,1427,0,222,0.16,834.94
Vercelli,174,15/08/2020,2,1429,0,222,0.16,836.11
Vercelli,175,16/08/2020,10,1439,0,222,0.15,841.96
Vercelli,176,17/08/2020,2,1441,0,222,0.15,843.13
Vercelli,177,18/08/2020,3,1443,0,222,0.15,844.3
Vercelli,178,19/08/2020,4,1447,0,222,0.15,846.64
Vercelli,179,20/08/2020,5,1452,0,222,0.15,849.56
Vercelli,180,21/08/2020,4,1456,0,222,0.15,851.91
Vercelli,181,22/08/2020,3,1459,0,222,0.15,853.66
Vercelli,182,23/08/2020,3,1462,0,222,0.15,855.42
Vercelli,183,24/08/2020,6,1468,0,222,0.15,858.93
Vercelli,184,25/08/2020,8,1476,0,222,0.15,863.61
Vercelli,185,26/08/2020,11,1487,0,222,0.15,870.04
Vercelli,186,27/08/2020,14,1501,0,222,0.15,878.23
Vercelli,187,28/08/2020,5,1506,0,222,0.15,881.16
Vercelli,188,29/08/2020,20,1526,0,222,0.14,892.86
Vercelli,189,30/08/2020,26,1552,1,223,0.14,908.07
Vercelli,190,31/08/2020,3,1555,0,223,0.14,909.83
Vercelli,191,01/09/2020,3,1558,0,223,0.14,911.59
Vercelli,192,02/09/2020,7,1565,0,223,0.14,915.68
Vercelli,193,03/09/2020,0,1565,0,223,0.14,915.68
Vercelli,194,04/09/2020,9,1574,0,223,0.14,920.95
Vercelli,195,05/09/2020,1,1575,0,223,0.14,921.53
Vercelli,196,06/09/2020,5,1580,0,223,0.14,924.46
Vercelli,197,07/09/2020,5,1585,1,224,0.14,927.38
Vercelli,198,08/09/2020,1,1586,0,224,0.14,927.97
Vercelli,199,09/09/2020,4,1590,0,224,0.14,930.31
Vercelli,200,10/09/2020,9,1599,0,224,0.14,935.57
Vercelli,201,11/09/2020,3,1602,0,224,0.14,937.33
Vercelli,202,12/09/2020,2,1604,0,224,0.14,938.5
Vercelli,203,13/09/2020,5,1609,0,224,0.14,941.43
Vercelli,204,14/09/2020,3,1612,0,224,0.14,943.18
Vercelli,205,15/09/2020,4,1616,0,224,0.14,945.52
Vercelli,206,16/09/2020,1,1617,0,224,0.14,946.11
Vercelli,207,17/09/2020,8,1625,0,224,0.14,950.79
Vercelli,208,18/09/2020,4,1629,0,224,0.14,953.13
Vercelli,209,19/09/2020,6,1635,0,224,0.14,956.64
Vercelli,210,20/09/2020,9,1644,0,224,0.14,961.9
Vercelli,211,21/09/2020,2,1646,0,224,0.14,963.07
Vercelli,212,22/09/2020,1,1647,1,225,0.14,963.66
Vercelli,213,23/09/2020,2,1649,0,225,0.14,964.83
Vercelli,214,24/09/2020,1,1650,0,225,0.14,965.41
Vercelli,215,25/09/2020,4,1654,0,225,0.14,967.76
Vercelli,216,26/09/2020,9,1663,0,225,0.14,973.02
Vercelli,217,27/09/2020,0,1663,0,225,0.14,973.02
Vercelli,218,28/09/2020,8,1671,0,225,0.14,977.7
Vercelli,219,29/09/2020,4,1675,0,225,0.13,980.04
Vercelli,220,30/09/2020,0,1675,0,225,0.13,980.04
Vercelli,221,01/10/2020,0,1675,0,225,0.13,980.04
Vercelli,222,02/10/2020,1,1676,0,225,0.13,980.63
Vercelli,223,03/10/2020,13,1689,0,225,0.13,988.23
Vercelli,224,04/10/2020,2,1691,0,225,0.13,989.4
Vercelli,225,05/10/2020,0,1691,0,225,0.13,989.4
Vercelli,226,06/10/2020,8,1699,0,225,0.13,994.08
Vercelli,227,07/10/2020,17,1716,0,225,0.13,1004.03
Vercelli,228,08/10/2020,10,1726,0,225,0.13,1009.88
Vercelli,229,09/10/2020,3,1729,0,225,0.13,1011.64
Vercelli,230,10/10/2020,25,1754,0,225,0.13,1026.27
Vercelli,231,11/10/2020,12,1766,1,226,0.13,1033.29
Vercelli,232,12/10/2020,13,1779,0,226,0.13,1040.89
Vercelli,233,13/10/2020,19,1798,0,226,0.13,1052.01
Vercelli,234,14/10/2020,9,1807,0,226,0.12,1057.28
Vercelli,235,15/10/2020,21,1828,1,227,0.12,1069.56
Vercelli,236,16/10/2020,24,1852,0,227,0.12,1083.6
Vercelli,237,17/10/2020,14,1866,0,227,0.12,1091.8
Vercelli,238,18/10/2020,29,1895,0,227,0.12,1108.76
Vercelli,239,19/10/2020,33,1928,0,227,0.12,1128.07
Vercelli,240,20/10/2020,23,1951,1,228,0.12,1141.53
Vercelli,241,21/10/2020,39,1990,1,229,0.12,1164.35
Vercelli,242,22/10/2020,-524,1466,1,230,0.16,857.76
Vercelli,243,23/10/2020,594,2060,1,231,0.11,1205.31
Vercelli,244,24/10/2020,64,2124,1,232,0.11,1242.75
Vercelli,245,25/10/2020,101,2225,0,232,0.1,1301.85
Vercelli,246,26/10/2020,89,2314,0,232,0.1,1353.92
Vercelli,247,27/10/2020,48,2362,0,232,0.1,1382.01
Vercelli,248,28/10/2020,60,2422,0,232,0.1,1417.11
Vercelli,249,29/10/2020,69,2491,2,234,0.09,1457.48
Vercelli,250,30/10/2020,82,2573,0,234,0.09,1505.46
Vercelli,251,31/10/2020,83,2656,1,235,0.09,1554.03
Vercelli,252,01/11/2020,80,2736,0,235,0.09,1600.83
Vercelli,253,02/11/2020,58,2794,1,236,0.08,1634.77
Vercelli,254,03/11/2020,75,2869,1,237,0.08,1678.65
Vercelli,255,04/11/2020,85,2954,6,243,0.08,1728.38
Vercelli,256,05/11/2020,96,3050,3,246,0.08,1784.55
Vercelli,257,06/11/2020,160,3210,3,249,0.08,1878.17
Vercelli,258,07/11/2020,139,3349,0,249,0.07,1959.5
Vercelli,259,08/11/2020,113,3462,0,249,0.07,2025.62
Vercelli,260,09/11/2020,215,3677,0,249,0.07,2151.41
Vercelli,261,10/11/2020,132,3809,1,250,0.07,2228.65
Vercelli,262,11/11/2020,107,3916,2,252,0.06,2291.25
Vercelli,263,12/11/2020,247,4163,5,257,0.06,2435.77
Vercelli,264,13/11/2020,162,4325,2,259,0.06,2530.56
Vercelli,265,14/11/2020,166,4491,3,262,0.06,2627.68
Vercelli,266,15/11/2020,97,4588,3,265,0.06,2684.44
Vercelli,267,16/11/2020,152,4740,0,265,0.06,2773.37
Vercelli,268,17/11/2020,123,4863,0,265,0.05,2845.34
Vercelli,269,18/11/2020,214,5077,7,272,0.05,2970.55
Vercelli,270,19/11/2020,229,5306,3,275,0.05,3104.54
Vercelli,271,20/11/2020,137,5443,6,281,0.05,3184.7
Vercelli,272,21/11/2020,82,5525,0,281,0.05,3232.68
Vercelli,273,22/11/2020,48,5573,2,283,0.05,3260.76
Vercelli,274,23/11/2020,70,5643,0,283,0.05,3301.72
Vercelli,275,24/11/2020,54,5697,0,283,0.05,3333.31
Vercelli,276,25/11/2020,69,5766,8,291,0.05,3373.69
Vercelli,277,26/11/2020,122,5888,0,291,0.05,3445.07
Vercelli,278,27/11/2020,308,6196,2,293,0.05,3625.28
Vercelli,279,28/11/2020,74,6270,12,305,0.05,3668.58
Vercelli,280,29/11/2020,70,6340,3,308,0.05,3709.53
Vercelli,281,30/11/2020,30,6370,0,308,0.05,3727.09
Vercelli,282,01/12/2020,31,6401,3,311,0.05,3745.22
Vercelli,283,02/12/2020,73,6474,2,313,0.05,3787.94
Vercelli,284,03/12/2020,67,6541,1,314,0.05,3827.14
Vercelli,285,04/12/2020,81,6622,0,314,0.05,3874.53
Vercelli,286,05/12/2020,44,6666,3,317,0.05,3900.28
Vercelli,287,06/12/2020,42,6708,1,318,0.05,3924.85
Vercelli,288,07/12/2020,52,6760,7,325,0.05,3955.27
Vercelli,289,08/12/2020,19,6779,0,325,0.05,3966.39
Vercelli,290,09/12/2020,38,6817,4,329,0.05,3988.63
Vercelli,291,10/12/2020,35,6852,0,329,0.05,4009.1
Vercelli,292,11/12/2020,64,6916,6,335,0.05,4046.55
Vercelli,293,12/12/2020,45,6961,3,338,0.05,4072.88
Vercelli,294,13/12/2020,37,6998,1,339,0.05,4094.53
Vercelli,295,14/12/2020,22,7020,0,339,0.05,4107.4
Vercelli,296,15/12/2020,24,7044,6,345,0.05,4121.44
Vercelli,297,16/12/2020,53,7097,0,345,0.05,4152.45
