Province,Day,Date,New_cases,Curr_pos_cases,Deaths,Tot_deaths,Lethality_rate,Cumul_rates
Caltanissetta,1,24/02/2020,0,0,0,0,0,0
Caltanissetta,2,25/02/2020,0,0,0,0,0,0
Caltanissetta,3,26/02/2020,0,0,0,0,0,0
Caltanissetta,4,27/02/2020,0,0,0,0,0,0
Caltanissetta,5,28/02/2020,0,0,0,0,0,0
Caltanissetta,6,29/02/2020,0,0,0,0,0,0
Caltanissetta,7,01/03/2020,0,0,0,0,0,0
Caltanissetta,8,02/03/2020,0,0,0,0,0,0
Caltanissetta,9,03/03/2020,0,0,0,0,0,0
Caltanissetta,10,04/03/2020,0,0,0,0,0,0
Caltanissetta,11,05/03/2020,0,0,0,0,0,0
Caltanissetta,12,06/03/2020,0,0,0,0,0,0
Caltanissetta,13,07/03/2020,0,0,0,0,0,0
Caltanissetta,14,08/03/2020,0,0,0,0,0,0
Caltanissetta,15,09/03/2020,0,0,0,0,0,0
Caltanissetta,16,10/03/2020,0,0,0,0,0,0
Caltanissetta,17,11/03/2020,0,0,1,1,Inf,0
Caltanissetta,18,12/03/2020,2,2,0,1,0.5,0.76
Caltanissetta,19,13/03/2020,0,2,0,1,0.5,0.76
Caltanissetta,20,14/03/2020,0,2,0,1,0.5,0.76
Caltanissetta,21,15/03/2020,0,2,0,1,0.5,0.76
Caltanissetta,22,16/03/2020,2,4,0,1,0.25,1.52
Caltanissetta,23,17/03/2020,0,4,0,1,0.25,1.52
Caltanissetta,24,18/03/2020,2,6,0,1,0.17,2.29
Caltanissetta,25,19/03/2020,6,12,0,1,0.08,4.57
Caltanissetta,26,20/03/2020,6,18,0,1,0.06,6.86
Caltanissetta,27,21/03/2020,9,27,0,1,0.04,10.29
Caltanissetta,28,22/03/2020,0,27,0,1,0.04,10.29
Caltanissetta,29,23/03/2020,2,29,0,1,0.03,11.05
Caltanissetta,30,24/03/2020,11,40,1,2,0.05,15.24
Caltanissetta,31,25/03/2020,5,45,0,2,0.04,17.15
Caltanissetta,32,26/03/2020,5,50,0,2,0.04,19.05
Caltanissetta,33,27/03/2020,5,55,2,4,0.07,20.96
Caltanissetta,34,28/03/2020,2,57,0,4,0.07,21.72
Caltanissetta,35,29/03/2020,11,68,0,4,0.06,25.91
Caltanissetta,36,30/03/2020,2,70,0,4,0.06,26.67
Caltanissetta,37,31/03/2020,0,70,0,4,0.06,26.67
Caltanissetta,38,01/04/2020,6,76,1,5,0.07,28.96
Caltanissetta,39,02/04/2020,4,80,0,5,0.06,30.48
Caltanissetta,40,03/04/2020,3,83,1,6,0.07,31.62
Caltanissetta,41,04/04/2020,10,93,1,7,0.07,35.43
Caltanissetta,42,05/04/2020,9,102,0,7,0.07,38.86
Caltanissetta,43,06/04/2020,2,104,1,8,0.08,39.63
Caltanissetta,44,07/04/2020,1,105,0,8,0.08,40.01
Caltanissetta,45,08/04/2020,2,107,0,8,0.07,40.77
Caltanissetta,46,09/04/2020,5,112,0,8,0.07,42.67
Caltanissetta,47,10/04/2020,4,116,1,9,0.08,44.2
Caltanissetta,48,11/04/2020,6,122,0,9,0.07,46.48
Caltanissetta,49,12/04/2020,6,128,1,10,0.08,48.77
Caltanissetta,50,13/04/2020,3,131,0,10,0.08,49.91
Caltanissetta,51,14/04/2020,4,135,0,10,0.07,51.44
Caltanissetta,52,15/04/2020,2,137,0,10,0.07,52.2
Caltanissetta,53,16/04/2020,1,138,0,10,0.07,52.58
Caltanissetta,54,17/04/2020,0,138,0,10,0.07,52.58
Caltanissetta,55,18/04/2020,0,138,0,10,0.07,52.58
Caltanissetta,56,19/04/2020,0,138,0,10,0.07,52.58
Caltanissetta,57,20/04/2020,0,138,0,10,0.07,52.58
Caltanissetta,58,21/04/2020,0,138,0,10,0.07,52.58
Caltanissetta,59,22/04/2020,3,141,0,10,0.07,53.72
Caltanissetta,60,23/04/2020,4,145,0,10,0.07,55.25
Caltanissetta,61,24/04/2020,3,148,0,10,0.07,56.39
Caltanissetta,62,25/04/2020,0,148,1,11,0.07,56.39
Caltanissetta,63,26/04/2020,0,148,0,11,0.07,56.39
Caltanissetta,64,27/04/2020,0,148,0,11,0.07,56.39
Caltanissetta,65,28/04/2020,10,158,0,11,0.07,60.2
Caltanissetta,66,29/04/2020,1,159,0,11,0.07,60.58
Caltanissetta,67,30/04/2020,0,159,0,11,0.07,60.58
Caltanissetta,68,01/05/2020,0,159,0,11,0.07,60.58
Caltanissetta,69,02/05/2020,0,159,0,11,0.07,60.58
Caltanissetta,70,03/05/2020,0,159,0,11,0.07,60.58
Caltanissetta,71,04/05/2020,3,162,0,11,0.07,61.72
Caltanissetta,72,05/05/2020,0,162,0,11,0.07,61.72
Caltanissetta,73,06/05/2020,0,162,0,11,0.07,61.72
Caltanissetta,74,07/05/2020,0,162,0,11,0.07,61.72
Caltanissetta,75,08/05/2020,0,162,0,11,0.07,61.72
Caltanissetta,76,09/05/2020,0,162,0,11,0.07,61.72
Caltanissetta,77,10/05/2020,0,162,0,11,0.07,61.72
Caltanissetta,78,11/05/2020,0,162,0,11,0.07,61.72
Caltanissetta,79,12/05/2020,0,162,0,11,0.07,61.72
Caltanissetta,80,13/05/2020,2,164,0,11,0.07,62.49
Caltanissetta,81,14/05/2020,2,166,0,11,0.07,63.25
Caltanissetta,82,15/05/2020,4,170,0,11,0.06,64.77
Caltanissetta,83,16/05/2020,0,170,0,11,0.06,64.77
Caltanissetta,84,17/05/2020,0,170,0,11,0.06,64.77
Caltanissetta,85,18/05/2020,0,170,0,11,0.06,64.77
Caltanissetta,86,19/05/2020,0,170,0,11,0.06,64.77
Caltanissetta,87,20/05/2020,0,170,0,11,0.06,64.77
Caltanissetta,88,21/05/2020,2,172,0,11,0.06,65.53
Caltanissetta,89,22/05/2020,0,172,0,11,0.06,65.53
Caltanissetta,90,23/05/2020,0,172,0,11,0.06,65.53
Caltanissetta,91,24/05/2020,0,172,0,11,0.06,65.53
Caltanissetta,92,25/05/2020,0,172,0,11,0.06,65.53
Caltanissetta,93,26/05/2020,1,173,0,11,0.06,65.92
Caltanissetta,94,27/05/2020,0,173,0,11,0.06,65.92
Caltanissetta,95,28/05/2020,0,173,0,11,0.06,65.92
Caltanissetta,96,29/05/2020,0,173,0,11,0.06,65.92
Caltanissetta,97,30/05/2020,0,173,0,11,0.06,65.92
Caltanissetta,98,31/05/2020,1,174,0,11,0.06,66.3
Caltanissetta,99,01/06/2020,0,174,0,11,0.06,66.3
Caltanissetta,100,02/06/2020,2,176,0,11,0.06,67.06
Caltanissetta,101,03/06/2020,0,176,0,11,0.06,67.06
Caltanissetta,102,04/06/2020,0,176,0,11,0.06,67.06
Caltanissetta,103,05/06/2020,0,176,0,11,0.06,67.06
Caltanissetta,104,06/06/2020,0,176,0,11,0.06,67.06
Caltanissetta,105,07/06/2020,0,176,0,11,0.06,67.06
Caltanissetta,106,08/06/2020,0,176,0,11,0.06,67.06
Caltanissetta,107,09/06/2020,0,176,0,11,0.06,67.06
Caltanissetta,108,10/06/2020,0,176,0,11,0.06,67.06
Caltanissetta,109,11/06/2020,0,176,0,11,0.06,67.06
Caltanissetta,110,12/06/2020,0,176,0,11,0.06,67.06
Caltanissetta,111,13/06/2020,0,176,0,11,0.06,67.06
Caltanissetta,112,14/06/2020,0,176,0,11,0.06,67.06
Caltanissetta,113,15/06/2020,0,176,0,11,0.06,67.06
Caltanissetta,114,16/06/2020,1,177,0,11,0.06,67.44
Caltanissetta,115,17/06/2020,0,177,0,11,0.06,67.44
Caltanissetta,116,18/06/2020,0,177,0,11,0.06,67.44
Caltanissetta,117,19/06/2020,8,185,0,11,0.06,70.49
Caltanissetta,118,20/06/2020,0,185,0,11,0.06,70.49
Caltanissetta,119,21/06/2020,0,185,0,11,0.06,70.49
Caltanissetta,120,22/06/2020,0,185,0,11,0.06,70.49
Caltanissetta,121,23/06/2020,0,185,0,11,0.06,70.49
Caltanissetta,122,24/06/2020,1,186,0,11,0.06,70.87
Caltanissetta,123,25/06/2020,0,186,0,11,0.06,70.87
Caltanissetta,124,26/06/2020,0,186,0,11,0.06,70.87
Caltanissetta,125,27/06/2020,0,186,0,11,0.06,70.87
Caltanissetta,126,28/06/2020,0,186,0,11,0.06,70.87
Caltanissetta,127,29/06/2020,0,186,0,11,0.06,70.87
Caltanissetta,128,30/06/2020,0,186,0,11,0.06,70.87
Caltanissetta,129,01/07/2020,0,186,0,11,0.06,70.87
Caltanissetta,130,02/07/2020,0,186,0,11,0.06,70.87
Caltanissetta,131,03/07/2020,0,186,0,11,0.06,70.87
Caltanissetta,132,04/07/2020,0,186,0,11,0.06,70.87
Caltanissetta,133,05/07/2020,0,186,0,11,0.06,70.87
Caltanissetta,134,06/07/2020,0,186,0,11,0.06,70.87
Caltanissetta,135,07/07/2020,0,186,0,11,0.06,70.87
Caltanissetta,136,08/07/2020,0,186,0,11,0.06,70.87
Caltanissetta,137,09/07/2020,0,186,0,11,0.06,70.87
Caltanissetta,138,10/07/2020,0,186,0,11,0.06,70.87
Caltanissetta,139,11/07/2020,0,186,0,11,0.06,70.87
Caltanissetta,140,12/07/2020,0,186,0,11,0.06,70.87
Caltanissetta,141,13/07/2020,0,186,0,11,0.06,70.87
Caltanissetta,142,14/07/2020,0,186,0,11,0.06,70.87
Caltanissetta,143,15/07/2020,0,186,0,11,0.06,70.87
Caltanissetta,144,16/07/2020,0,186,0,11,0.06,70.87
Caltanissetta,145,17/07/2020,0,186,0,11,0.06,70.87
Caltanissetta,146,18/07/2020,0,186,0,11,0.06,70.87
Caltanissetta,147,19/07/2020,0,186,0,11,0.06,70.87
Caltanissetta,148,20/07/2020,0,186,0,11,0.06,70.87
Caltanissetta,149,21/07/2020,0,186,0,11,0.06,70.87
Caltanissetta,150,22/07/2020,0,186,0,11,0.06,70.87
Caltanissetta,151,23/07/2020,0,186,0,11,0.06,70.87
Caltanissetta,152,24/07/2020,0,186,0,11,0.06,70.87
Caltanissetta,153,25/07/2020,1,187,0,11,0.06,71.25
Caltanissetta,154,26/07/2020,1,188,0,11,0.06,71.63
Caltanissetta,155,27/07/2020,0,188,0,11,0.06,71.63
Caltanissetta,156,28/07/2020,0,188,0,11,0.06,71.63
Caltanissetta,157,29/07/2020,0,188,0,11,0.06,71.63
Caltanissetta,158,30/07/2020,0,188,0,11,0.06,71.63
Caltanissetta,159,31/07/2020,0,188,0,11,0.06,71.63
Caltanissetta,160,01/08/2020,1,189,0,11,0.06,72.01
Caltanissetta,161,02/08/2020,0,189,0,11,0.06,72.01
Caltanissetta,162,03/08/2020,0,189,0,11,0.06,72.01
Caltanissetta,163,04/08/2020,0,189,0,11,0.06,72.01
Caltanissetta,164,05/08/2020,2,191,0,11,0.06,72.77
Caltanissetta,165,06/08/2020,4,195,0,11,0.06,74.3
Caltanissetta,166,07/08/2020,1,196,0,11,0.06,74.68
Caltanissetta,167,08/08/2020,2,198,0,11,0.06,75.44
Caltanissetta,168,09/08/2020,0,198,0,11,0.06,75.44
Caltanissetta,169,10/08/2020,0,198,0,11,0.06,75.44
Caltanissetta,170,11/08/2020,0,198,0,11,0.06,75.44
Caltanissetta,171,12/08/2020,0,198,0,11,0.06,75.44
Caltanissetta,172,13/08/2020,3,201,0,11,0.06,76.58
Caltanissetta,173,14/08/2020,1,202,0,11,0.05,76.96
Caltanissetta,174,15/08/2020,6,208,0,11,0.05,79.25
Caltanissetta,175,16/08/2020,0,208,0,11,0.05,79.25
Caltanissetta,176,17/08/2020,0,208,0,11,0.05,79.25
Caltanissetta,177,18/08/2020,1,209,0,11,0.05,79.63
Caltanissetta,178,19/08/2020,0,209,0,11,0.05,79.63
Caltanissetta,179,20/08/2020,0,209,0,11,0.05,79.63
Caltanissetta,180,21/08/2020,8,217,0,11,0.05,82.68
Caltanissetta,181,22/08/2020,4,221,0,11,0.05,84.2
Caltanissetta,182,23/08/2020,0,221,0,11,0.05,84.2
Caltanissetta,183,24/08/2020,0,221,0,11,0.05,84.2
Caltanissetta,184,25/08/2020,1,222,0,11,0.05,84.58
Caltanissetta,185,26/08/2020,0,222,0,11,0.05,84.58
Caltanissetta,186,27/08/2020,0,222,0,11,0.05,84.58
Caltanissetta,187,28/08/2020,4,226,0,11,0.05,86.11
Caltanissetta,188,29/08/2020,0,226,0,11,0.05,86.11
Caltanissetta,189,30/08/2020,0,226,0,11,0.05,86.11
Caltanissetta,190,31/08/2020,2,228,0,11,0.05,86.87
Caltanissetta,191,01/09/2020,1,229,0,11,0.05,87.25
Caltanissetta,192,02/09/2020,0,229,0,11,0.05,87.25
Caltanissetta,193,03/09/2020,2,231,0,11,0.05,88.01
Caltanissetta,194,04/09/2020,0,231,0,11,0.05,88.01
Caltanissetta,195,05/09/2020,2,233,0,11,0.05,88.78
Caltanissetta,196,06/09/2020,0,233,0,11,0.05,88.78
Caltanissetta,197,07/09/2020,0,233,0,11,0.05,88.78
Caltanissetta,198,08/09/2020,0,233,0,11,0.05,88.78
Caltanissetta,199,09/09/2020,2,235,0,11,0.05,89.54
Caltanissetta,200,10/09/2020,2,237,0,11,0.05,90.3
Caltanissetta,201,11/09/2020,0,237,0,11,0.05,90.3
Caltanissetta,202,12/09/2020,3,240,0,11,0.05,91.44
Caltanissetta,203,13/09/2020,0,240,0,11,0.05,91.44
Caltanissetta,204,14/09/2020,0,240,0,11,0.05,91.44
Caltanissetta,205,15/09/2020,0,240,0,11,0.05,91.44
Caltanissetta,206,16/09/2020,1,241,0,11,0.05,91.82
Caltanissetta,207,17/09/2020,0,241,0,11,0.05,91.82
Caltanissetta,208,18/09/2020,2,243,0,11,0.04,92.59
Caltanissetta,209,19/09/2020,0,243,0,11,0.04,92.59
Caltanissetta,210,20/09/2020,2,245,0,11,0.04,93.35
Caltanissetta,211,21/09/2020,13,258,0,11,0.04,98.3
Caltanissetta,212,22/09/2020,1,259,0,11,0.04,98.68
Caltanissetta,213,23/09/2020,3,262,0,11,0.04,99.83
Caltanissetta,214,24/09/2020,5,267,0,11,0.04,101.73
Caltanissetta,215,25/09/2020,2,269,0,11,0.04,102.49
Caltanissetta,216,26/09/2020,3,272,0,11,0.04,103.64
Caltanissetta,217,27/09/2020,6,278,0,11,0.04,105.92
Caltanissetta,218,28/09/2020,11,289,0,11,0.04,110.11
Caltanissetta,219,29/09/2020,21,310,0,11,0.04,118.11
Caltanissetta,220,30/09/2020,0,310,0,11,0.04,118.11
Caltanissetta,221,01/10/2020,2,312,0,11,0.04,118.88
Caltanissetta,222,02/10/2020,10,322,0,11,0.03,122.69
Caltanissetta,223,03/10/2020,26,348,0,11,0.03,132.59
Caltanissetta,224,04/10/2020,3,351,0,11,0.03,133.74
Caltanissetta,225,05/10/2020,5,356,0,11,0.03,135.64
Caltanissetta,226,06/10/2020,15,371,0,11,0.03,141.36
Caltanissetta,227,07/10/2020,13,384,0,11,0.03,146.31
Caltanissetta,228,08/10/2020,4,388,0,11,0.03,147.83
Caltanissetta,229,09/10/2020,4,392,1,12,0.03,149.36
Caltanissetta,230,10/10/2020,12,404,0,12,0.03,153.93
Caltanissetta,231,11/10/2020,18,422,1,13,0.03,160.79
Caltanissetta,232,12/10/2020,8,430,1,14,0.03,163.84
Caltanissetta,233,13/10/2020,9,439,0,14,0.03,167.26
Caltanissetta,234,14/10/2020,20,459,0,14,0.03,174.89
Caltanissetta,235,15/10/2020,21,480,0,14,0.03,182.89
Caltanissetta,236,16/10/2020,26,506,1,15,0.03,192.79
Caltanissetta,237,17/10/2020,18,524,0,15,0.03,199.65
Caltanissetta,238,18/10/2020,16,540,1,16,0.03,205.75
Caltanissetta,239,19/10/2020,27,567,1,17,0.03,216.03
Caltanissetta,240,20/10/2020,16,583,0,17,0.03,222.13
Caltanissetta,241,21/10/2020,19,602,0,17,0.03,229.37
Caltanissetta,242,22/10/2020,28,630,0,17,0.03,240.04
Caltanissetta,243,23/10/2020,26,656,0,17,0.03,249.94
Caltanissetta,244,24/10/2020,7,663,0,17,0.03,252.61
Caltanissetta,245,25/10/2020,46,709,0,17,0.02,270.14
Caltanissetta,246,26/10/2020,9,718,0,17,0.02,273.57
Caltanissetta,247,27/10/2020,45,763,0,17,0.02,290.71
Caltanissetta,248,28/10/2020,9,772,0,17,0.02,294.14
Caltanissetta,249,29/10/2020,30,802,0,17,0.02,305.57
Caltanissetta,250,30/10/2020,26,828,0,17,0.02,315.48
Caltanissetta,251,31/10/2020,54,882,0,17,0.02,336.05
Caltanissetta,252,01/11/2020,45,927,0,17,0.02,353.2
Caltanissetta,253,02/11/2020,19,946,0,17,0.02,360.44
Caltanissetta,254,03/11/2020,96,1042,0,17,0.02,397.02
Caltanissetta,255,04/11/2020,27,1069,0,17,0.02,407.3
Caltanissetta,256,05/11/2020,23,1092,0,17,0.02,416.07
Caltanissetta,257,06/11/2020,47,1139,0,17,0.01,433.97
Caltanissetta,258,07/11/2020,53,1192,0,17,0.01,454.17
Caltanissetta,259,08/11/2020,92,1284,0,17,0.01,489.22
Caltanissetta,260,09/11/2020,0,1284,0,17,0.01,489.22
Caltanissetta,261,10/11/2020,102,1386,0,17,0.01,528.08
Caltanissetta,262,11/11/2020,60,1446,0,17,0.01,550.95
Caltanissetta,263,12/11/2020,63,1509,0,17,0.01,574.95
Caltanissetta,264,13/11/2020,87,1596,0,17,0.01,608.1
Caltanissetta,265,14/11/2020,92,1688,0,17,0.01,643.15
Caltanissetta,266,15/11/2020,60,1748,0,17,0.01,666.01
Caltanissetta,267,16/11/2020,79,1827,0,17,0.01,696.11
Caltanissetta,268,17/11/2020,67,1894,0,17,0.01,721.64
Caltanissetta,269,18/11/2020,72,1966,0,17,0.01,749.07
Caltanissetta,270,19/11/2020,74,2040,0,17,0.01,777.27
Caltanissetta,271,20/11/2020,63,2103,0,17,0.01,801.27
Caltanissetta,272,21/11/2020,70,2173,0,17,0.01,827.94
Caltanissetta,273,22/11/2020,102,2275,0,17,0.01,866.81
Caltanissetta,274,23/11/2020,44,2319,0,17,0.01,883.57
Caltanissetta,275,24/11/2020,63,2382,0,17,0.01,907.57
Caltanissetta,276,25/11/2020,43,2425,0,17,0.01,923.96
Caltanissetta,277,26/11/2020,80,2505,0,17,0.01,954.44
Caltanissetta,278,27/11/2020,52,2557,0,17,0.01,974.25
Caltanissetta,279,28/11/2020,25,2582,0,17,0.01,983.78
Caltanissetta,280,29/11/2020,25,2607,0,17,0.01,993.3
Caltanissetta,281,30/11/2020,43,2650,0,17,0.01,1009.69
Caltanissetta,282,01/12/2020,78,2728,0,17,0.01,1039.4
Caltanissetta,283,02/12/2020,52,2780,0,17,0.01,1059.22
Caltanissetta,284,03/12/2020,45,2825,0,17,0.01,1076.36
Caltanissetta,285,04/12/2020,87,2912,0,17,0.01,1109.51
Caltanissetta,286,05/12/2020,50,2962,0,17,0.01,1128.56
Caltanissetta,287,06/12/2020,29,2991,0,17,0.01,1139.61
Caltanissetta,288,07/12/2020,13,3004,0,17,0.01,1144.56
Caltanissetta,289,08/12/2020,49,3053,0,17,0.01,1163.23
Caltanissetta,290,09/12/2020,37,3090,0,17,0.01,1177.33
Caltanissetta,291,10/12/2020,25,3115,0,17,0,1186.86
Caltanissetta,292,11/12/2020,21,3136,0,17,0,1194.86
Caltanissetta,293,12/12/2020,22,3158,0,17,0,1203.24
Caltanissetta,294,13/12/2020,33,3191,0,17,0,1215.81
Caltanissetta,295,14/12/2020,27,3218,0,17,0,1226.1
Caltanissetta,296,15/12/2020,21,3239,0,17,0,1234.1
Caltanissetta,297,16/12/2020,30,3269,0,17,0,1245.53
