Province,Day,Date,New_cases,Curr_pos_cases,Deaths,Tot_deaths,Lethality_rate,Cumul_rates
Catania,1,24/02/2020,0,0,0,0,0,0
Catania,2,25/02/2020,0,0,0,0,0,0
Catania,3,26/02/2020,0,0,0,0,0,0
Catania,4,27/02/2020,1,1,0,0,0,0.09
Catania,5,28/02/2020,0,1,0,0,0,0.09
Catania,6,29/02/2020,0,1,0,0,0,0.09
Catania,7,01/03/2020,0,1,0,0,0,0.09
Catania,8,02/03/2020,0,1,0,0,0,0.09
Catania,9,03/03/2020,0,1,0,0,0,0.09
Catania,10,04/03/2020,0,1,0,0,0,0.09
Catania,11,05/03/2020,0,1,0,0,0,0.09
Catania,12,06/03/2020,14,15,0,0,0,1.35
Catania,13,07/03/2020,8,23,0,0,0,2.08
Catania,14,08/03/2020,0,23,0,0,0,2.08
Catania,15,09/03/2020,0,23,0,0,0,2.08
Catania,16,10/03/2020,12,35,0,0,0,3.16
Catania,17,11/03/2020,6,41,0,0,0,3.7
Catania,18,12/03/2020,8,49,0,0,0,4.42
Catania,19,13/03/2020,0,49,0,0,0,4.42
Catania,20,14/03/2020,0,49,0,0,0,4.42
Catania,21,15/03/2020,42,91,0,0,0,8.22
Catania,22,16/03/2020,5,96,0,0,0,8.67
Catania,23,17/03/2020,12,108,1,1,0.01,9.75
Catania,24,18/03/2020,23,131,0,1,0.01,11.83
Catania,25,19/03/2020,20,151,0,1,0.01,13.63
Catania,26,20/03/2020,11,162,0,1,0.01,14.62
Catania,27,21/03/2020,27,189,1,2,0.01,17.06
Catania,28,22/03/2020,45,234,1,3,0.01,21.12
Catania,29,23/03/2020,40,274,2,5,0.02,24.74
Catania,30,24/03/2020,12,286,3,8,0.03,25.82
Catania,31,25/03/2020,22,308,5,13,0.04,27.81
Catania,32,26/03/2020,38,346,3,16,0.05,31.24
Catania,33,27/03/2020,19,365,2,18,0.05,32.95
Catania,34,28/03/2020,22,387,3,21,0.05,34.94
Catania,35,29/03/2020,20,407,2,23,0.06,36.74
Catania,36,30/03/2020,41,448,4,27,0.06,40.44
Catania,37,31/03/2020,50,498,2,29,0.06,44.96
Catania,38,01/04/2020,12,510,4,33,0.06,46.04
Catania,39,02/04/2020,34,544,4,37,0.07,49.11
Catania,40,03/04/2020,15,559,1,38,0.07,50.46
Catania,41,04/04/2020,10,569,4,42,0.07,51.37
Catania,42,05/04/2020,25,594,4,46,0.08,53.62
Catania,43,06/04/2020,20,614,3,49,0.08,55.43
Catania,44,07/04/2020,16,630,2,51,0.08,56.87
Catania,45,08/04/2020,16,646,3,54,0.08,58.32
Catania,46,09/04/2020,16,662,1,55,0.08,59.76
Catania,47,10/04/2020,10,672,0,55,0.08,60.67
Catania,48,11/04/2020,6,678,0,55,0.08,61.21
Catania,49,12/04/2020,11,689,4,59,0.09,62.2
Catania,50,13/04/2020,15,704,2,61,0.09,63.55
Catania,51,14/04/2020,11,715,2,63,0.09,64.55
Catania,52,15/04/2020,10,725,2,65,0.09,65.45
Catania,53,16/04/2020,10,735,0,65,0.09,66.35
Catania,54,17/04/2020,10,745,0,65,0.09,67.26
Catania,55,18/04/2020,13,758,3,68,0.09,68.43
Catania,56,19/04/2020,25,783,2,70,0.09,70.69
Catania,57,20/04/2020,25,808,1,71,0.09,72.94
Catania,58,21/04/2020,43,851,2,73,0.09,76.83
Catania,59,22/04/2020,35,886,0,73,0.08,79.99
Catania,60,23/04/2020,19,905,3,76,0.08,81.7
Catania,61,24/04/2020,21,926,1,77,0.08,83.6
Catania,62,25/04/2020,17,943,1,78,0.08,85.13
Catania,63,26/04/2020,10,953,1,79,0.08,86.03
Catania,64,27/04/2020,8,961,1,80,0.08,86.76
Catania,65,28/04/2020,10,971,1,81,0.08,87.66
Catania,66,29/04/2020,0,971,0,81,0.08,87.66
Catania,67,30/04/2020,2,973,2,83,0.09,87.84
Catania,68,01/05/2020,8,981,1,84,0.09,88.56
Catania,69,02/05/2020,9,990,2,86,0.09,89.37
Catania,70,03/05/2020,12,1002,0,86,0.09,90.46
Catania,71,04/05/2020,7,1009,2,88,0.09,91.09
Catania,72,05/05/2020,3,1012,0,88,0.09,91.36
Catania,73,06/05/2020,9,1021,2,90,0.09,92.17
Catania,74,07/05/2020,6,1027,0,90,0.09,92.71
Catania,75,08/05/2020,5,1032,1,91,0.09,93.17
Catania,76,09/05/2020,3,1035,2,93,0.09,93.44
Catania,77,10/05/2020,2,1037,0,93,0.09,93.62
Catania,78,11/05/2020,9,1046,1,94,0.09,94.43
Catania,79,12/05/2020,1,1047,1,95,0.09,94.52
Catania,80,13/05/2020,0,1047,0,95,0.09,94.52
Catania,81,14/05/2020,10,1057,0,95,0.09,95.42
Catania,82,15/05/2020,2,1059,0,95,0.09,95.6
Catania,83,16/05/2020,2,1061,0,95,0.09,95.78
Catania,84,17/05/2020,0,1061,1,96,0.09,95.78
Catania,85,18/05/2020,0,1061,0,96,0.09,95.78
Catania,86,19/05/2020,1,1062,1,97,0.09,95.87
Catania,87,20/05/2020,1,1063,0,97,0.09,95.96
Catania,88,21/05/2020,0,1063,0,97,0.09,95.96
Catania,89,22/05/2020,4,1067,0,97,0.09,96.33
Catania,90,23/05/2020,0,1067,1,98,0.09,96.33
Catania,91,24/05/2020,1,1068,0,98,0.09,96.42
Catania,92,25/05/2020,2,1070,0,98,0.09,96.6
Catania,93,26/05/2020,1,1071,0,98,0.09,96.69
Catania,94,27/05/2020,1,1072,0,98,0.09,96.78
Catania,95,28/05/2020,0,1072,0,98,0.09,96.78
Catania,96,29/05/2020,0,1072,0,98,0.09,96.78
Catania,97,30/05/2020,0,1072,1,99,0.09,96.78
Catania,98,31/05/2020,0,1072,0,99,0.09,96.78
Catania,99,01/06/2020,0,1072,0,99,0.09,96.78
Catania,100,02/06/2020,0,1072,1,100,0.09,96.78
Catania,101,03/06/2020,0,1072,0,100,0.09,96.78
Catania,102,04/06/2020,0,1072,0,100,0.09,96.78
Catania,103,05/06/2020,0,1072,0,100,0.09,96.78
Catania,104,06/06/2020,1,1073,0,100,0.09,96.87
Catania,105,07/06/2020,0,1073,0,100,0.09,96.87
Catania,106,08/06/2020,1,1074,0,100,0.09,96.96
Catania,107,09/06/2020,1,1075,0,100,0.09,97.05
Catania,108,10/06/2020,1,1076,0,100,0.09,97.14
Catania,109,11/06/2020,0,1076,0,100,0.09,97.14
Catania,110,12/06/2020,0,1076,0,100,0.09,97.14
Catania,111,13/06/2020,0,1076,0,100,0.09,97.14
Catania,112,14/06/2020,0,1076,0,100,0.09,97.14
Catania,113,15/06/2020,1,1077,1,101,0.09,97.23
Catania,114,16/06/2020,0,1077,0,101,0.09,97.23
Catania,115,17/06/2020,0,1077,0,101,0.09,97.23
Catania,116,18/06/2020,1,1078,0,101,0.09,97.32
Catania,117,19/06/2020,-301,777,0,101,0.13,70.15
Catania,118,20/06/2020,0,777,0,101,0.13,70.15
Catania,119,21/06/2020,0,777,0,101,0.13,70.15
Catania,120,22/06/2020,0,777,0,101,0.13,70.15
Catania,121,23/06/2020,0,777,0,101,0.13,70.15
Catania,122,24/06/2020,0,777,0,101,0.13,70.15
Catania,123,25/06/2020,0,777,0,101,0.13,70.15
Catania,124,26/06/2020,0,777,0,101,0.13,70.15
Catania,125,27/06/2020,0,777,0,101,0.13,70.15
Catania,126,28/06/2020,0,777,0,101,0.13,70.15
Catania,127,29/06/2020,0,777,0,101,0.13,70.15
Catania,128,30/06/2020,2,779,0,101,0.13,70.33
Catania,129,01/07/2020,0,779,0,101,0.13,70.33
Catania,130,02/07/2020,0,779,0,101,0.13,70.33
Catania,131,03/07/2020,0,779,0,101,0.13,70.33
Catania,132,04/07/2020,0,779,0,101,0.13,70.33
Catania,133,05/07/2020,0,779,0,101,0.13,70.33
Catania,134,06/07/2020,0,779,0,101,0.13,70.33
Catania,135,07/07/2020,0,779,0,101,0.13,70.33
Catania,136,08/07/2020,0,779,0,101,0.13,70.33
Catania,137,09/07/2020,0,779,0,101,0.13,70.33
Catania,138,10/07/2020,0,779,0,101,0.13,70.33
Catania,139,11/07/2020,1,780,0,101,0.13,70.42
Catania,140,12/07/2020,0,780,0,101,0.13,70.42
Catania,141,13/07/2020,0,780,0,101,0.13,70.42
Catania,142,14/07/2020,4,784,0,101,0.13,70.78
Catania,143,15/07/2020,0,784,0,101,0.13,70.78
Catania,144,16/07/2020,1,785,0,101,0.13,70.87
Catania,145,17/07/2020,3,788,0,101,0.13,71.14
Catania,146,18/07/2020,1,789,0,101,0.13,71.23
Catania,147,19/07/2020,2,791,0,101,0.13,71.41
Catania,148,20/07/2020,1,792,0,101,0.13,71.5
Catania,149,21/07/2020,1,793,0,101,0.13,71.59
Catania,150,22/07/2020,6,799,0,101,0.13,72.13
Catania,151,23/07/2020,4,803,0,101,0.13,72.49
Catania,152,24/07/2020,2,805,0,101,0.12,72.67
Catania,153,25/07/2020,9,814,0,101,0.12,73.49
Catania,154,26/07/2020,7,821,0,101,0.12,74.12
Catania,155,27/07/2020,3,824,0,101,0.12,74.39
Catania,156,28/07/2020,5,829,0,101,0.12,74.84
Catania,157,29/07/2020,7,836,0,101,0.12,75.47
Catania,158,30/07/2020,6,842,0,101,0.12,76.01
Catania,159,31/07/2020,3,845,0,101,0.12,76.28
Catania,160,01/08/2020,2,847,0,101,0.12,76.46
Catania,161,02/08/2020,6,853,0,101,0.12,77.01
Catania,162,03/08/2020,2,855,0,101,0.12,77.19
Catania,163,04/08/2020,5,860,0,101,0.12,77.64
Catania,164,05/08/2020,2,862,0,101,0.12,77.82
Catania,165,06/08/2020,16,878,0,101,0.12,79.26
Catania,166,07/08/2020,6,884,0,101,0.11,79.8
Catania,167,08/08/2020,10,894,0,101,0.11,80.71
Catania,168,09/08/2020,9,903,0,101,0.11,81.52
Catania,169,10/08/2020,9,912,0,101,0.11,82.33
Catania,170,11/08/2020,5,917,0,101,0.11,82.78
Catania,171,12/08/2020,10,927,0,101,0.11,83.69
Catania,172,13/08/2020,4,931,0,101,0.11,84.05
Catania,173,14/08/2020,5,936,0,101,0.11,84.5
Catania,174,15/08/2020,5,941,0,101,0.11,84.95
Catania,175,16/08/2020,12,953,1,102,0.11,86.03
Catania,176,17/08/2020,3,956,1,103,0.11,86.3
Catania,177,18/08/2020,7,960,0,103,0.11,86.67
Catania,178,19/08/2020,23,983,0,103,0.1,88.74
Catania,179,20/08/2020,7,990,0,103,0.1,89.37
Catania,180,21/08/2020,16,1006,0,103,0.1,90.82
Catania,181,22/08/2020,3,1009,0,103,0.1,91.09
Catania,182,23/08/2020,8,1017,0,103,0.1,91.81
Catania,183,24/08/2020,3,1020,0,103,0.1,92.08
Catania,184,25/08/2020,10,1030,0,103,0.1,92.99
Catania,185,26/08/2020,12,1042,0,103,0.1,94.07
Catania,186,27/08/2020,16,1058,0,103,0.1,95.51
Catania,187,28/08/2020,12,1070,0,103,0.1,96.6
Catania,188,29/08/2020,3,1073,0,103,0.1,96.87
Catania,189,30/08/2020,12,1085,0,103,0.1,97.95
Catania,190,31/08/2020,7,1092,0,103,0.09,98.58
Catania,191,01/09/2020,6,1098,0,103,0.09,99.12
Catania,192,02/09/2020,0,1098,0,103,0.09,99.12
Catania,193,03/09/2020,17,1115,0,103,0.09,100.66
Catania,194,04/09/2020,21,1136,0,103,0.09,102.55
Catania,195,05/09/2020,14,1150,0,103,0.09,103.82
Catania,196,06/09/2020,5,1155,0,103,0.09,104.27
Catania,197,07/09/2020,12,1167,0,103,0.09,105.35
Catania,198,08/09/2020,14,1181,0,103,0.09,106.62
Catania,199,09/09/2020,14,1195,0,103,0.09,107.88
Catania,200,10/09/2020,22,1217,0,103,0.09,109.87
Catania,201,11/09/2020,12,1229,0,103,0.08,110.95
Catania,202,12/09/2020,8,1237,0,103,0.08,111.67
Catania,203,13/09/2020,26,1263,0,103,0.08,114.02
Catania,204,14/09/2020,11,1274,0,103,0.08,115.01
Catania,205,15/09/2020,20,1294,0,103,0.08,116.82
Catania,206,16/09/2020,35,1329,0,103,0.08,119.98
Catania,207,17/09/2020,15,1344,0,103,0.08,121.33
Catania,208,18/09/2020,15,1359,0,103,0.08,122.69
Catania,209,19/09/2020,21,1380,0,103,0.07,124.58
Catania,210,20/09/2020,15,1395,0,103,0.07,125.94
Catania,211,21/09/2020,6,1401,0,103,0.07,126.48
Catania,212,22/09/2020,13,1414,0,103,0.07,127.65
Catania,213,23/09/2020,16,1430,0,103,0.07,129.1
Catania,214,24/09/2020,31,1461,0,103,0.07,131.89
Catania,215,25/09/2020,24,1485,2,105,0.07,134.06
Catania,216,26/09/2020,24,1509,0,105,0.07,136.23
Catania,217,27/09/2020,14,1523,0,105,0.07,137.49
Catania,218,28/09/2020,12,1535,0,105,0.07,138.58
Catania,219,29/09/2020,41,1576,-2,103,0.06,142.28
Catania,220,30/09/2020,0,1576,0,103,0.06,142.28
Catania,221,01/10/2020,20,1596,0,103,0.06,144.08
Catania,222,02/10/2020,36,1632,0,103,0.06,147.33
Catania,223,03/10/2020,42,1674,1,104,0.06,151.12
Catania,224,04/10/2020,32,1706,0,104,0.06,154.01
Catania,225,05/10/2020,31,1737,0,104,0.06,156.81
Catania,226,06/10/2020,51,1788,0,104,0.06,161.42
Catania,227,07/10/2020,89,1877,2,106,0.06,169.45
Catania,228,08/10/2020,66,1943,2,108,0.06,175.41
Catania,229,09/10/2020,77,2020,0,108,0.05,182.36
Catania,230,10/10/2020,70,2090,0,108,0.05,188.68
Catania,231,11/10/2020,85,2175,0,108,0.05,196.35
Catania,232,12/10/2020,71,2246,1,109,0.05,202.76
Catania,233,13/10/2020,93,2339,1,110,0.05,211.16
Catania,234,14/10/2020,117,2456,0,110,0.04,221.72
Catania,235,15/10/2020,126,2582,0,110,0.04,233.1
Catania,236,16/10/2020,154,2736,1,111,0.04,247
Catania,237,17/10/2020,151,2887,0,111,0.04,260.63
Catania,238,18/10/2020,199,3086,0,111,0.04,278.59
Catania,239,19/10/2020,85,3171,1,112,0.04,286.27
Catania,240,20/10/2020,202,3373,0,112,0.03,304.5
Catania,241,21/10/2020,170,3543,2,114,0.03,319.85
Catania,242,22/10/2020,211,3754,0,114,0.03,338.9
Catania,243,23/10/2020,188,3942,0,114,0.03,355.87
Catania,244,24/10/2020,276,4218,0,114,0.03,380.79
Catania,245,25/10/2020,227,4445,0,114,0.03,401.28
Catania,246,26/10/2020,121,4566,0,114,0.03,412.2
Catania,247,27/10/2020,197,4763,0,114,0.02,429.99
Catania,248,28/10/2020,173,4936,0,114,0.02,445.61
Catania,249,29/10/2020,242,5178,0,114,0.02,467.45
Catania,250,30/10/2020,269,5447,0,114,0.02,491.74
Catania,251,31/10/2020,108,5555,0,114,0.02,501.49
Catania,252,01/11/2020,316,5871,0,114,0.02,530.02
Catania,253,02/11/2020,258,6129,0,114,0.02,553.31
Catania,254,03/11/2020,299,6428,0,114,0.02,580.3
Catania,255,04/11/2020,324,6752,0,114,0.02,609.55
Catania,256,05/11/2020,292,7044,0,114,0.02,635.91
Catania,257,06/11/2020,292,7336,0,114,0.02,662.27
Catania,258,07/11/2020,406,7742,0,114,0.01,698.92
Catania,259,08/11/2020,239,7981,0,114,0.01,720.5
Catania,260,09/11/2020,359,8340,0,114,0.01,752.91
Catania,261,10/11/2020,308,8648,0,114,0.01,780.72
Catania,262,11/11/2020,131,8779,0,114,0.01,792.54
Catania,263,12/11/2020,373,9152,0,114,0.01,826.21
Catania,264,13/11/2020,589,9741,0,114,0.01,879.39
Catania,265,14/11/2020,359,10100,0,114,0.01,911.8
Catania,266,15/11/2020,482,10582,0,114,0.01,955.31
Catania,267,16/11/2020,328,10910,0,114,0.01,984.92
Catania,268,17/11/2020,456,11366,0,114,0.01,1026.09
Catania,269,18/11/2020,426,11792,0,114,0.01,1064.55
Catania,270,19/11/2020,441,12233,0,114,0.01,1104.36
Catania,271,20/11/2020,404,12637,0,114,0.01,1140.83
Catania,272,21/11/2020,625,13262,0,114,0.01,1197.25
Catania,273,22/11/2020,427,13689,0,114,0.01,1235.8
Catania,274,23/11/2020,434,14123,0,114,0.01,1274.98
Catania,275,24/11/2020,342,14465,0,114,0.01,1305.86
Catania,276,25/11/2020,330,14795,0,114,0.01,1335.65
Catania,277,26/11/2020,502,15297,0,114,0.01,1380.97
Catania,278,27/11/2020,332,15629,0,114,0.01,1410.94
Catania,279,28/11/2020,315,15944,0,114,0.01,1439.38
Catania,280,29/11/2020,364,16308,0,114,0.01,1472.24
Catania,281,30/11/2020,503,16811,0,114,0.01,1517.65
Catania,282,01/12/2020,614,17425,0,114,0.01,1573.08
Catania,283,02/12/2020,621,18046,0,114,0.01,1629.14
Catania,284,03/12/2020,663,18709,0,114,0.01,1688.99
Catania,285,04/12/2020,551,19260,0,114,0.01,1738.73
Catania,286,05/12/2020,488,19748,0,114,0.01,1782.79
Catania,287,06/12/2020,413,20161,0,114,0.01,1820.07
Catania,288,07/12/2020,448,20609,0,114,0.01,1860.52
Catania,289,08/12/2020,440,21049,0,114,0,1900.24
Catania,290,09/12/2020,347,21396,0,114,0,1931.57
Catania,291,10/12/2020,424,21820,0,114,0,1969.84
Catania,292,11/12/2020,450,22270,0,114,0,2010.47
Catania,293,12/12/2020,402,22672,0,114,0,2046.76
Catania,294,13/12/2020,328,23000,0,114,0,2076.37
Catania,295,14/12/2020,373,23373,0,114,0,2110.04
Catania,296,15/12/2020,403,23776,0,114,0,2146.43
Catania,297,16/12/2020,297,24073,0,114,0,2173.24
