Province,Day,Date,New_cases,Curr_pos_cases,Deaths,Tot_deaths,Lethality_rate,Cumul_rates
Messina,1,24/02/2020,0,0,0,0,0,0
Messina,2,25/02/2020,0,0,0,0,0,0
Messina,3,26/02/2020,0,0,0,0,0,0
Messina,4,27/02/2020,0,0,0,0,0,0
Messina,5,28/02/2020,0,0,0,0,0,0
Messina,6,29/02/2020,0,0,0,0,0,0
Messina,7,01/03/2020,0,0,0,0,0,0
Messina,8,02/03/2020,0,0,0,0,0,0
Messina,9,03/03/2020,0,0,0,0,0,0
Messina,10,04/03/2020,0,0,0,0,0,0
Messina,11,05/03/2020,0,0,0,0,0,0
Messina,12,06/03/2020,0,0,0,0,0,0
Messina,13,07/03/2020,2,2,0,0,0,0.32
Messina,14,08/03/2020,0,2,0,0,0,0.32
Messina,15,09/03/2020,0,2,0,0,0,0.32
Messina,16,10/03/2020,0,2,0,0,0,0.32
Messina,17,11/03/2020,2,4,0,0,0,0.64
Messina,18,12/03/2020,5,9,0,0,0,1.44
Messina,19,13/03/2020,0,9,0,0,0,1.44
Messina,20,14/03/2020,0,9,0,0,0,1.44
Messina,21,15/03/2020,1,10,0,0,0,1.6
Messina,22,16/03/2020,1,11,0,0,0,1.75
Messina,23,17/03/2020,5,16,0,0,0,2.55
Messina,24,18/03/2020,0,16,0,0,0,2.55
Messina,25,19/03/2020,0,16,0,0,0,2.55
Messina,26,20/03/2020,23,39,0,0,0,6.22
Messina,27,21/03/2020,31,70,0,0,0,11.17
Messina,28,22/03/2020,42,112,0,0,0,17.87
Messina,29,23/03/2020,8,120,0,0,0,19.14
Messina,30,24/03/2020,19,139,1,1,0.01,22.17
Messina,31,25/03/2020,35,174,0,1,0.01,27.76
Messina,32,26/03/2020,47,221,3,4,0.02,35.25
Messina,33,27/03/2020,6,227,2,6,0.03,36.21
Messina,34,28/03/2020,52,279,8,14,0.05,44.51
Messina,35,29/03/2020,10,289,1,15,0.05,46.1
Messina,36,30/03/2020,16,305,2,17,0.06,48.65
Messina,37,31/03/2020,6,311,1,18,0.06,49.61
Messina,38,01/04/2020,8,319,1,19,0.06,50.89
Messina,39,02/04/2020,4,323,1,20,0.06,51.53
Messina,40,03/04/2020,14,337,3,23,0.07,53.76
Messina,41,04/04/2020,7,344,1,24,0.07,54.88
Messina,42,05/04/2020,9,353,0,24,0.07,56.31
Messina,43,06/04/2020,9,362,1,25,0.07,57.75
Messina,44,07/04/2020,8,370,0,25,0.07,59.02
Messina,45,08/04/2020,6,376,1,26,0.07,59.98
Messina,46,09/04/2020,23,399,3,29,0.07,63.65
Messina,47,10/04/2020,13,412,3,32,0.08,65.72
Messina,48,11/04/2020,10,422,2,34,0.08,67.32
Messina,49,12/04/2020,7,429,1,35,0.08,68.43
Messina,50,13/04/2020,7,436,0,35,0.08,69.55
Messina,51,14/04/2020,3,439,1,36,0.08,70.03
Messina,52,15/04/2020,10,449,1,37,0.08,71.63
Messina,53,16/04/2020,7,456,1,38,0.08,72.74
Messina,54,17/04/2020,11,467,0,38,0.08,74.5
Messina,55,18/04/2020,14,481,2,40,0.08,76.73
Messina,56,19/04/2020,8,489,1,41,0.08,78.01
Messina,57,20/04/2020,8,497,0,41,0.08,79.28
Messina,58,21/04/2020,16,513,1,42,0.08,81.83
Messina,59,22/04/2020,2,515,1,43,0.08,82.15
Messina,60,23/04/2020,4,519,1,44,0.09,82.79
Messina,61,24/04/2020,6,525,1,45,0.09,83.75
Messina,62,25/04/2020,5,530,0,45,0.09,84.55
Messina,63,26/04/2020,3,533,2,47,0.09,85.02
Messina,64,27/04/2020,0,533,1,48,0.09,85.02
Messina,65,28/04/2020,0,533,0,48,0.09,85.02
Messina,66,29/04/2020,0,533,0,48,0.09,85.02
Messina,67,30/04/2020,5,538,1,49,0.09,85.82
Messina,68,01/05/2020,10,548,0,49,0.09,87.42
Messina,69,02/05/2020,1,549,1,50,0.09,87.58
Messina,70,03/05/2020,1,550,1,51,0.09,87.74
Messina,71,04/05/2020,0,550,0,51,0.09,87.74
Messina,72,05/05/2020,1,551,1,52,0.09,87.9
Messina,73,06/05/2020,1,552,0,52,0.09,88.06
Messina,74,07/05/2020,0,552,0,52,0.09,88.06
Messina,75,08/05/2020,0,552,0,52,0.09,88.06
Messina,76,09/05/2020,1,553,0,52,0.09,88.22
Messina,77,10/05/2020,4,557,0,52,0.09,88.85
Messina,78,11/05/2020,0,557,0,52,0.09,88.85
Messina,79,12/05/2020,1,558,1,53,0.1,89.01
Messina,80,13/05/2020,0,558,1,54,0.1,89.01
Messina,81,14/05/2020,0,558,1,55,0.1,89.01
Messina,82,15/05/2020,0,558,0,55,0.1,89.01
Messina,83,16/05/2020,2,560,1,56,0.1,89.33
Messina,84,17/05/2020,0,560,0,56,0.1,89.33
Messina,85,18/05/2020,0,560,0,56,0.1,89.33
Messina,86,19/05/2020,0,560,0,56,0.1,89.33
Messina,87,20/05/2020,2,562,0,56,0.1,89.65
Messina,88,21/05/2020,0,562,0,56,0.1,89.65
Messina,89,22/05/2020,0,562,0,56,0.1,89.65
Messina,90,23/05/2020,0,562,0,56,0.1,89.65
Messina,91,24/05/2020,1,563,0,56,0.1,89.81
Messina,92,25/05/2020,0,563,0,56,0.1,89.81
Messina,93,26/05/2020,1,564,1,57,0.1,89.97
Messina,94,27/05/2020,0,564,0,57,0.1,89.97
Messina,95,28/05/2020,1,565,0,57,0.1,90.13
Messina,96,29/05/2020,0,565,0,57,0.1,90.13
Messina,97,30/05/2020,0,565,0,57,0.1,90.13
Messina,98,31/05/2020,0,565,0,57,0.1,90.13
Messina,99,01/06/2020,0,565,0,57,0.1,90.13
Messina,100,02/06/2020,0,565,0,57,0.1,90.13
Messina,101,03/06/2020,0,565,0,57,0.1,90.13
Messina,102,04/06/2020,0,565,0,57,0.1,90.13
Messina,103,05/06/2020,0,565,0,57,0.1,90.13
Messina,104,06/06/2020,0,565,0,57,0.1,90.13
Messina,105,07/06/2020,0,565,1,58,0.1,90.13
Messina,106,08/06/2020,0,565,1,59,0.1,90.13
Messina,107,09/06/2020,0,565,0,59,0.1,90.13
Messina,108,10/06/2020,0,565,0,59,0.1,90.13
Messina,109,11/06/2020,0,565,0,59,0.1,90.13
Messina,110,12/06/2020,0,565,0,59,0.1,90.13
Messina,111,13/06/2020,0,565,0,59,0.1,90.13
Messina,112,14/06/2020,0,565,0,59,0.1,90.13
Messina,113,15/06/2020,0,565,0,59,0.1,90.13
Messina,114,16/06/2020,0,565,0,59,0.1,90.13
Messina,115,17/06/2020,1,566,0,59,0.1,90.29
Messina,116,18/06/2020,0,566,0,59,0.1,90.29
Messina,117,19/06/2020,-96,470,0,59,0.13,74.97
Messina,118,20/06/2020,0,470,0,59,0.13,74.97
Messina,119,21/06/2020,2,472,0,59,0.12,75.29
Messina,120,22/06/2020,0,472,0,59,0.12,75.29
Messina,121,23/06/2020,0,472,0,59,0.12,75.29
Messina,122,24/06/2020,0,472,0,59,0.12,75.29
Messina,123,25/06/2020,1,473,0,59,0.12,75.45
Messina,124,26/06/2020,0,473,0,59,0.12,75.45
Messina,125,27/06/2020,0,473,0,59,0.12,75.45
Messina,126,28/06/2020,0,473,0,59,0.12,75.45
Messina,127,29/06/2020,1,474,0,59,0.12,75.61
Messina,128,30/06/2020,0,474,0,59,0.12,75.61
Messina,129,01/07/2020,0,474,0,59,0.12,75.61
Messina,130,02/07/2020,0,474,0,59,0.12,75.61
Messina,131,03/07/2020,0,474,0,59,0.12,75.61
Messina,132,04/07/2020,0,474,0,59,0.12,75.61
Messina,133,05/07/2020,0,474,0,59,0.12,75.61
Messina,134,06/07/2020,0,474,0,59,0.12,75.61
Messina,135,07/07/2020,0,474,0,59,0.12,75.61
Messina,136,08/07/2020,0,474,0,59,0.12,75.61
Messina,137,09/07/2020,0,474,0,59,0.12,75.61
Messina,138,10/07/2020,0,474,0,59,0.12,75.61
Messina,139,11/07/2020,0,474,0,59,0.12,75.61
Messina,140,12/07/2020,0,474,0,59,0.12,75.61
Messina,141,13/07/2020,0,474,0,59,0.12,75.61
Messina,142,14/07/2020,0,474,0,59,0.12,75.61
Messina,143,15/07/2020,0,474,0,59,0.12,75.61
Messina,144,16/07/2020,0,474,0,59,0.12,75.61
Messina,145,17/07/2020,0,474,0,59,0.12,75.61
Messina,146,18/07/2020,0,474,0,59,0.12,75.61
Messina,147,19/07/2020,0,474,0,59,0.12,75.61
Messina,148,20/07/2020,1,475,0,59,0.12,75.77
Messina,149,21/07/2020,0,475,0,59,0.12,75.77
Messina,150,22/07/2020,0,475,0,59,0.12,75.77
Messina,151,23/07/2020,0,475,0,59,0.12,75.77
Messina,152,24/07/2020,5,480,0,59,0.12,76.57
Messina,153,25/07/2020,1,481,0,59,0.12,76.73
Messina,154,26/07/2020,2,483,0,59,0.12,77.05
Messina,155,27/07/2020,0,483,0,59,0.12,77.05
Messina,156,28/07/2020,4,487,0,59,0.12,77.69
Messina,157,29/07/2020,4,491,0,59,0.12,78.32
Messina,158,30/07/2020,2,493,0,59,0.12,78.64
Messina,159,31/07/2020,1,494,0,59,0.12,78.8
Messina,160,01/08/2020,1,495,0,59,0.12,78.96
Messina,161,02/08/2020,0,495,0,59,0.12,78.96
Messina,162,03/08/2020,0,495,0,59,0.12,78.96
Messina,163,04/08/2020,1,496,0,59,0.12,79.12
Messina,164,05/08/2020,5,501,0,59,0.12,79.92
Messina,165,06/08/2020,6,507,0,59,0.12,80.88
Messina,166,07/08/2020,3,510,0,59,0.12,81.36
Messina,167,08/08/2020,1,511,0,59,0.12,81.52
Messina,168,09/08/2020,0,511,0,59,0.12,81.52
Messina,169,10/08/2020,1,512,0,59,0.12,81.67
Messina,170,11/08/2020,0,512,0,59,0.12,81.67
Messina,171,12/08/2020,0,512,0,59,0.12,81.67
Messina,172,13/08/2020,4,516,0,59,0.11,82.31
Messina,173,14/08/2020,3,519,0,59,0.11,82.79
Messina,174,15/08/2020,1,520,0,59,0.11,82.95
Messina,175,16/08/2020,1,521,0,59,0.11,83.11
Messina,176,17/08/2020,5,526,0,59,0.11,83.91
Messina,177,18/08/2020,3,529,0,59,0.11,84.39
Messina,178,19/08/2020,2,531,0,59,0.11,84.71
Messina,179,20/08/2020,7,538,0,59,0.11,85.82
Messina,180,21/08/2020,1,539,0,59,0.11,85.98
Messina,181,22/08/2020,11,550,0,59,0.11,87.74
Messina,182,23/08/2020,8,558,0,59,0.11,89.01
Messina,183,24/08/2020,1,559,0,59,0.11,89.17
Messina,184,25/08/2020,5,564,0,59,0.1,89.97
Messina,185,26/08/2020,4,568,0,59,0.1,90.61
Messina,186,27/08/2020,7,575,0,59,0.1,91.72
Messina,187,28/08/2020,10,585,0,59,0.1,93.32
Messina,188,29/08/2020,5,590,0,59,0.1,94.12
Messina,189,30/08/2020,3,593,0,59,0.1,94.6
Messina,190,31/08/2020,1,594,0,59,0.1,94.76
Messina,191,01/09/2020,2,596,0,59,0.1,95.07
Messina,192,02/09/2020,0,596,0,59,0.1,95.07
Messina,193,03/09/2020,23,619,0,59,0.1,98.74
Messina,194,04/09/2020,12,631,0,59,0.09,100.66
Messina,195,05/09/2020,11,642,0,59,0.09,102.41
Messina,196,06/09/2020,3,645,0,59,0.09,102.89
Messina,197,07/09/2020,6,651,0,59,0.09,103.85
Messina,198,08/09/2020,4,655,0,59,0.09,104.49
Messina,199,09/09/2020,15,670,0,59,0.09,106.88
Messina,200,10/09/2020,5,675,0,59,0.09,107.68
Messina,201,11/09/2020,5,680,0,59,0.09,108.47
Messina,202,12/09/2020,0,680,0,59,0.09,108.47
Messina,203,13/09/2020,0,680,1,60,0.09,108.47
Messina,204,14/09/2020,0,680,-1,59,0.09,108.47
Messina,205,15/09/2020,2,682,0,59,0.09,108.79
Messina,206,16/09/2020,4,686,0,59,0.09,109.43
Messina,207,17/09/2020,8,694,0,59,0.09,110.71
Messina,208,18/09/2020,4,698,0,59,0.09,111.35
Messina,209,19/09/2020,9,707,0,59,0.08,112.78
Messina,210,20/09/2020,3,710,0,59,0.08,113.26
Messina,211,21/09/2020,5,715,0,59,0.08,114.06
Messina,212,22/09/2020,3,718,0,59,0.08,114.54
Messina,213,23/09/2020,1,719,0,59,0.08,114.7
Messina,214,24/09/2020,6,725,0,59,0.08,115.65
Messina,215,25/09/2020,2,727,0,59,0.08,115.97
Messina,216,26/09/2020,2,729,0,59,0.08,116.29
Messina,217,27/09/2020,6,735,1,60,0.08,117.25
Messina,218,28/09/2020,1,736,1,61,0.08,117.41
Messina,219,29/09/2020,12,748,-2,59,0.08,119.32
Messina,220,30/09/2020,0,748,0,59,0.08,119.32
Messina,221,01/10/2020,10,758,0,59,0.08,120.92
Messina,222,02/10/2020,4,762,0,59,0.08,121.56
Messina,223,03/10/2020,11,773,0,59,0.08,123.31
Messina,224,04/10/2020,3,776,0,59,0.08,123.79
Messina,225,05/10/2020,10,786,0,59,0.07,125.38
Messina,226,06/10/2020,5,791,0,59,0.07,126.18
Messina,227,07/10/2020,11,802,0,59,0.07,127.94
Messina,228,08/10/2020,23,825,0,59,0.07,131.6
Messina,229,09/10/2020,22,847,0,59,0.07,135.11
Messina,230,10/10/2020,44,891,0,59,0.07,142.13
Messina,231,11/10/2020,63,954,0,59,0.06,152.18
Messina,232,12/10/2020,60,1014,0,59,0.06,161.75
Messina,233,13/10/2020,34,1048,0,59,0.06,167.18
Messina,234,14/10/2020,39,1087,0,59,0.05,173.4
Messina,235,15/10/2020,22,1109,1,60,0.05,176.91
Messina,236,16/10/2020,43,1152,0,60,0.05,183.77
Messina,237,17/10/2020,14,1166,0,60,0.05,186
Messina,238,18/10/2020,23,1189,0,60,0.05,189.67
Messina,239,19/10/2020,7,1196,0,60,0.05,190.79
Messina,240,20/10/2020,28,1224,0,60,0.05,195.25
Messina,241,21/10/2020,53,1277,1,61,0.05,203.71
Messina,242,22/10/2020,47,1324,0,61,0.05,211.21
Messina,243,23/10/2020,74,1398,0,61,0.04,223.01
Messina,244,24/10/2020,48,1446,0,61,0.04,230.67
Messina,245,25/10/2020,52,1498,0,61,0.04,238.96
Messina,246,26/10/2020,89,1587,0,61,0.04,253.16
Messina,247,27/10/2020,52,1639,0,61,0.04,261.46
Messina,248,28/10/2020,24,1663,0,61,0.04,265.28
Messina,249,29/10/2020,88,1751,0,61,0.04,279.32
Messina,250,30/10/2020,71,1822,0,61,0.03,290.65
Messina,251,31/10/2020,101,1923,0,61,0.03,306.76
Messina,252,01/11/2020,106,2029,0,61,0.03,323.67
Messina,253,02/11/2020,92,2121,0,61,0.03,338.34
Messina,254,03/11/2020,80,2201,0,61,0.03,351.11
Messina,255,04/11/2020,103,2304,0,61,0.03,367.54
Messina,256,05/11/2020,99,2403,0,61,0.03,383.33
Messina,257,06/11/2020,157,2560,0,61,0.02,408.37
Messina,258,07/11/2020,73,2633,0,61,0.02,420.02
Messina,259,08/11/2020,200,2833,0,61,0.02,451.92
Messina,260,09/11/2020,133,2966,0,61,0.02,473.14
Messina,261,10/11/2020,102,3068,0,61,0.02,489.41
Messina,262,11/11/2020,138,3206,0,61,0.02,511.42
Messina,263,12/11/2020,105,3311,0,61,0.02,528.17
Messina,264,13/11/2020,116,3427,0,61,0.02,546.68
Messina,265,14/11/2020,303,3730,0,61,0.02,595.01
Messina,266,15/11/2020,211,3941,0,61,0.01,628.67
Messina,267,16/11/2020,110,4051,0,61,0.01,646.22
Messina,268,17/11/2020,184,4235,0,61,0.01,675.57
Messina,269,18/11/2020,324,4559,0,61,0.01,727.26
Messina,270,19/11/2020,264,4823,0,61,0.01,769.37
Messina,271,20/11/2020,186,5009,0,61,0.01,799.04
Messina,272,21/11/2020,145,5154,0,61,0.01,822.17
Messina,273,22/11/2020,94,5248,0,61,0.01,837.17
Messina,274,23/11/2020,45,5293,0,61,0.01,844.35
Messina,275,24/11/2020,160,5453,0,61,0.01,869.87
Messina,276,25/11/2020,64,5517,0,61,0.01,880.08
Messina,277,26/11/2020,126,5643,0,61,0.01,900.18
Messina,278,27/11/2020,135,5778,0,61,0.01,921.71
Messina,279,28/11/2020,159,5937,0,61,0.01,947.08
Messina,280,29/11/2020,126,6063,0,61,0.01,967.18
Messina,281,30/11/2020,98,6161,0,61,0.01,982.81
Messina,282,01/12/2020,86,6247,0,61,0.01,996.53
Messina,283,02/12/2020,242,6489,0,61,0.01,1035.13
Messina,284,03/12/2020,126,6615,0,61,0.01,1055.23
Messina,285,04/12/2020,274,6889,0,61,0.01,1098.94
Messina,286,05/12/2020,89,6978,0,61,0.01,1113.14
Messina,287,06/12/2020,82,7060,0,61,0.01,1126.22
Messina,288,07/12/2020,109,7169,0,61,0.01,1143.61
Messina,289,08/12/2020,105,7274,0,61,0.01,1160.36
Messina,290,09/12/2020,38,7312,0,61,0.01,1166.42
Messina,291,10/12/2020,143,7455,0,61,0.01,1189.23
Messina,292,11/12/2020,118,7573,0,61,0.01,1208.05
Messina,293,12/12/2020,168,7741,0,61,0.01,1234.85
Messina,294,13/12/2020,83,7824,0,61,0.01,1248.09
Messina,295,14/12/2020,201,8025,0,61,0.01,1280.16
Messina,296,15/12/2020,110,8135,0,61,0.01,1297.7
