Province,Day,Date,New_cases,Curr_pos_cases,Deaths,Tot_deaths,Lethality_rate,Cumul_rates
Palermo,1,24/02/2020,0,0,0,0,0,0
Palermo,2,25/02/2020,3,3,0,0,0,0.24
Palermo,3,26/02/2020,0,3,0,0,0,0.24
Palermo,4,27/02/2020,0,3,0,0,0,0.24
Palermo,5,28/02/2020,0,3,0,0,0,0.24
Palermo,6,29/02/2020,0,3,0,0,0,0.24
Palermo,7,01/03/2020,0,3,0,0,0,0.24
Palermo,8,02/03/2020,0,3,0,0,0,0.24
Palermo,9,03/03/2020,0,3,0,0,0,0.24
Palermo,10,04/03/2020,0,3,0,0,0,0.24
Palermo,11,05/03/2020,0,3,0,0,0,0.24
Palermo,12,06/03/2020,2,5,0,0,0,0.4
Palermo,13,07/03/2020,1,6,0,0,0,0.48
Palermo,14,08/03/2020,0,6,0,0,0,0.48
Palermo,15,09/03/2020,0,6,0,0,0,0.48
Palermo,16,10/03/2020,4,10,0,0,0,0.8
Palermo,17,11/03/2020,5,15,0,0,0,1.2
Palermo,18,12/03/2020,11,26,0,0,0,2.08
Palermo,19,13/03/2020,0,26,0,0,0,2.08
Palermo,20,14/03/2020,0,26,0,0,0,2.08
Palermo,21,15/03/2020,7,33,0,0,0,2.63
Palermo,22,16/03/2020,4,37,0,0,0,2.95
Palermo,23,17/03/2020,3,40,0,0,0,3.19
Palermo,24,18/03/2020,7,47,0,0,0,3.75
Palermo,25,19/03/2020,5,52,0,0,0,4.15
Palermo,26,20/03/2020,7,59,0,0,0,4.71
Palermo,27,21/03/2020,4,63,0,0,0,5.03
Palermo,28,22/03/2020,29,92,0,0,0,7.34
Palermo,29,23/03/2020,17,109,1,1,0.01,8.7
Palermo,30,24/03/2020,61,170,0,1,0.01,13.57
Palermo,31,25/03/2020,23,193,0,1,0,15.41
Palermo,32,26/03/2020,12,205,1,2,0.01,16.37
Palermo,33,27/03/2020,13,218,0,2,0.01,17.4
Palermo,34,28/03/2020,14,232,3,5,0.02,18.52
Palermo,35,29/03/2020,4,236,1,6,0.03,18.84
Palermo,36,30/03/2020,17,253,1,7,0.03,20.2
Palermo,37,31/03/2020,9,262,2,9,0.03,20.92
Palermo,38,01/04/2020,14,276,0,9,0.03,22.03
Palermo,39,02/04/2020,6,282,0,9,0.03,22.51
Palermo,40,03/04/2020,8,290,2,11,0.04,23.15
Palermo,41,04/04/2020,6,296,1,12,0.04,23.63
Palermo,42,05/04/2020,3,299,0,12,0.04,23.87
Palermo,43,06/04/2020,2,301,0,12,0.04,24.03
Palermo,44,07/04/2020,16,317,0,12,0.04,25.31
Palermo,45,08/04/2020,12,329,0,12,0.04,26.27
Palermo,46,09/04/2020,17,346,1,13,0.04,27.62
Palermo,47,10/04/2020,5,351,2,15,0.04,28.02
Palermo,48,11/04/2020,12,363,2,17,0.05,28.98
Palermo,49,12/04/2020,13,376,2,19,0.05,30.02
Palermo,50,13/04/2020,9,385,4,23,0.06,30.74
Palermo,51,14/04/2020,6,391,0,23,0.06,31.22
Palermo,52,15/04/2020,2,393,1,24,0.06,31.38
Palermo,53,16/04/2020,6,399,1,25,0.06,31.85
Palermo,54,17/04/2020,5,404,0,25,0.06,32.25
Palermo,55,18/04/2020,8,412,0,25,0.06,32.89
Palermo,56,19/04/2020,5,417,1,26,0.06,33.29
Palermo,57,20/04/2020,3,420,1,27,0.06,33.53
Palermo,58,21/04/2020,2,422,0,27,0.06,33.69
Palermo,59,22/04/2020,5,427,0,27,0.06,34.09
Palermo,60,23/04/2020,6,433,0,27,0.06,34.57
Palermo,61,24/04/2020,2,435,0,27,0.06,34.73
Palermo,62,25/04/2020,12,447,0,27,0.06,35.69
Palermo,63,26/04/2020,9,456,1,28,0.06,36.4
Palermo,64,27/04/2020,5,461,0,28,0.06,36.8
Palermo,65,28/04/2020,9,470,0,28,0.06,37.52
Palermo,66,29/04/2020,10,480,0,28,0.06,38.32
Palermo,67,30/04/2020,13,493,0,28,0.06,39.36
Palermo,68,01/05/2020,9,502,0,28,0.06,40.08
Palermo,69,02/05/2020,5,507,0,28,0.06,40.48
Palermo,70,03/05/2020,4,511,0,28,0.06,40.8
Palermo,71,04/05/2020,5,516,0,28,0.05,41.19
Palermo,72,05/05/2020,5,521,1,29,0.06,41.59
Palermo,73,06/05/2020,1,522,1,30,0.06,41.67
Palermo,74,07/05/2020,1,523,1,31,0.06,41.75
Palermo,75,08/05/2020,8,531,0,31,0.06,42.39
Palermo,76,09/05/2020,2,533,0,31,0.06,42.55
Palermo,77,10/05/2020,8,541,0,31,0.06,43.19
Palermo,78,11/05/2020,3,544,0,31,0.06,43.43
Palermo,79,12/05/2020,2,546,2,33,0.06,43.59
Palermo,80,13/05/2020,3,549,0,33,0.06,43.83
Palermo,81,14/05/2020,0,549,0,33,0.06,43.83
Palermo,82,15/05/2020,2,551,0,33,0.06,43.99
Palermo,83,16/05/2020,4,555,0,33,0.06,44.31
Palermo,84,17/05/2020,2,557,1,34,0.06,44.47
Palermo,85,18/05/2020,6,563,0,34,0.06,44.95
Palermo,86,19/05/2020,4,567,0,34,0.06,45.27
Palermo,87,20/05/2020,3,570,0,34,0.06,45.51
Palermo,88,21/05/2020,4,574,0,34,0.06,45.83
Palermo,89,22/05/2020,0,574,0,34,0.06,45.83
Palermo,90,23/05/2020,0,574,0,34,0.06,45.83
Palermo,91,24/05/2020,0,574,0,34,0.06,45.83
Palermo,92,25/05/2020,2,576,0,34,0.06,45.98
Palermo,93,26/05/2020,0,576,0,34,0.06,45.98
Palermo,94,27/05/2020,0,576,1,35,0.06,45.98
Palermo,95,28/05/2020,2,578,0,35,0.06,46.14
Palermo,96,29/05/2020,0,578,0,35,0.06,46.14
Palermo,97,30/05/2020,0,578,0,35,0.06,46.14
Palermo,98,31/05/2020,0,578,1,36,0.06,46.14
Palermo,99,01/06/2020,0,578,0,36,0.06,46.14
Palermo,100,02/06/2020,2,580,0,36,0.06,46.3
Palermo,101,03/06/2020,0,580,0,36,0.06,46.3
Palermo,102,04/06/2020,0,580,1,37,0.06,46.3
Palermo,103,05/06/2020,0,580,0,37,0.06,46.3
Palermo,104,06/06/2020,0,580,0,37,0.06,46.3
Palermo,105,07/06/2020,0,580,0,37,0.06,46.3
Palermo,106,08/06/2020,0,580,0,37,0.06,46.3
Palermo,107,09/06/2020,1,581,0,37,0.06,46.38
Palermo,108,10/06/2020,0,581,0,37,0.06,46.38
Palermo,109,11/06/2020,0,581,0,37,0.06,46.38
Palermo,110,12/06/2020,0,581,0,37,0.06,46.38
Palermo,111,13/06/2020,1,582,0,37,0.06,46.46
Palermo,112,14/06/2020,1,583,0,37,0.06,46.54
Palermo,113,15/06/2020,0,583,1,38,0.06,46.54
Palermo,114,16/06/2020,1,584,0,38,0.06,46.62
Palermo,115,17/06/2020,0,584,0,38,0.06,46.62
Palermo,116,18/06/2020,1,585,0,38,0.06,46.7
Palermo,117,19/06/2020,-87,498,0,38,0.08,39.76
Palermo,118,20/06/2020,0,498,0,38,0.08,39.76
Palermo,119,21/06/2020,0,498,0,38,0.08,39.76
Palermo,120,22/06/2020,0,498,0,38,0.08,39.76
Palermo,121,23/06/2020,0,498,0,38,0.08,39.76
Palermo,122,24/06/2020,0,498,0,38,0.08,39.76
Palermo,123,25/06/2020,1,499,0,38,0.08,39.84
Palermo,124,26/06/2020,0,499,0,38,0.08,39.84
Palermo,125,27/06/2020,1,500,0,38,0.08,39.92
Palermo,126,28/06/2020,0,500,0,38,0.08,39.92
Palermo,127,29/06/2020,0,500,0,38,0.08,39.92
Palermo,128,30/06/2020,0,500,0,38,0.08,39.92
Palermo,129,01/07/2020,0,500,0,38,0.08,39.92
Palermo,130,02/07/2020,0,500,0,38,0.08,39.92
Palermo,131,03/07/2020,1,501,0,38,0.08,40
Palermo,132,04/07/2020,0,501,0,38,0.08,40
Palermo,133,05/07/2020,0,501,0,38,0.08,40
Palermo,134,06/07/2020,0,501,0,38,0.08,40
Palermo,135,07/07/2020,1,502,0,38,0.08,40.08
Palermo,136,08/07/2020,1,503,1,39,0.08,40.16
Palermo,137,09/07/2020,1,504,0,39,0.08,40.24
Palermo,138,10/07/2020,0,504,0,39,0.08,40.24
Palermo,139,11/07/2020,0,504,0,39,0.08,40.24
Palermo,140,12/07/2020,0,504,0,39,0.08,40.24
Palermo,141,13/07/2020,0,504,0,39,0.08,40.24
Palermo,142,14/07/2020,0,504,0,39,0.08,40.24
Palermo,143,15/07/2020,0,504,0,39,0.08,40.24
Palermo,144,16/07/2020,2,506,0,39,0.08,40.4
Palermo,145,17/07/2020,1,507,0,39,0.08,40.48
Palermo,146,18/07/2020,0,507,0,39,0.08,40.48
Palermo,147,19/07/2020,0,507,0,39,0.08,40.48
Palermo,148,20/07/2020,0,507,0,39,0.08,40.48
Palermo,149,21/07/2020,1,508,0,39,0.08,40.56
Palermo,150,22/07/2020,0,508,0,39,0.08,40.56
Palermo,151,23/07/2020,0,508,0,39,0.08,40.56
Palermo,152,24/07/2020,1,509,0,39,0.08,40.64
Palermo,153,25/07/2020,0,509,0,39,0.08,40.64
Palermo,154,26/07/2020,1,510,0,39,0.08,40.72
Palermo,155,27/07/2020,0,510,0,39,0.08,40.72
Palermo,156,28/07/2020,1,511,0,39,0.08,40.8
Palermo,157,29/07/2020,0,511,0,39,0.08,40.8
Palermo,158,30/07/2020,1,512,0,39,0.08,40.88
Palermo,159,31/07/2020,5,517,0,39,0.07,41.27
Palermo,160,01/08/2020,1,518,0,39,0.07,41.35
Palermo,161,02/08/2020,0,518,0,39,0.07,41.35
Palermo,162,03/08/2020,0,518,0,39,0.07,41.35
Palermo,163,04/08/2020,0,518,0,39,0.07,41.35
Palermo,164,05/08/2020,3,521,0,39,0.07,41.59
Palermo,165,06/08/2020,2,523,0,39,0.07,41.75
Palermo,166,07/08/2020,1,524,0,39,0.07,41.83
Palermo,167,08/08/2020,1,525,0,39,0.07,41.91
Palermo,168,09/08/2020,3,528,0,39,0.07,42.15
Palermo,169,10/08/2020,5,533,0,39,0.07,42.55
Palermo,170,11/08/2020,5,538,0,39,0.07,42.95
Palermo,171,12/08/2020,7,545,0,39,0.07,43.51
Palermo,172,13/08/2020,16,561,0,39,0.07,44.79
Palermo,173,14/08/2020,5,566,0,39,0.07,45.19
Palermo,174,15/08/2020,9,575,0,39,0.07,45.9
Palermo,175,16/08/2020,5,580,0,39,0.07,46.3
Palermo,176,17/08/2020,0,580,0,39,0.07,46.3
Palermo,177,18/08/2020,0,580,0,39,0.07,46.3
Palermo,178,19/08/2020,10,590,0,39,0.07,47.1
Palermo,179,20/08/2020,10,600,0,39,0.06,47.9
Palermo,180,21/08/2020,6,606,0,39,0.06,48.38
Palermo,181,22/08/2020,0,606,0,39,0.06,48.38
Palermo,182,23/08/2020,4,610,0,39,0.06,48.7
Palermo,183,24/08/2020,59,669,0,39,0.06,53.41
Palermo,184,25/08/2020,0,669,0,39,0.06,53.41
Palermo,185,26/08/2020,8,677,0,39,0.06,54.05
Palermo,186,27/08/2020,17,694,0,39,0.06,55.41
Palermo,187,28/08/2020,8,702,0,39,0.06,56.04
Palermo,188,29/08/2020,6,708,0,39,0.06,56.52
Palermo,189,30/08/2020,3,711,0,39,0.06,56.76
Palermo,190,31/08/2020,7,718,0,39,0.05,57.32
Palermo,191,01/09/2020,8,726,0,39,0.05,57.96
Palermo,192,02/09/2020,0,726,0,39,0.05,57.96
Palermo,193,03/09/2020,38,764,0,39,0.05,60.99
Palermo,194,04/09/2020,10,774,0,39,0.05,61.79
Palermo,195,05/09/2020,45,819,0,39,0.05,65.38
Palermo,196,06/09/2020,6,825,0,39,0.05,65.86
Palermo,197,07/09/2020,28,853,0,39,0.05,68.1
Palermo,198,08/09/2020,20,873,0,39,0.04,69.7
Palermo,199,09/09/2020,17,890,0,39,0.04,71.05
Palermo,200,10/09/2020,39,929,0,39,0.04,74.17
Palermo,201,11/09/2020,36,965,0,39,0.04,77.04
Palermo,202,12/09/2020,14,979,0,39,0.04,78.16
Palermo,203,13/09/2020,25,1004,0,39,0.04,80.15
Palermo,204,14/09/2020,43,1047,0,39,0.04,83.59
Palermo,205,15/09/2020,37,1084,0,39,0.04,86.54
Palermo,206,16/09/2020,33,1117,0,39,0.04,89.18
Palermo,207,17/09/2020,26,1143,0,39,0.03,91.25
Palermo,208,18/09/2020,70,1213,0,39,0.03,96.84
Palermo,209,19/09/2020,48,1261,0,39,0.03,100.67
Palermo,210,20/09/2020,81,1342,0,39,0.03,107.14
Palermo,211,21/09/2020,43,1385,0,39,0.03,110.57
Palermo,212,22/09/2020,63,1448,0,39,0.03,115.6
Palermo,213,23/09/2020,42,1490,0,39,0.03,118.95
Palermo,214,24/09/2020,56,1546,0,39,0.03,123.42
Palermo,215,25/09/2020,60,1606,0,39,0.02,128.21
Palermo,216,26/09/2020,23,1629,0,39,0.02,130.05
Palermo,217,27/09/2020,66,1695,0,39,0.02,135.32
Palermo,218,28/09/2020,62,1757,0,39,0.02,140.27
Palermo,219,29/09/2020,166,1923,0,39,0.02,153.52
Palermo,220,30/09/2020,0,1923,1,40,0.02,153.52
Palermo,221,01/10/2020,88,2011,1,41,0.02,160.55
Palermo,222,02/10/2020,62,2073,0,41,0.02,165.5
Palermo,223,03/10/2020,52,2125,2,43,0.02,169.65
Palermo,224,04/10/2020,33,2158,0,43,0.02,172.28
Palermo,225,05/10/2020,63,2221,2,45,0.02,177.31
Palermo,226,06/10/2020,72,2293,0,45,0.02,183.06
Palermo,227,07/10/2020,59,2352,1,46,0.02,187.77
Palermo,228,08/10/2020,131,2483,0,46,0.02,198.23
Palermo,229,09/10/2020,85,2568,3,49,0.02,205.02
Palermo,230,10/10/2020,79,2647,0,49,0.02,211.32
Palermo,231,11/10/2020,87,2734,0,49,0.02,218.27
Palermo,232,12/10/2020,109,2843,0,49,0.02,226.97
Palermo,233,13/10/2020,139,2982,1,50,0.02,238.07
Palermo,234,14/10/2020,94,3076,0,50,0.02,245.57
Palermo,235,15/10/2020,154,3230,5,55,0.02,257.87
Palermo,236,16/10/2020,173,3403,4,59,0.02,271.68
Palermo,237,17/10/2020,130,3533,2,61,0.02,282.06
Palermo,238,18/10/2020,214,3747,0,61,0.02,299.14
Palermo,239,19/10/2020,170,3917,1,62,0.02,312.71
Palermo,240,20/10/2020,137,4054,7,69,0.02,323.65
Palermo,241,21/10/2020,192,4246,7,76,0.02,338.98
Palermo,242,22/10/2020,351,4597,0,76,0.02,367
Palermo,243,23/10/2020,204,4801,0,76,0.02,383.29
Palermo,244,24/10/2020,258,5059,0,76,0.01,403.88
Palermo,245,25/10/2020,194,5253,0,76,0.01,419.37
Palermo,246,26/10/2020,220,5473,0,76,0.01,436.94
Palermo,247,27/10/2020,345,5818,0,76,0.01,464.48
Palermo,248,28/10/2020,228,6046,0,76,0.01,482.68
Palermo,249,29/10/2020,258,6304,0,76,0.01,503.28
Palermo,250,30/10/2020,276,6580,0,76,0.01,525.31
Palermo,251,31/10/2020,347,6927,0,76,0.01,553.02
Palermo,252,01/11/2020,277,7204,0,76,0.01,575.13
Palermo,253,02/11/2020,209,7413,0,76,0.01,591.81
Palermo,254,03/11/2020,258,7671,0,76,0.01,612.41
Palermo,255,04/11/2020,352,8023,0,76,0.01,640.51
Palermo,256,05/11/2020,531,8554,0,76,0.01,682.91
Palermo,257,06/11/2020,321,8875,0,76,0.01,708.53
Palermo,258,07/11/2020,459,9334,0,76,0.01,745.18
Palermo,259,08/11/2020,152,9486,0,76,0.01,757.31
Palermo,260,09/11/2020,188,9674,0,76,0.01,772.32
Palermo,261,10/11/2020,197,9871,0,76,0.01,788.05
Palermo,262,11/11/2020,531,10402,0,76,0.01,830.44
Palermo,263,12/11/2020,393,10795,0,76,0.01,861.82
Palermo,264,13/11/2020,444,11239,0,76,0.01,897.26
Palermo,265,14/11/2020,527,11766,0,76,0.01,939.34
Palermo,266,15/11/2020,452,12218,0,76,0.01,975.42
Palermo,267,16/11/2020,445,12663,0,76,0.01,1010.95
Palermo,268,17/11/2020,543,13206,0,76,0.01,1054.3
Palermo,269,18/11/2020,378,13584,0,76,0.01,1084.47
Palermo,270,19/11/2020,512,14096,0,76,0,1125.35
Palermo,271,20/11/2020,574,14670,0,76,0,1171.18
Palermo,272,21/11/2020,583,15253,0,76,0,1217.72
Palermo,273,22/11/2020,420,15673,0,76,0,1251.25
Palermo,274,23/11/2020,413,16086,0,76,0,1284.22
Palermo,275,24/11/2020,313,16399,0,76,0,1309.21
Palermo,276,25/11/2020,328,16727,0,76,0,1335.4
Palermo,277,26/11/2020,516,17243,0,76,0,1376.59
Palermo,278,27/11/2020,469,17712,0,76,0,1414.03
Palermo,279,28/11/2020,414,18126,0,76,0,1447.08
Palermo,280,29/11/2020,269,18395,0,76,0,1468.56
Palermo,281,30/11/2020,288,18683,0,76,0,1491.55
Palermo,282,01/12/2020,357,19040,0,76,0,1520.05
Palermo,283,02/12/2020,390,19430,0,76,0,1551.19
Palermo,284,03/12/2020,200,19630,0,76,0,1567.16
Palermo,285,04/12/2020,291,19921,0,76,0,1590.39
Palermo,286,05/12/2020,320,20241,0,76,0,1615.93
Palermo,287,06/12/2020,289,20530,0,76,0,1639.01
Palermo,288,07/12/2020,257,20787,0,76,0,1659.52
Palermo,289,08/12/2020,214,21001,0,76,0,1676.61
Palermo,290,09/12/2020,212,21213,0,76,0,1693.53
Palermo,291,10/12/2020,209,21422,0,76,0,1710.22
