"Province","Day","Date","New_cases","Curr_pos_cases","Deaths","Tot_deaths","Lethality_rate","Cumul_rates"
"Ragusa",1,2020-02-24,0,0,0,0,0,0
"Ragusa",2,2020-02-25,0,0,0,0,0,0
"Ragusa",3,2020-02-26,0,0,0,0,0,0
"Ragusa",4,2020-02-27,0,0,0,0,0,0
"Ragusa",5,2020-02-28,0,0,0,0,0,0
"Ragusa",6,2020-02-29,0,0,0,0,0,0
"Ragusa",7,2020-03-01,0,0,0,0,0,0
"Ragusa",8,2020-03-02,0,0,0,0,0,0
"Ragusa",9,2020-03-03,0,0,0,0,0,0
"Ragusa",10,2020-03-04,0,0,0,0,0,0
"Ragusa",11,2020-03-05,0,0,0,0,0,0
"Ragusa",12,2020-03-06,1,1,0,0,0,0.311630356536291
"Ragusa",13,2020-03-07,0,1,0,0,0,0.311630356536291
"Ragusa",14,2020-03-08,0,1,0,0,0,0.311630356536291
"Ragusa",15,2020-03-09,0,1,0,0,0,0.311630356536291
"Ragusa",16,2020-03-10,0,1,0,0,0,0.311630356536291
"Ragusa",17,2020-03-11,0,1,0,0,0,0.311630356536291
"Ragusa",18,2020-03-12,1,2,0,0,0,0.623260713072582
"Ragusa",19,2020-03-13,0,2,0,0,0,0.623260713072582
"Ragusa",20,2020-03-14,0,2,0,0,0,0.623260713072582
"Ragusa",21,2020-03-15,2,4,0,0,0,1.24652142614516
"Ragusa",22,2020-03-16,0,4,0,0,0,1.24652142614516
"Ragusa",23,2020-03-17,0,4,0,0,0,1.24652142614516
"Ragusa",24,2020-03-18,2,6,0,0,0,1.86978213921775
"Ragusa",25,2020-03-19,1,7,0,0,0,2.18141249575404
"Ragusa",26,2020-03-20,0,7,0,0,0,2.18141249575404
"Ragusa",27,2020-03-21,1,8,0,0,0,2.49304285229033
"Ragusa",28,2020-03-22,1,9,0,0,0,2.80467320882662
"Ragusa",29,2020-03-23,0,9,0,0,0,2.80467320882662
"Ragusa",30,2020-03-24,0,9,0,0,0,2.80467320882662
"Ragusa",31,2020-03-25,13,22,0,0,0,6.8558678437984
"Ragusa",32,2020-03-26,6,28,0,0,0,8.72564998301615
"Ragusa",33,2020-03-27,4,32,0,0,0,9.97217140916131
"Ragusa",34,2020-03-28,0,32,0,0,0,9.97217140916131
"Ragusa",35,2020-03-29,0,32,2,2,0.0625,9.97217140916131
"Ragusa",36,2020-03-30,3,35,0,2,0.0571428571428571,10.9070624787702
"Ragusa",37,2020-03-31,8,43,0,2,0.0465116279069767,13.4001053310605
"Ragusa",38,2020-04-01,1,44,0,2,0.0454545454545455,13.7117356875968
"Ragusa",39,2020-04-02,1,45,0,2,0.0444444444444444,14.0233660441331
"Ragusa",40,2020-04-03,1,46,1,3,0.0652173913043478,14.3349964006694
"Ragusa",41,2020-04-04,1,47,0,3,0.0638297872340425,14.6466267572057
"Ragusa",42,2020-04-05,1,48,0,3,0.0625,14.958257113742
"Ragusa",43,2020-04-06,6,54,0,3,0.0555555555555556,16.8280392529597
"Ragusa",44,2020-04-07,0,54,0,3,0.0555555555555556,16.8280392529597
"Ragusa",45,2020-04-08,2,56,0,3,0.0535714285714286,17.4512999660323
"Ragusa",46,2020-04-09,2,58,0,3,0.0517241379310345,18.0745606791049
"Ragusa",47,2020-04-10,3,61,1,4,0.0655737704918033,19.0094517487137
"Ragusa",48,2020-04-11,3,64,1,5,0.078125,19.9443428183226
"Ragusa",49,2020-04-12,2,66,0,5,0.0757575757575758,20.5676035313952
"Ragusa",50,2020-04-13,1,67,0,5,0.0746268656716418,20.8792338879315
"Ragusa",51,2020-04-14,0,67,0,5,0.0746268656716418,20.8792338879315
"Ragusa",52,2020-04-15,1,68,0,5,0.0735294117647059,21.1908642444678
"Ragusa",53,2020-04-16,1,69,0,5,0.072463768115942,21.5024946010041
"Ragusa",54,2020-04-17,0,69,0,5,0.072463768115942,21.5024946010041
"Ragusa",55,2020-04-18,0,69,0,5,0.072463768115942,21.5024946010041
"Ragusa",56,2020-04-19,0,69,0,5,0.072463768115942,21.5024946010041
"Ragusa",57,2020-04-20,0,69,1,6,0.0869565217391304,21.5024946010041
"Ragusa",58,2020-04-21,1,70,0,6,0.0857142857142857,21.8141249575404
"Ragusa",59,2020-04-22,2,72,0,6,0.0833333333333333,22.4373856706129
"Ragusa",60,2020-04-23,2,74,0,6,0.0810810810810811,23.0606463836855
"Ragusa",61,2020-04-24,9,83,0,6,0.072289156626506,25.8653195925121
"Ragusa",62,2020-04-25,4,87,0,6,0.0689655172413793,27.1118410186573
"Ragusa",63,2020-04-26,2,89,0,6,0.0674157303370786,27.7351017317299
"Ragusa",64,2020-04-27,0,89,0,6,0.0674157303370786,27.7351017317299
"Ragusa",65,2020-04-28,0,89,0,6,0.0674157303370786,27.7351017317299
"Ragusa",66,2020-04-29,0,89,0,6,0.0674157303370786,27.7351017317299
"Ragusa",67,2020-04-30,2,91,0,6,0.0659340659340659,28.3583624448025
"Ragusa",68,2020-05-01,1,92,0,6,0.0652173913043478,28.6699928013388
"Ragusa",69,2020-05-02,0,92,0,6,0.0652173913043478,28.6699928013388
"Ragusa",70,2020-05-03,0,92,0,6,0.0652173913043478,28.6699928013388
"Ragusa",71,2020-05-04,0,92,0,6,0.0652173913043478,28.6699928013388
"Ragusa",72,2020-05-05,2,94,1,7,0.074468085106383,29.2932535144113
"Ragusa",73,2020-05-06,0,94,0,7,0.074468085106383,29.2932535144113
"Ragusa",74,2020-05-07,0,94,0,7,0.074468085106383,29.2932535144113
"Ragusa",75,2020-05-08,0,94,0,7,0.074468085106383,29.2932535144113
"Ragusa",76,2020-05-09,0,94,0,7,0.074468085106383,29.2932535144113
"Ragusa",77,2020-05-10,0,94,0,7,0.074468085106383,29.2932535144113
"Ragusa",78,2020-05-11,0,94,0,7,0.074468085106383,29.2932535144113
"Ragusa",79,2020-05-12,0,94,0,7,0.074468085106383,29.2932535144113
"Ragusa",80,2020-05-13,0,94,0,7,0.074468085106383,29.2932535144113
"Ragusa",81,2020-05-14,0,94,0,7,0.074468085106383,29.2932535144113
"Ragusa",82,2020-05-15,0,94,0,7,0.074468085106383,29.2932535144113
"Ragusa",83,2020-05-16,0,94,0,7,0.074468085106383,29.2932535144113
"Ragusa",84,2020-05-17,0,94,0,7,0.074468085106383,29.2932535144113
"Ragusa",85,2020-05-18,0,94,0,7,0.074468085106383,29.2932535144113
"Ragusa",86,2020-05-19,3,97,0,7,0.0721649484536082,30.2281445840202
"Ragusa",87,2020-05-20,0,97,0,7,0.0721649484536082,30.2281445840202
"Ragusa",88,2020-05-21,0,97,0,7,0.0721649484536082,30.2281445840202
"Ragusa",89,2020-05-22,0,97,0,7,0.0721649484536082,30.2281445840202
"Ragusa",90,2020-05-23,0,97,0,7,0.0721649484536082,30.2281445840202
"Ragusa",91,2020-05-24,0,97,0,7,0.0721649484536082,30.2281445840202
"Ragusa",92,2020-05-25,0,97,0,7,0.0721649484536082,30.2281445840202
"Ragusa",93,2020-05-26,0,97,0,7,0.0721649484536082,30.2281445840202
"Ragusa",94,2020-05-27,0,97,0,7,0.0721649484536082,30.2281445840202
"Ragusa",95,2020-05-28,0,97,0,7,0.0721649484536082,30.2281445840202
"Ragusa",96,2020-05-29,0,97,0,7,0.0721649484536082,30.2281445840202
"Ragusa",97,2020-05-30,0,97,0,7,0.0721649484536082,30.2281445840202
"Ragusa",98,2020-05-31,0,97,0,7,0.0721649484536082,30.2281445840202
"Ragusa",99,2020-06-01,0,97,0,7,0.0721649484536082,30.2281445840202
"Ragusa",100,2020-06-02,0,97,0,7,0.0721649484536082,30.2281445840202
