Province,Day,Date,New_cases,Curr_pos_cases,Deaths,Tot_deaths,Lethality_rate,Cumul_rates
Siracusa,1,24/02/2020,0,0,0,0,0,0
Siracusa,2,25/02/2020,0,0,0,0,0,0
Siracusa,3,26/02/2020,0,0,0,0,0,0
Siracusa,4,27/02/2020,0,0,0,0,0,0
Siracusa,5,28/02/2020,0,0,0,0,0,0
Siracusa,6,29/02/2020,0,0,0,0,0,0
Siracusa,7,01/03/2020,0,0,0,0,0,0
Siracusa,8,02/03/2020,0,0,0,0,0,0
Siracusa,9,03/03/2020,0,0,0,0,0,0
Siracusa,10,04/03/2020,0,0,0,0,0,0
Siracusa,11,05/03/2020,0,0,0,0,0,0
Siracusa,12,06/03/2020,2,2,0,0,0,0.5
Siracusa,13,07/03/2020,0,2,0,0,0,0.5
Siracusa,14,08/03/2020,0,2,0,0,0,0.5
Siracusa,15,09/03/2020,0,2,0,0,0,0.5
Siracusa,16,10/03/2020,0,2,0,0,0,0.5
Siracusa,17,11/03/2020,1,3,1,1,0.33,0.75
Siracusa,18,12/03/2020,2,5,0,1,0.2,1.25
Siracusa,19,13/03/2020,0,5,0,1,0.2,1.25
Siracusa,20,14/03/2020,0,5,0,1,0.2,1.25
Siracusa,21,15/03/2020,10,15,0,1,0.07,3.76
Siracusa,22,16/03/2020,6,21,0,1,0.05,5.26
Siracusa,23,17/03/2020,0,21,0,1,0.05,5.26
Siracusa,24,18/03/2020,7,28,0,1,0.04,7.01
Siracusa,25,19/03/2020,5,33,0,1,0.03,8.27
Siracusa,26,20/03/2020,7,40,0,1,0.03,10.02
Siracusa,27,21/03/2020,3,43,0,1,0.02,10.77
Siracusa,28,22/03/2020,6,49,0,1,0.02,12.27
Siracusa,29,23/03/2020,0,49,0,1,0.02,12.27
Siracusa,30,24/03/2020,0,49,0,1,0.02,12.27
Siracusa,31,25/03/2020,15,64,0,1,0.02,16.03
Siracusa,32,26/03/2020,13,77,1,2,0.03,19.29
Siracusa,33,27/03/2020,2,79,0,2,0.03,19.79
Siracusa,34,28/03/2020,5,84,0,2,0.02,21.04
Siracusa,35,29/03/2020,3,87,1,3,0.03,21.79
Siracusa,36,30/03/2020,2,89,3,6,0.07,22.29
Siracusa,37,31/03/2020,4,93,0,6,0.06,23.3
Siracusa,38,01/04/2020,5,98,0,6,0.06,24.55
Siracusa,39,02/04/2020,3,101,0,6,0.06,25.3
Siracusa,40,03/04/2020,5,106,0,6,0.06,26.55
Siracusa,41,04/04/2020,1,107,0,6,0.06,26.8
Siracusa,42,05/04/2020,2,109,1,7,0.06,27.3
Siracusa,43,06/04/2020,2,111,0,7,0.06,27.8
Siracusa,44,07/04/2020,2,113,0,7,0.06,28.3
Siracusa,45,08/04/2020,9,122,2,9,0.07,30.56
Siracusa,46,09/04/2020,2,124,0,9,0.07,31.06
Siracusa,47,10/04/2020,11,135,0,9,0.07,33.82
Siracusa,48,11/04/2020,11,146,1,10,0.07,36.57
Siracusa,49,12/04/2020,2,148,0,10,0.07,37.07
Siracusa,50,13/04/2020,1,149,1,11,0.07,37.32
Siracusa,51,14/04/2020,7,156,0,11,0.07,39.08
Siracusa,52,15/04/2020,2,158,1,12,0.08,39.58
Siracusa,53,16/04/2020,16,174,2,14,0.08,43.58
Siracusa,54,17/04/2020,3,177,2,16,0.09,44.34
Siracusa,55,18/04/2020,5,182,1,17,0.09,45.59
Siracusa,56,19/04/2020,0,182,0,17,0.09,45.59
Siracusa,57,20/04/2020,1,183,0,17,0.09,45.84
Siracusa,58,21/04/2020,14,197,0,17,0.09,49.35
Siracusa,59,22/04/2020,0,197,1,18,0.09,49.35
Siracusa,60,23/04/2020,0,197,1,19,0.1,49.35
Siracusa,61,24/04/2020,3,200,3,22,0.11,50.1
Siracusa,62,25/04/2020,1,201,1,23,0.11,50.35
Siracusa,63,26/04/2020,10,211,0,23,0.11,52.85
Siracusa,64,27/04/2020,10,221,1,24,0.11,55.36
Siracusa,65,28/04/2020,0,221,0,24,0.11,55.36
Siracusa,66,29/04/2020,3,224,0,24,0.11,56.11
Siracusa,67,30/04/2020,3,227,0,24,0.11,56.86
Siracusa,68,01/05/2020,0,227,0,24,0.11,56.86
Siracusa,69,02/05/2020,3,230,0,24,0.1,57.61
Siracusa,70,03/05/2020,4,234,0,24,0.1,58.61
Siracusa,71,04/05/2020,0,234,1,25,0.11,58.61
Siracusa,72,05/05/2020,1,235,0,25,0.11,58.86
Siracusa,73,06/05/2020,0,235,0,25,0.11,58.86
Siracusa,74,07/05/2020,0,235,0,25,0.11,58.86
Siracusa,75,08/05/2020,0,235,1,26,0.11,58.86
Siracusa,76,09/05/2020,4,239,1,27,0.11,59.87
Siracusa,77,10/05/2020,0,239,0,27,0.11,59.87
Siracusa,78,11/05/2020,0,239,0,27,0.11,59.87
Siracusa,79,12/05/2020,0,239,0,27,0.11,59.87
Siracusa,80,13/05/2020,2,241,0,27,0.11,60.37
Siracusa,81,14/05/2020,0,241,0,27,0.11,60.37
Siracusa,82,15/05/2020,0,241,0,27,0.11,60.37
Siracusa,83,16/05/2020,0,241,1,28,0.12,60.37
Siracusa,84,17/05/2020,4,245,0,28,0.11,61.37
Siracusa,85,18/05/2020,1,246,0,28,0.11,61.62
Siracusa,86,19/05/2020,0,246,0,28,0.11,61.62
Siracusa,87,20/05/2020,2,248,0,28,0.11,62.12
Siracusa,88,21/05/2020,0,248,0,28,0.11,62.12
Siracusa,89,22/05/2020,0,248,0,28,0.11,62.12
Siracusa,90,23/05/2020,0,248,0,28,0.11,62.12
Siracusa,91,24/05/2020,0,248,0,28,0.11,62.12
Siracusa,92,25/05/2020,0,248,1,29,0.12,62.12
Siracusa,93,26/05/2020,0,248,0,29,0.12,62.12
Siracusa,94,27/05/2020,3,251,0,29,0.12,62.87
Siracusa,95,28/05/2020,0,251,0,29,0.12,62.87
Siracusa,96,29/05/2020,0,251,0,29,0.12,62.87
Siracusa,97,30/05/2020,0,251,0,29,0.12,62.87
Siracusa,98,31/05/2020,0,251,0,29,0.12,62.87
Siracusa,99,01/06/2020,0,251,0,29,0.12,62.87
Siracusa,100,02/06/2020,0,251,0,29,0.12,62.87
Siracusa,101,03/06/2020,0,251,0,29,0.12,62.87
Siracusa,102,04/06/2020,0,251,0,29,0.12,62.87
Siracusa,103,05/06/2020,0,251,0,29,0.12,62.87
Siracusa,104,06/06/2020,0,251,0,29,0.12,62.87
Siracusa,105,07/06/2020,0,251,0,29,0.12,62.87
Siracusa,106,08/06/2020,0,251,0,29,0.12,62.87
Siracusa,107,09/06/2020,0,251,0,29,0.12,62.87
Siracusa,108,10/06/2020,0,251,0,29,0.12,62.87
Siracusa,109,11/06/2020,0,251,0,29,0.12,62.87
Siracusa,110,12/06/2020,0,251,0,29,0.12,62.87
Siracusa,111,13/06/2020,0,251,0,29,0.12,62.87
Siracusa,112,14/06/2020,0,251,0,29,0.12,62.87
Siracusa,113,15/06/2020,0,251,0,29,0.12,62.87
Siracusa,114,16/06/2020,0,251,0,29,0.12,62.87
Siracusa,115,17/06/2020,0,251,0,29,0.12,62.87
Siracusa,116,18/06/2020,0,251,0,29,0.12,62.87
Siracusa,117,19/06/2020,69,320,0,29,0.09,80.16
Siracusa,118,20/06/2020,0,320,0,29,0.09,80.16
Siracusa,119,21/06/2020,0,320,0,29,0.09,80.16
Siracusa,120,22/06/2020,0,320,0,29,0.09,80.16
Siracusa,121,23/06/2020,1,321,0,29,0.09,80.41
Siracusa,122,24/06/2020,0,321,0,29,0.09,80.41
Siracusa,123,25/06/2020,0,321,0,29,0.09,80.41
Siracusa,124,26/06/2020,0,321,0,29,0.09,80.41
Siracusa,125,27/06/2020,0,321,0,29,0.09,80.41
Siracusa,126,28/06/2020,0,321,0,29,0.09,80.41
Siracusa,127,29/06/2020,0,321,0,29,0.09,80.41
Siracusa,128,30/06/2020,0,321,0,29,0.09,80.41
Siracusa,129,01/07/2020,0,321,0,29,0.09,80.41
Siracusa,130,02/07/2020,8,329,0,29,0.09,82.41
Siracusa,131,03/07/2020,0,329,0,29,0.09,82.41
Siracusa,132,04/07/2020,0,329,0,29,0.09,82.41
Siracusa,133,05/07/2020,0,329,0,29,0.09,82.41
Siracusa,134,06/07/2020,0,329,0,29,0.09,82.41
Siracusa,135,07/07/2020,0,329,0,29,0.09,82.41
Siracusa,136,08/07/2020,0,329,0,29,0.09,82.41
Siracusa,137,09/07/2020,0,329,0,29,0.09,82.41
Siracusa,138,10/07/2020,0,329,0,29,0.09,82.41
Siracusa,139,11/07/2020,0,329,0,29,0.09,82.41
Siracusa,140,12/07/2020,0,329,0,29,0.09,82.41
Siracusa,141,13/07/2020,0,329,0,29,0.09,82.41
Siracusa,142,14/07/2020,0,329,0,29,0.09,82.41
Siracusa,143,15/07/2020,0,329,0,29,0.09,82.41
Siracusa,144,16/07/2020,0,329,0,29,0.09,82.41
Siracusa,145,17/07/2020,0,329,0,29,0.09,82.41
Siracusa,146,18/07/2020,1,330,0,29,0.09,82.66
Siracusa,147,19/07/2020,0,330,0,29,0.09,82.66
Siracusa,148,20/07/2020,0,330,0,29,0.09,82.66
Siracusa,149,21/07/2020,0,330,0,29,0.09,82.66
Siracusa,150,22/07/2020,1,331,0,29,0.09,82.91
Siracusa,151,23/07/2020,0,331,0,29,0.09,82.91
Siracusa,152,24/07/2020,0,331,0,29,0.09,82.91
Siracusa,153,25/07/2020,0,331,0,29,0.09,82.91
Siracusa,154,26/07/2020,0,331,0,29,0.09,82.91
Siracusa,155,27/07/2020,0,331,0,29,0.09,82.91
Siracusa,156,28/07/2020,0,331,0,29,0.09,82.91
Siracusa,157,29/07/2020,0,331,0,29,0.09,82.91
Siracusa,158,30/07/2020,0,331,0,29,0.09,82.91
Siracusa,159,31/07/2020,0,331,0,29,0.09,82.91
Siracusa,160,01/08/2020,1,332,0,29,0.09,83.16
Siracusa,161,02/08/2020,1,333,0,29,0.09,83.41
Siracusa,162,03/08/2020,0,333,0,29,0.09,83.41
Siracusa,163,04/08/2020,0,333,0,29,0.09,83.41
Siracusa,164,05/08/2020,0,333,0,29,0.09,83.41
Siracusa,165,06/08/2020,0,333,0,29,0.09,83.41
Siracusa,166,07/08/2020,0,333,0,29,0.09,83.41
Siracusa,167,08/08/2020,5,338,0,29,0.09,84.66
Siracusa,168,09/08/2020,7,345,0,29,0.08,86.42
Siracusa,169,10/08/2020,16,361,0,29,0.08,90.43
Siracusa,170,11/08/2020,7,368,0,29,0.08,92.18
Siracusa,171,12/08/2020,3,371,0,29,0.08,92.93
Siracusa,172,13/08/2020,5,376,0,29,0.08,94.18
Siracusa,173,14/08/2020,0,376,0,29,0.08,94.18
Siracusa,174,15/08/2020,13,389,0,29,0.07,97.44
Siracusa,175,16/08/2020,4,393,0,29,0.07,98.44
Siracusa,176,17/08/2020,2,395,0,29,0.07,98.94
Siracusa,177,18/08/2020,0,395,0,29,0.07,98.94
Siracusa,178,19/08/2020,1,396,0,29,0.07,99.19
Siracusa,179,20/08/2020,4,400,0,29,0.07,100.19
Siracusa,180,21/08/2020,2,402,0,29,0.07,100.7
Siracusa,181,22/08/2020,1,403,0,29,0.07,100.95
Siracusa,182,23/08/2020,2,405,0,29,0.07,101.45
Siracusa,183,24/08/2020,1,406,0,29,0.07,101.7
Siracusa,184,25/08/2020,4,410,0,29,0.07,102.7
Siracusa,185,26/08/2020,2,412,0,29,0.07,103.2
Siracusa,186,27/08/2020,7,419,0,29,0.07,104.95
Siracusa,187,28/08/2020,5,424,0,29,0.07,106.21
Siracusa,188,29/08/2020,2,426,0,29,0.07,106.71
Siracusa,189,30/08/2020,2,428,0,29,0.07,107.21
Siracusa,190,31/08/2020,4,432,0,29,0.07,108.21
Siracusa,191,01/09/2020,7,439,0,29,0.07,109.96
Siracusa,192,02/09/2020,0,439,0,29,0.07,109.96
Siracusa,193,03/09/2020,2,441,0,29,0.07,110.46
Siracusa,194,04/09/2020,3,444,0,29,0.06,111.22
Siracusa,195,05/09/2020,0,444,0,29,0.06,111.22
Siracusa,196,06/09/2020,6,450,0,29,0.06,112.72
Siracusa,197,07/09/2020,1,451,0,29,0.06,112.97
Siracusa,198,08/09/2020,1,452,0,29,0.06,113.22
Siracusa,199,09/09/2020,2,454,0,29,0.06,113.72
Siracusa,200,10/09/2020,2,456,0,29,0.06,114.22
Siracusa,201,11/09/2020,12,468,0,29,0.06,117.23
Siracusa,202,12/09/2020,1,469,0,29,0.06,117.48
Siracusa,203,13/09/2020,4,473,0,29,0.06,118.48
Siracusa,204,14/09/2020,3,476,0,29,0.06,119.23
Siracusa,205,15/09/2020,0,476,0,29,0.06,119.23
Siracusa,206,16/09/2020,0,476,0,29,0.06,119.23
Siracusa,207,17/09/2020,9,485,0,29,0.06,121.49
Siracusa,208,18/09/2020,29,514,0,29,0.06,128.75
Siracusa,209,19/09/2020,2,516,0,29,0.06,129.25
Siracusa,210,20/09/2020,1,517,0,29,0.06,129.5
Siracusa,211,21/09/2020,2,519,0,29,0.06,130
Siracusa,212,22/09/2020,0,519,0,29,0.06,130
Siracusa,213,23/09/2020,2,521,0,29,0.06,130.5
Siracusa,214,24/09/2020,3,524,0,29,0.06,131.25
Siracusa,215,25/09/2020,1,525,0,29,0.06,131.51
Siracusa,216,26/09/2020,4,529,0,29,0.06,132.51
Siracusa,217,27/09/2020,0,529,0,29,0.06,132.51
Siracusa,218,28/09/2020,0,529,0,29,0.06,132.51
Siracusa,219,29/09/2020,57,586,0,29,0.05,146.78
Siracusa,220,30/09/2020,0,586,0,29,0.05,146.78
Siracusa,221,01/10/2020,5,591,0,29,0.05,148.04
Siracusa,222,02/10/2020,1,592,0,29,0.05,148.29
Siracusa,223,03/10/2020,10,602,0,29,0.05,150.79
Siracusa,224,04/10/2020,3,605,0,29,0.05,151.54
Siracusa,225,05/10/2020,1,606,0,29,0.05,151.79
Siracusa,226,06/10/2020,7,613,0,29,0.05,153.55
Siracusa,227,07/10/2020,8,621,0,29,0.05,155.55
Siracusa,228,08/10/2020,1,622,0,29,0.05,155.8
Siracusa,229,09/10/2020,11,633,0,29,0.05,158.56
Siracusa,230,10/10/2020,27,660,0,29,0.04,165.32
Siracusa,231,11/10/2020,3,663,0,29,0.04,166.07
Siracusa,232,12/10/2020,29,692,0,29,0.04,173.34
Siracusa,233,13/10/2020,20,712,0,29,0.04,178.35
Siracusa,234,14/10/2020,26,738,0,29,0.04,184.86
Siracusa,235,15/10/2020,19,757,0,29,0.04,189.62
Siracusa,236,16/10/2020,22,779,1,30,0.04,195.13
Siracusa,237,17/10/2020,22,801,0,30,0.04,200.64
Siracusa,238,18/10/2020,27,828,0,30,0.04,207.4
Siracusa,239,19/10/2020,24,852,0,30,0.04,213.41
Siracusa,240,20/10/2020,35,887,0,30,0.03,222.18
Siracusa,241,21/10/2020,20,907,0,30,0.03,227.19
Siracusa,242,22/10/2020,24,931,0,30,0.03,233.2
Siracusa,243,23/10/2020,11,942,0,30,0.03,235.96
Siracusa,244,24/10/2020,37,979,0,30,0.03,245.23
Siracusa,245,25/10/2020,15,994,0,30,0.03,248.98
Siracusa,246,26/10/2020,65,1059,0,30,0.03,265.26
Siracusa,247,27/10/2020,30,1089,0,30,0.03,272.78
Siracusa,248,28/10/2020,42,1131,0,30,0.03,283.3
Siracusa,249,29/10/2020,39,1170,0,30,0.03,293.07
Siracusa,250,30/10/2020,48,1218,0,30,0.03,305.09
Siracusa,251,31/10/2020,15,1233,0,30,0.02,308.85
Siracusa,252,01/11/2020,100,1333,0,30,0.02,333.9
Siracusa,253,02/11/2020,174,1507,0,30,0.02,377.48
Siracusa,254,03/11/2020,71,1578,0,30,0.02,395.27
Siracusa,255,04/11/2020,41,1619,0,30,0.02,405.54
Siracusa,256,05/11/2020,152,1771,0,30,0.02,443.61
Siracusa,257,06/11/2020,91,1862,0,30,0.02,466.4
Siracusa,258,07/11/2020,116,1978,0,30,0.01,495.46
Siracusa,259,08/11/2020,175,2153,0,30,0.01,539.3
Siracusa,260,09/11/2020,99,2252,0,30,0.01,564.09
Siracusa,261,10/11/2020,68,2320,0,30,0.01,581.13
Siracusa,262,11/11/2020,76,2396,0,30,0.01,600.16
Siracusa,263,12/11/2020,114,2510,0,30,0.01,628.72
Siracusa,264,13/11/2020,89,2599,0,30,0.01,651.01
Siracusa,265,14/11/2020,72,2671,0,30,0.01,669.05
Siracusa,266,15/11/2020,57,2728,0,30,0.01,683.33
Siracusa,267,16/11/2020,79,2807,0,30,0.01,703.11
Siracusa,268,17/11/2020,48,2855,0,30,0.01,715.14
Siracusa,269,18/11/2020,77,2932,0,30,0.01,734.42
Siracusa,270,19/11/2020,77,3009,0,30,0.01,753.71
Siracusa,271,20/11/2020,25,3034,0,30,0.01,759.97
Siracusa,272,21/11/2020,126,3160,0,30,0.01,791.54
Siracusa,273,22/11/2020,83,3243,0,30,0.01,812.33
Siracusa,274,23/11/2020,101,3344,0,30,0.01,837.62
Siracusa,275,24/11/2020,95,3439,0,30,0.01,861.42
Siracusa,276,25/11/2020,65,3504,0,30,0.01,877.7
Siracusa,277,26/11/2020,82,3586,0,30,0.01,898.24
Siracusa,278,27/11/2020,84,3670,0,30,0.01,919.28
Siracusa,279,28/11/2020,76,3746,0,30,0.01,938.32
Siracusa,280,29/11/2020,55,3801,0,30,0.01,952.1
Siracusa,281,30/11/2020,30,3831,0,30,0.01,959.61
Siracusa,282,01/12/2020,87,3918,0,30,0.01,981.4
Siracusa,283,02/12/2020,60,3978,0,30,0.01,996.43
Siracusa,284,03/12/2020,59,4037,0,30,0.01,1011.21
Siracusa,285,04/12/2020,38,4075,0,30,0.01,1020.73
Siracusa,286,05/12/2020,57,4132,0,30,0.01,1035.01
Siracusa,287,06/12/2020,55,4187,0,30,0.01,1048.78
Siracusa,288,07/12/2020,39,4226,0,30,0.01,1058.55
Siracusa,289,08/12/2020,32,4258,0,30,0.01,1066.57
Siracusa,290,09/12/2020,26,4284,0,30,0.01,1073.08
Siracusa,291,10/12/2020,35,4319,0,30,0.01,1081.85
Siracusa,292,11/12/2020,53,4372,0,30,0.01,1095.12
Siracusa,293,12/12/2020,50,4422,0,30,0.01,1107.65
Siracusa,294,13/12/2020,52,4474,0,30,0.01,1120.67
Siracusa,295,14/12/2020,71,4545,0,30,0.01,1138.46
Siracusa,296,15/12/2020,29,4574,0,30,0.01,1145.72
Siracusa,297,16/12/2020,69,4643,0,30,0.01,1163.01
