Province,Day,Date,New_cases,Curr_pos_cases,Deaths,Tot_deaths,Lethality_rate,Cumul_rates
La Spezia,1,24/02/2020,0,0,0,0,0,0
La Spezia,2,25/02/2020,0,0,0,0,0,0
La Spezia,3,26/02/2020,1,1,0,0,0,0.46
La Spezia,4,27/02/2020,0,1,0,0,0,0.46
La Spezia,5,28/02/2020,0,1,0,0,0,0.46
La Spezia,6,29/02/2020,0,1,0,0,0,0.46
La Spezia,7,01/03/2020,0,1,0,0,0,0.46
La Spezia,8,02/03/2020,0,1,0,0,0,0.46
La Spezia,9,03/03/2020,0,1,0,0,0,0.46
La Spezia,10,04/03/2020,0,1,0,0,0,0.46
La Spezia,11,05/03/2020,0,1,0,0,0,0.46
La Spezia,12,06/03/2020,0,1,0,0,0,0.46
La Spezia,13,07/03/2020,4,5,0,0,0,2.28
La Spezia,14,08/03/2020,6,11,0,0,0,5.01
La Spezia,15,09/03/2020,4,15,0,0,0,6.83
La Spezia,16,10/03/2020,0,15,0,0,0,6.83
La Spezia,17,11/03/2020,4,19,0,0,0,8.65
La Spezia,18,12/03/2020,7,26,0,0,0,11.84
La Spezia,19,13/03/2020,11,37,0,0,0,16.85
La Spezia,20,14/03/2020,15,52,0,0,0,23.68
La Spezia,21,15/03/2020,8,60,0,0,0,27.33
La Spezia,22,16/03/2020,0,60,0,0,0,27.33
La Spezia,23,17/03/2020,5,65,0,0,0,29.61
La Spezia,24,18/03/2020,18,83,0,0,0,37.8
La Spezia,25,19/03/2020,5,88,0,0,0,40.08
La Spezia,26,20/03/2020,2,90,0,0,0,40.99
La Spezia,27,21/03/2020,4,94,0,0,0,42.81
La Spezia,28,22/03/2020,5,99,0,0,0,45.09
La Spezia,29,23/03/2020,11,110,0,0,0,50.1
La Spezia,30,24/03/2020,-6,104,0,0,0,47.37
La Spezia,31,25/03/2020,33,137,0,0,0,62.4
La Spezia,32,26/03/2020,12,149,0,0,0,67.86
La Spezia,33,27/03/2020,64,213,0,0,0,97.01
La Spezia,34,28/03/2020,21,234,0,0,0,106.58
La Spezia,35,29/03/2020,-1,233,0,0,0,106.12
La Spezia,36,30/03/2020,1,234,0,0,0,106.58
La Spezia,37,31/03/2020,14,248,0,0,0,112.96
La Spezia,38,01/04/2020,-3,245,0,0,0,111.59
La Spezia,39,02/04/2020,5,250,0,0,0,113.87
La Spezia,40,03/04/2020,73,323,0,0,0,147.12
La Spezia,41,04/04/2020,18,341,0,0,0,155.31
La Spezia,42,05/04/2020,104,445,0,0,0,202.68
La Spezia,43,06/04/2020,5,450,0,0,0,204.96
La Spezia,44,07/04/2020,13,463,0,0,0,210.88
La Spezia,45,08/04/2020,142,605,0,0,0,275.56
La Spezia,46,09/04/2020,14,619,0,0,0,281.93
La Spezia,47,10/04/2020,10,629,0,0,0,286.49
La Spezia,48,11/04/2020,0,629,0,0,0,286.49
La Spezia,49,12/04/2020,41,670,0,0,0,305.16
La Spezia,50,13/04/2020,0,670,0,0,0,305.16
La Spezia,51,14/04/2020,-10,660,0,0,0,300.61
La Spezia,52,15/04/2020,36,696,0,0,0,317
La Spezia,53,16/04/2020,24,720,0,0,0,327.93
La Spezia,54,17/04/2020,5,725,0,0,0,330.21
La Spezia,55,18/04/2020,16,741,0,0,0,337.5
La Spezia,56,19/04/2020,26,767,0,0,0,349.34
La Spezia,57,20/04/2020,10,777,0,0,0,353.9
La Spezia,58,21/04/2020,11,788,0,0,0,358.91
La Spezia,59,22/04/2020,5,793,0,0,0,361.18
La Spezia,60,23/04/2020,10,803,0,0,0,365.74
La Spezia,61,24/04/2020,6,809,0,0,0,368.47
La Spezia,62,25/04/2020,4,813,0,0,0,370.29
La Spezia,63,26/04/2020,2,815,0,0,0,371.2
La Spezia,64,27/04/2020,8,823,0,0,0,374.85
La Spezia,65,28/04/2020,-1,822,0,0,0,374.39
La Spezia,66,29/04/2020,3,825,0,0,0,375.76
La Spezia,67,30/04/2020,4,829,0,0,0,377.58
La Spezia,68,01/05/2020,6,835,0,0,0,380.31
La Spezia,69,02/05/2020,10,845,0,0,0,384.87
La Spezia,70,03/05/2020,5,850,0,0,0,387.14
La Spezia,71,04/05/2020,11,861,0,0,0,392.16
La Spezia,72,05/05/2020,4,865,0,0,0,393.98
La Spezia,73,06/05/2020,3,868,0,0,0,395.34
La Spezia,74,07/05/2020,3,871,0,0,0,396.71
La Spezia,75,08/05/2020,6,877,0,0,0,399.44
La Spezia,76,09/05/2020,9,886,0,0,0,403.54
La Spezia,77,10/05/2020,3,889,0,0,0,404.91
La Spezia,78,11/05/2020,2,891,0,0,0,405.82
La Spezia,79,12/05/2020,4,895,0,0,0,407.64
La Spezia,80,13/05/2020,1,896,0,0,0,408.1
La Spezia,81,14/05/2020,3,899,0,0,0,409.46
La Spezia,82,15/05/2020,1,900,0,0,0,409.92
La Spezia,83,16/05/2020,1,901,0,0,0,410.37
La Spezia,84,17/05/2020,1,902,0,0,0,410.83
La Spezia,85,18/05/2020,1,903,0,0,0,411.28
La Spezia,86,19/05/2020,-4,899,0,0,0,409.46
La Spezia,87,20/05/2020,2,901,0,0,0,410.37
La Spezia,88,21/05/2020,-5,896,0,0,0,408.1
La Spezia,89,22/05/2020,0,896,0,0,0,408.1
La Spezia,90,23/05/2020,1,897,0,0,0,408.55
La Spezia,91,24/05/2020,0,897,0,0,0,408.55
La Spezia,92,25/05/2020,0,897,0,0,0,408.55
La Spezia,93,26/05/2020,0,897,0,0,0,408.55
La Spezia,94,27/05/2020,0,897,0,0,0,408.55
La Spezia,95,28/05/2020,-4,893,0,0,0,406.73
La Spezia,96,29/05/2020,4,897,0,0,0,408.55
La Spezia,97,30/05/2020,-5,892,0,0,0,406.27
La Spezia,98,31/05/2020,0,892,0,0,0,406.27
La Spezia,99,01/06/2020,5,897,0,0,0,408.55
La Spezia,100,02/06/2020,-5,892,0,0,0,406.27
La Spezia,101,03/06/2020,2,894,0,0,0,407.19
La Spezia,102,04/06/2020,1,895,0,0,0,407.64
La Spezia,103,05/06/2020,0,895,0,0,0,407.64
La Spezia,104,06/06/2020,1,896,0,0,0,408.1
La Spezia,105,07/06/2020,0,896,0,0,0,408.1
La Spezia,106,08/06/2020,1,897,0,0,0,408.55
La Spezia,107,09/06/2020,0,897,0,0,0,408.55
La Spezia,108,10/06/2020,0,897,0,0,0,408.55
La Spezia,109,11/06/2020,-1,896,0,0,0,408.1
La Spezia,110,12/06/2020,0,896,0,0,0,408.1
La Spezia,111,13/06/2020,0,896,0,0,0,408.1
La Spezia,112,14/06/2020,0,896,0,0,0,408.1
La Spezia,113,15/06/2020,1,897,0,0,0,408.55
La Spezia,114,16/06/2020,0,897,0,0,0,408.55
La Spezia,115,17/06/2020,1,898,0,0,0,409.01
La Spezia,116,18/06/2020,-1,897,0,0,0,408.55
La Spezia,117,19/06/2020,0,897,0,0,0,408.55
La Spezia,118,20/06/2020,0,897,0,0,0,408.55
La Spezia,119,21/06/2020,0,897,0,0,0,408.55
La Spezia,120,22/06/2020,-1,896,0,0,0,408.1
La Spezia,121,23/06/2020,0,896,0,0,0,408.1
La Spezia,122,24/06/2020,-42,854,0,0,0,388.97
La Spezia,123,25/06/2020,0,854,0,0,0,388.97
La Spezia,124,26/06/2020,1,855,0,0,0,389.42
La Spezia,125,27/06/2020,0,855,0,0,0,389.42
La Spezia,126,28/06/2020,0,855,0,0,0,389.42
La Spezia,127,29/06/2020,3,858,0,0,0,390.79
La Spezia,128,30/06/2020,2,860,0,0,0,391.7
La Spezia,129,01/07/2020,0,860,0,0,0,391.7
La Spezia,130,02/07/2020,0,860,0,0,0,391.7
La Spezia,131,03/07/2020,0,860,0,0,0,391.7
La Spezia,132,04/07/2020,1,861,0,0,0,392.16
La Spezia,133,05/07/2020,1,862,0,0,0,392.61
La Spezia,134,06/07/2020,-1,861,0,0,0,392.16
La Spezia,135,07/07/2020,1,862,0,0,0,392.61
La Spezia,136,08/07/2020,1,863,0,0,0,393.07
La Spezia,137,09/07/2020,0,863,0,0,0,393.07
La Spezia,138,10/07/2020,3,866,0,0,0,394.43
La Spezia,139,11/07/2020,0,866,0,0,0,394.43
La Spezia,140,12/07/2020,0,866,0,0,0,394.43
La Spezia,141,13/07/2020,1,867,0,0,0,394.89
La Spezia,142,14/07/2020,0,867,0,0,0,394.89
La Spezia,143,15/07/2020,0,867,0,0,0,394.89
La Spezia,144,16/07/2020,0,867,0,0,0,394.89
La Spezia,145,17/07/2020,0,867,0,0,0,394.89
La Spezia,146,18/07/2020,0,867,0,0,0,394.89
La Spezia,147,19/07/2020,1,868,0,0,0,395.34
La Spezia,148,20/07/2020,0,868,0,0,0,395.34
La Spezia,149,21/07/2020,0,868,0,0,0,395.34
La Spezia,150,22/07/2020,0,868,0,0,0,395.34
La Spezia,151,23/07/2020,1,869,0,0,0,395.8
La Spezia,152,24/07/2020,0,869,0,0,0,395.8
La Spezia,153,25/07/2020,1,870,0,0,0,396.25
La Spezia,154,26/07/2020,0,870,0,0,0,396.25
La Spezia,155,27/07/2020,2,872,0,0,0,397.17
La Spezia,156,28/07/2020,0,872,0,0,0,397.17
La Spezia,157,29/07/2020,3,875,0,0,0,398.53
La Spezia,158,30/07/2020,3,878,0,0,0,399.9
La Spezia,159,31/07/2020,0,878,0,0,0,399.9
La Spezia,160,01/08/2020,0,878,0,0,0,399.9
La Spezia,161,02/08/2020,1,879,0,0,0,400.35
La Spezia,162,03/08/2020,0,879,0,0,0,400.35
La Spezia,163,04/08/2020,0,879,0,0,0,400.35
La Spezia,164,05/08/2020,0,879,0,0,0,400.35
La Spezia,165,06/08/2020,0,879,0,0,0,400.35
La Spezia,166,07/08/2020,1,880,0,0,0,400.81
La Spezia,167,08/08/2020,0,880,0,0,0,400.81
La Spezia,168,09/08/2020,0,880,0,0,0,400.81
La Spezia,169,10/08/2020,0,880,0,0,0,400.81
La Spezia,170,11/08/2020,1,881,0,0,0,401.26
La Spezia,171,12/08/2020,2,883,0,0,0,402.18
La Spezia,172,13/08/2020,12,895,0,0,0,407.64
La Spezia,173,14/08/2020,3,898,0,0,0,409.01
La Spezia,174,15/08/2020,2,900,0,0,0,409.92
La Spezia,175,16/08/2020,0,900,0,0,0,409.92
La Spezia,176,17/08/2020,2,902,0,0,0,410.83
La Spezia,177,18/08/2020,4,906,0,0,0,412.65
La Spezia,178,19/08/2020,5,911,0,0,0,414.93
La Spezia,179,20/08/2020,7,918,0,0,0,418.12
La Spezia,180,21/08/2020,1,919,0,0,0,418.57
La Spezia,181,22/08/2020,6,925,0,0,0,421.3
La Spezia,182,23/08/2020,11,936,0,0,0,426.31
La Spezia,183,24/08/2020,11,947,0,0,0,431.33
La Spezia,184,25/08/2020,5,952,0,0,0,433.6
La Spezia,185,26/08/2020,16,968,0,0,0,440.89
La Spezia,186,27/08/2020,11,979,0,0,0,445.9
La Spezia,187,28/08/2020,25,1004,0,0,0,457.29
La Spezia,188,29/08/2020,22,1026,0,0,0,467.31
La Spezia,189,30/08/2020,31,1057,0,0,0,481.43
La Spezia,190,31/08/2020,30,1087,0,0,0,495.09
La Spezia,191,01/09/2020,11,1098,0,0,0,500.1
La Spezia,192,02/09/2020,23,1121,0,0,0,510.58
La Spezia,193,03/09/2020,6,1127,0,0,0,513.31
La Spezia,194,04/09/2020,19,1146,0,0,0,521.96
La Spezia,195,05/09/2020,43,1189,0,0,0,541.55
La Spezia,196,06/09/2020,73,1262,0,0,0,574.8
La Spezia,197,07/09/2020,47,1309,0,0,0,596.2
La Spezia,198,08/09/2020,25,1334,0,0,0,607.59
La Spezia,199,09/09/2020,33,1367,0,0,0,622.62
La Spezia,200,10/09/2020,92,1459,0,0,0,664.52
La Spezia,201,11/09/2020,53,1512,0,0,0,688.66
La Spezia,202,12/09/2020,69,1581,0,0,0,720.09
La Spezia,203,13/09/2020,48,1629,0,0,0,741.95
La Spezia,204,14/09/2020,43,1672,0,0,0,761.54
La Spezia,205,15/09/2020,81,1753,0,0,0,798.43
La Spezia,206,16/09/2020,31,1784,0,0,0,812.55
La Spezia,207,17/09/2020,8,1792,0,0,0,816.19
La Spezia,208,18/09/2020,86,1878,0,0,0,855.36
La Spezia,209,19/09/2020,33,1911,0,0,0,870.39
La Spezia,210,20/09/2020,31,1942,0,0,0,884.51
La Spezia,211,21/09/2020,20,1962,0,0,0,893.62
La Spezia,212,22/09/2020,57,2019,0,0,0,919.58
La Spezia,213,23/09/2020,23,2042,0,0,0,930.06
La Spezia,214,24/09/2020,51,2093,0,0,0,953.29
La Spezia,215,25/09/2020,21,2114,0,0,0,962.85
La Spezia,216,26/09/2020,23,2137,0,0,0,973.33
La Spezia,217,27/09/2020,15,2152,0,0,0,980.16
La Spezia,218,28/09/2020,28,2180,0,0,0,992.91
La Spezia,219,29/09/2020,16,2196,0,0,0,1000.2
La Spezia,220,30/09/2020,8,2204,0,0,0,1003.84
La Spezia,221,01/10/2020,28,2232,0,0,0,1016.6
La Spezia,222,02/10/2020,22,2254,0,0,0,1026.62
La Spezia,223,03/10/2020,19,2273,0,0,0,1035.27
La Spezia,224,04/10/2020,17,2290,0,0,0,1043.01
La Spezia,225,05/10/2020,22,2312,0,0,0,1053.03
La Spezia,226,06/10/2020,14,2326,0,0,0,1059.41
La Spezia,227,07/10/2020,15,2341,0,0,0,1066.24
La Spezia,228,08/10/2020,16,2357,0,0,0,1073.53
La Spezia,229,09/10/2020,30,2387,0,0,0,1087.19
La Spezia,230,10/10/2020,30,2417,0,0,0,1100.86
La Spezia,231,11/10/2020,26,2443,0,0,0,1112.7
La Spezia,232,12/10/2020,25,2468,0,0,0,1124.09
La Spezia,233,13/10/2020,17,2485,0,0,0,1131.83
La Spezia,234,14/10/2020,33,2518,0,0,0,1146.86
La Spezia,235,15/10/2020,18,2536,0,0,0,1155.06
La Spezia,236,16/10/2020,30,2566,0,0,0,1168.72
La Spezia,237,17/10/2020,38,2604,0,0,0,1186.03
La Spezia,238,18/10/2020,67,2671,0,0,0,1216.55
La Spezia,239,19/10/2020,38,2709,0,0,0,1233.85
La Spezia,240,20/10/2020,27,2736,0,0,0,1246.15
La Spezia,241,21/10/2020,47,2783,0,0,0,1267.56
La Spezia,242,22/10/2020,54,2837,0,0,0,1292.15
La Spezia,243,23/10/2020,44,2881,0,0,0,1312.19
La Spezia,244,24/10/2020,91,2972,0,0,0,1353.64
La Spezia,245,25/10/2020,72,3044,0,0,0,1386.43
La Spezia,246,26/10/2020,94,3138,0,0,0,1429.25
La Spezia,247,27/10/2020,127,3265,0,0,0,1487.09
La Spezia,248,28/10/2020,87,3352,0,0,0,1526.72
La Spezia,249,29/10/2020,146,3498,0,0,0,1593.22
La Spezia,250,30/10/2020,82,3580,0,0,0,1630.56
La Spezia,251,31/10/2020,184,3764,0,0,0,1714.37
La Spezia,252,01/11/2020,135,3899,0,0,0,1775.86
La Spezia,253,02/11/2020,81,3980,0,0,0,1812.75
La Spezia,254,03/11/2020,56,4036,0,0,0,1838.26
La Spezia,255,04/11/2020,97,4133,0,0,0,1882.44
La Spezia,256,05/11/2020,153,4286,0,0,0,1952.12
La Spezia,257,06/11/2020,172,4458,0,0,0,2030.46
La Spezia,258,07/11/2020,149,4607,0,0,0,2098.33
La Spezia,259,08/11/2020,142,4749,0,0,0,2163
La Spezia,260,09/11/2020,46,4795,0,0,0,2183.95
La Spezia,261,10/11/2020,110,4905,0,0,0,2234.05
La Spezia,262,11/11/2020,132,5037,0,0,0,2294.18
La Spezia,263,12/11/2020,112,5149,0,0,0,2345.19
La Spezia,264,13/11/2020,160,5309,0,0,0,2418.06
La Spezia,265,14/11/2020,146,5455,0,0,0,2484.56
La Spezia,266,15/11/2020,133,5588,0,0,0,2545.14
La Spezia,267,16/11/2020,51,5639,0,0,0,2568.37
La Spezia,268,17/11/2020,35,5674,2,2,0,2584.31
La Spezia,269,18/11/2020,191,5865,0,2,0,2671.3
La Spezia,270,19/11/2020,111,5976,0,2,0,2721.86
La Spezia,271,20/11/2020,83,6059,0,2,0,2759.66
La Spezia,272,21/11/2020,114,6173,0,2,0,2811.58
La Spezia,273,22/11/2020,129,6302,0,2,0,2870.34
