Province,Day,Date,New_cases,Curr_pos_cases,Deaths,Tot_deaths,Lethality_rate,Cumul_rates
Savona,1,24/02/2020,0,0,0,0,0,0
Savona,2,25/02/2020,1,1,0,0,0,0.36
Savona,3,26/02/2020,9,10,0,0,0,3.62
Savona,4,27/02/2020,8,18,0,0,0,6.52
Savona,5,28/02/2020,0,18,0,0,0,6.52
Savona,6,29/02/2020,23,41,0,0,0,14.85
Savona,7,01/03/2020,-22,19,0,0,0,6.88
Savona,8,02/03/2020,-3,16,0,0,0,5.8
Savona,9,03/03/2020,4,20,0,0,0,7.24
Savona,10,04/03/2020,-1,19,1,1,0.053,6.88
Savona,11,05/03/2020,1,20,1,2,0.1,7.24
Savona,12,06/03/2020,-5,15,0,2,0.133,5.43
Savona,13,07/03/2020,4,19,0,2,0.105,6.88
Savona,14,08/03/2020,6,25,1,3,0.12,9.06
Savona,15,09/03/2020,10,35,2,5,0.143,12.68
Savona,16,10/03/2020,3,38,0,5,0.132,13.76
Savona,17,11/03/2020,4,42,0,5,0.119,15.21
Savona,18,12/03/2020,10,52,0,5,0.096,18.84
Savona,19,13/03/2020,10,62,0,5,0.081,22.46
Savona,20,14/03/2020,25,87,0,5,0.057,31.51
Savona,21,15/03/2020,9,96,0,5,0.052,34.77
Savona,22,16/03/2020,0,96,0,5,0.052,34.77
Savona,23,17/03/2020,4,100,0,5,0.05,36.22
Savona,24,18/03/2020,26,126,0,5,0.04,45.64
Savona,25,19/03/2020,5,131,0,5,0.038,47.45
Savona,26,20/03/2020,31,162,6,11,0.068,58.68
Savona,27,21/03/2020,11,173,0,11,0.064,62.67
Savona,28,22/03/2020,2,175,2,13,0.074,63.39
Savona,29,23/03/2020,10,185,1,14,0.076,67.01
Savona,30,24/03/2020,19,204,3,17,0.083,73.9
Savona,31,25/03/2020,6,210,0,17,0.081,76.07
Savona,32,26/03/2020,-1,209,1,18,0.086,75.71
Savona,33,27/03/2020,14,223,1,19,0.085,80.78
Savona,34,28/03/2020,-4,219,2,21,0.096,79.33
Savona,35,29/03/2020,20,239,5,26,0.109,86.57
Savona,36,30/03/2020,10,249,3,29,0.116,90.2
Savona,37,31/03/2020,0,249,2,31,0.124,90.2
Savona,38,01/04/2020,2,251,2,33,0.131,90.92
Savona,39,02/04/2020,-6,245,4,37,0.151,88.75
Savona,40,03/04/2020,19,264,4,41,0.155,95.63
Savona,41,04/04/2020,-3,261,5,46,0.176,94.54
Savona,42,05/04/2020,473,734,1,47,0.064,265.88
Savona,43,06/04/2020,-39,695,4,51,0.073,251.75
Savona,44,07/04/2020,-186,509,4,55,0.108,184.38
Savona,45,08/04/2020,145,654,7,62,0.095,236.9
Savona,46,09/04/2020,2,656,5,67,0.102,237.63
Savona,47,10/04/2020,30,686,1,68,0.099,248.49
Savona,48,11/04/2020,85,771,2,70,0.091,279.28
Savona,49,12/04/2020,26,797,3,73,0.092,288.7
Savona,50,13/04/2020,0,797,4,77,0.097,288.7
Savona,51,14/04/2020,-100,697,5,82,0.118,252.48
Savona,52,15/04/2020,20,717,4,86,0.12,259.72
Savona,53,16/04/2020,32,749,1,87,0.116,271.31
Savona,54,17/04/2020,63,812,4,91,0.112,294.13
Savona,55,18/04/2020,0,812,3,94,0.116,294.13
Savona,56,19/04/2020,114,926,3,97,0.105,335.43
Savona,57,20/04/2020,11,937,4,101,0.108,339.41
Savona,58,21/04/2020,23,960,6,107,0.111,347.75
Savona,59,22/04/2020,37,997,2,109,0.109,361.15
Savona,60,23/04/2020,2,999,5,114,0.114,361.87
Savona,61,24/04/2020,54,1053,3,117,0.111,381.43
Savona,62,25/04/2020,57,1110,2,119,0.107,402.08
Savona,63,26/04/2020,13,1123,0,119,0.106,406.79
Savona,64,27/04/2020,6,1129,1,120,0.106,408.96
Savona,65,28/04/2020,39,1168,1,121,0.104,423.09
Savona,66,29/04/2020,2,1170,4,125,0.107,423.81
Savona,67,30/04/2020,34,1204,2,127,0.105,436.13
Savona,68,01/05/2020,43,1247,5,132,0.106,451.71
Savona,69,02/05/2020,11,1258,1,133,0.106,455.69
Savona,70,03/05/2020,28,1286,1,134,0.104,465.83
Savona,71,04/05/2020,3,1289,2,136,0.106,466.92
Savona,72,05/05/2020,15,1304,2,138,0.106,472.35
Savona,73,06/05/2020,21,1325,1,139,0.105,479.96
Savona,74,07/05/2020,45,1370,3,142,0.104,496.26
Savona,75,08/05/2020,13,1383,3,145,0.105,500.97
Savona,76,09/05/2020,10,1393,1,146,0.105,504.59
Savona,77,10/05/2020,17,1410,0,146,0.104,510.75
Savona,78,11/05/2020,3,1413,0,146,0.103,511.84
Savona,79,12/05/2020,30,1443,0,146,0.101,522.7
Savona,80,13/05/2020,20,1463,1,147,0.1,529.95
Savona,81,14/05/2020,8,1471,1,148,0.101,532.85
Savona,82,15/05/2020,-1,1470,1,149,0.101,532.49
Savona,83,16/05/2020,6,1476,3,152,0.103,534.66
Savona,84,17/05/2020,9,1485,1,153,0.103,537.92
Savona,85,18/05/2020,-1,1484,0,153,0.103,537.56
Savona,86,19/05/2020,27,1511,0,153,0.101,547.34
Savona,87,20/05/2020,3,1514,1,154,0.102,548.42
Savona,88,21/05/2020,11,1525,1,155,0.102,552.41
Savona,89,22/05/2020,8,1533,1,156,0.102,555.31
Savona,90,23/05/2020,2,1535,3,159,0.104,556.03
Savona,91,24/05/2020,4,1539,0,159,0.103,557.48
Savona,92,25/05/2020,0,1539,1,160,0.104,557.48
Savona,93,26/05/2020,6,1545,1,161,0.104,559.65
Savona,94,27/05/2020,11,1556,0,161,0.103,563.64
Savona,95,28/05/2020,4,1560,1,162,0.104,565.09
Savona,96,29/05/2020,1,1561,0,162,0.104,565.45
Savona,97,30/05/2020,3,1564,0,162,0.104,566.54
Savona,98,31/05/2020,0,1564,0,162,0.104,566.54
Savona,99,01/06/2020,0,1564,0,162,0.104,566.54
Savona,100,02/06/2020,7,1571,0,162,0.103,569.07
Savona,101,03/06/2020,2,1573,1,163,0.104,569.8
Savona,102,04/06/2020,9,1582,0,163,0.103,573.06
Savona,103,05/06/2020,2,1584,0,163,0.103,573.78
Savona,104,06/06/2020,2,1586,2,165,0.104,574.5
Savona,105,07/06/2020,0,1586,0,165,0.104,574.5
Savona,106,08/06/2020,0,1586,0,165,0.104,574.5
Savona,107,09/06/2020,2,1588,0,165,0.104,575.23
Savona,108,10/06/2020,4,1592,0,165,0.104,576.68
Savona,109,11/06/2020,-1,1591,0,165,0.104,576.32
Savona,110,12/06/2020,0,1591,0,165,0.104,576.32
Savona,111,13/06/2020,2,1593,1,166,0.104,577.04
Savona,112,14/06/2020,0,1593,1,167,0.105,577.04
Savona,113,15/06/2020,0,1593,1,168,0.105,577.04
Savona,114,16/06/2020,-2,1591,0,168,0.106,576.32
Savona,115,17/06/2020,0,1591,0,168,0.106,576.32
Savona,116,18/06/2020,2,1593,1,169,0.106,577.04
Savona,117,19/06/2020,2,1595,0,169,0.106,577.76
Savona,118,20/06/2020,1,1596,0,169,0.106,578.13
Savona,119,21/06/2020,2,1598,1,170,0.106,578.85
Savona,120,22/06/2020,1,1599,0,170,0.106,579.21
Savona,121,23/06/2020,1,1600,0,170,0.106,579.58
Savona,122,24/06/2020,-57,1543,0,170,0.11,558.93
Savona,123,25/06/2020,0,1543,0,170,0.11,558.93
Savona,124,26/06/2020,1,1544,0,170,0.11,559.29
Savona,125,27/06/2020,1,1545,0,170,0.11,559.65
Savona,126,28/06/2020,0,1545,0,170,0.11,559.65
Savona,127,29/06/2020,1,1546,0,170,0.11,560.02
Savona,128,30/06/2020,0,1546,0,170,0.11,560.02
Savona,129,01/07/2020,0,1546,0,170,0.11,560.02
Savona,130,02/07/2020,0,1546,0,170,0.11,560.02
Savona,131,03/07/2020,0,1546,0,170,0.11,560.02
Savona,132,04/07/2020,0,1546,0,170,0.11,560.02
Savona,133,05/07/2020,1,1547,0,170,0.11,560.38
Savona,134,06/07/2020,1,1548,0,170,0.11,560.74
Savona,135,07/07/2020,0,1548,0,170,0.11,560.74
Savona,136,08/07/2020,1,1549,0,170,0.11,561.1
Savona,137,09/07/2020,0,1549,0,170,0.11,561.1
Savona,138,10/07/2020,1,1550,0,170,0.11,561.46
Savona,139,11/07/2020,0,1550,0,170,0.11,561.46
Savona,140,12/07/2020,0,1550,0,170,0.11,561.46
Savona,141,13/07/2020,0,1550,0,170,0.11,561.46
Savona,142,14/07/2020,0,1550,0,170,0.11,561.46
Savona,143,15/07/2020,1,1551,0,170,0.11,561.83
Savona,144,16/07/2020,3,1554,0,170,0.109,562.91
Savona,145,17/07/2020,1,1555,0,170,0.109,563.28
Savona,146,18/07/2020,12,1567,0,170,0.108,567.62
Savona,147,19/07/2020,19,1586,0,170,0.107,574.5
Savona,148,20/07/2020,10,1596,0,170,0.107,578.13
Savona,149,21/07/2020,9,1605,0,170,0.106,581.39
Savona,150,22/07/2020,6,1611,0,170,0.106,583.56
Savona,151,23/07/2020,11,1622,0,170,0.105,587.54
Savona,152,24/07/2020,2,1624,0,170,0.105,588.27
Savona,153,25/07/2020,0,1624,0,170,0.105,588.27
Savona,154,26/07/2020,3,1627,0,170,0.104,589.36
Savona,155,27/07/2020,2,1629,0,170,0.104,590.08
Savona,156,28/07/2020,0,1629,0,170,0.104,590.08
Savona,157,29/07/2020,2,1631,0,170,0.104,590.81
Savona,158,30/07/2020,4,1635,0,170,0.104,592.25
Savona,159,31/07/2020,1,1636,0,170,0.104,592.62
Savona,160,01/08/2020,0,1636,0,170,0.104,592.62
Savona,161,02/08/2020,4,1640,0,170,0.104,594.07
Savona,162,03/08/2020,0,1640,0,170,0.104,594.07
Savona,163,04/08/2020,0,1640,0,170,0.104,594.07
Savona,164,05/08/2020,2,1642,0,170,0.104,594.79
Savona,165,06/08/2020,2,1644,0,170,0.103,595.51
Savona,166,07/08/2020,2,1646,0,170,0.103,596.24
Savona,167,08/08/2020,3,1649,0,170,0.103,597.33
Savona,168,09/08/2020,1,1650,0,170,0.103,597.69
Savona,169,10/08/2020,10,1660,0,170,0.102,601.31
Savona,170,11/08/2020,3,1663,0,170,0.102,602.4
Savona,171,12/08/2020,13,1676,0,170,0.101,607.11
Savona,172,13/08/2020,31,1707,0,170,0.1,618.33
Savona,173,14/08/2020,11,1718,0,170,0.099,622.32
Savona,174,15/08/2020,6,1724,0,170,0.099,624.49
Savona,175,16/08/2020,7,1731,0,170,0.098,627.03
Savona,176,17/08/2020,7,1738,0,170,0.098,629.56
Savona,177,18/08/2020,6,1744,0,170,0.097,631.74
Savona,178,19/08/2020,12,1756,0,170,0.097,636.08
Savona,179,20/08/2020,3,1759,2,172,0.098,637.17
Savona,180,21/08/2020,5,1764,0,172,0.098,638.98
Savona,181,22/08/2020,9,1773,0,172,0.097,642.24
Savona,182,23/08/2020,2,1775,0,172,0.097,642.97
Savona,183,24/08/2020,2,1777,0,172,0.097,643.69
Savona,184,25/08/2020,0,1777,0,172,0.097,643.69
Savona,185,26/08/2020,3,1780,0,172,0.097,644.78
Savona,186,27/08/2020,2,1782,0,172,0.097,645.5
Savona,187,28/08/2020,1,1783,0,172,0.096,645.86
Savona,188,29/08/2020,5,1788,0,172,0.096,647.68
Savona,189,30/08/2020,2,1790,0,172,0.096,648.4
Savona,190,31/08/2020,1,1791,0,172,0.096,648.76
Savona,191,01/09/2020,3,1794,0,172,0.096,649.85
Savona,192,02/09/2020,1,1795,0,172,0.096,650.21
Savona,193,03/09/2020,0,1795,0,172,0.096,650.21
Savona,194,04/09/2020,2,1797,0,172,0.096,650.94
Savona,195,05/09/2020,3,1800,0,172,0.096,652.02
Savona,196,06/09/2020,5,1805,0,172,0.095,653.83
Savona,197,07/09/2020,0,1805,0,172,0.095,653.83
Savona,198,08/09/2020,6,1811,0,172,0.095,656.01
Savona,199,09/09/2020,4,1815,0,172,0.095,657.46
Savona,200,10/09/2020,2,1817,0,172,0.095,658.18
Savona,201,11/09/2020,4,1821,0,172,0.094,659.63
Savona,202,12/09/2020,4,1825,0,172,0.094,661.08
Savona,203,13/09/2020,13,1838,0,172,0.094,665.79
Savona,204,14/09/2020,4,1842,0,172,0.093,667.24
Savona,205,15/09/2020,6,1848,0,172,0.093,669.41
Savona,206,16/09/2020,3,1851,0,172,0.093,670.5
Savona,207,17/09/2020,2,1853,1,173,0.093,671.22
Savona,208,18/09/2020,3,1856,0,173,0.093,672.31
Savona,209,19/09/2020,1,1857,0,173,0.093,672.67
Savona,210,20/09/2020,3,1860,0,173,0.093,673.76
Savona,211,21/09/2020,1,1861,0,173,0.093,674.12
Savona,212,22/09/2020,6,1867,0,173,0.093,676.29
Savona,213,23/09/2020,5,1872,0,173,0.092,678.1
Savona,214,24/09/2020,6,1878,0,173,0.092,680.28
Savona,215,25/09/2020,2,1880,0,173,0.092,681
Savona,216,26/09/2020,3,1883,0,173,0.092,682.09
Savona,217,27/09/2020,7,1890,0,173,0.092,684.62
Savona,218,28/09/2020,12,1902,0,173,0.091,688.97
Savona,219,29/09/2020,8,1910,0,173,0.091,691.87
Savona,220,30/09/2020,0,1910,0,173,0.091,691.87
Savona,221,01/10/2020,8,1918,0,173,0.09,694.77
Savona,222,02/10/2020,31,1949,0,173,0.089,706
Savona,223,03/10/2020,10,1959,0,173,0.088,709.62
Savona,224,04/10/2020,5,1964,0,173,0.088,711.43
Savona,225,05/10/2020,8,1972,0,173,0.088,714.33
Savona,226,06/10/2020,7,1979,0,173,0.087,716.86
Savona,227,07/10/2020,15,1994,0,173,0.087,722.3
Savona,228,08/10/2020,9,2003,0,173,0.086,725.56
Savona,229,09/10/2020,23,2026,1,174,0.086,733.89
Savona,230,10/10/2020,14,2040,1,175,0.086,738.96
Savona,231,11/10/2020,15,2055,0,175,0.085,744.39
Savona,232,12/10/2020,32,2087,0,175,0.084,755.98
Savona,233,13/10/2020,26,2113,1,176,0.083,765.4
Savona,234,14/10/2020,31,2144,0,176,0.082,776.63
Savona,235,15/10/2020,7,2151,2,178,0.083,779.17
Savona,236,16/10/2020,123,2274,0,178,0.078,823.72
Savona,237,17/10/2020,71,2345,0,178,0.076,849.44
Savona,238,18/10/2020,40,2385,0,178,0.075,863.93
Savona,239,19/10/2020,47,2432,0,178,0.073,880.96
Savona,240,20/10/2020,48,2480,3,181,0.073,898.34
Savona,241,21/10/2020,62,2542,3,184,0.072,920.8
Savona,242,22/10/2020,43,2585,2,186,0.072,936.38
Savona,243,23/10/2020,67,2652,0,186,0.07,960.65
Savona,244,24/10/2020,83,2735,0,186,0.068,990.71
Savona,245,25/10/2020,121,2856,0,186,0.065,1034.54
Savona,246,26/10/2020,62,2918,1,187,0.064,1057
Savona,247,27/10/2020,39,2957,1,188,0.064,1071.13
Savona,248,28/10/2020,68,3025,1,189,0.062,1095.76
Savona,249,29/10/2020,108,3133,2,191,0.061,1134.88
Savona,250,30/10/2020,108,3241,0,191,0.059,1174
Savona,251,31/10/2020,78,3319,2,193,0.058,1202.26
Savona,252,01/11/2020,133,3452,0,193,0.056,1250.43
Savona,253,02/11/2020,35,3487,0,193,0.055,1263.11
Savona,254,03/11/2020,51,3538,4,197,0.056,1281.59
Savona,255,04/11/2020,88,3626,5,202,0.056,1313.46
Savona,256,05/11/2020,103,3729,0,202,0.054,1350.77
Savona,257,06/11/2020,169,3898,3,205,0.053,1411.99
Savona,258,07/11/2020,122,4020,0,205,0.051,1456.18
Savona,259,08/11/2020,88,4108,0,205,0.05,1488.06
Savona,260,09/11/2020,72,4180,0,205,0.049,1514.14
Savona,261,10/11/2020,121,4301,5,210,0.049,1557.97
Savona,262,11/11/2020,136,4437,1,211,0.048,1607.24
Savona,263,12/11/2020,181,4618,4,215,0.047,1672.8
Savona,264,13/11/2020,144,4762,2,217,0.046,1724.96
Savona,265,14/11/2020,86,4848,2,219,0.045,1756.11
Savona,266,15/11/2020,77,4925,7,226,0.046,1784.01
Savona,267,16/11/2020,50,4975,0,226,0.045,1802.12
Savona,268,17/11/2020,33,5008,0,226,0.045,1814.07
Savona,269,18/11/2020,109,5117,3,229,0.045,1853.56
Savona,270,19/11/2020,87,5204,0,229,0.044,1885.07
Savona,271,20/11/2020,111,5315,6,235,0.044,1925.28
Savona,272,21/11/2020,55,5370,0,235,0.044,1945.2
Savona,273,22/11/2020,61,5431,0,235,0.043,1967.3
Savona,274,23/11/2020,28,5459,0,235,0.043,1977.44
Savona,275,24/11/2020,45,5504,5,240,0.044,1993.74
Savona,276,25/11/2020,40,5544,0,240,0.043,2008.23
Savona,277,26/11/2020,86,5630,6,246,0.044,2039.38
Savona,278,27/11/2020,93,5723,0,246,0.043,2073.07
Savona,279,28/11/2020,61,5784,5,251,0.043,2095.17
Savona,280,29/11/2020,76,5860,0,251,0.043,2122.7
Savona,281,30/11/2020,40,5900,1,252,0.043,2137.19
Savona,282,01/12/2020,35,5935,2,254,0.043,2149.86
Savona,283,02/12/2020,50,5985,2,256,0.043,2167.98
Savona,284,03/12/2020,22,6007,7,263,0.044,2175.94
Savona,285,04/12/2020,47,6054,2,265,0.044,2192.97
Savona,286,05/12/2020,75,6129,4,269,0.044,2220.14
Savona,287,06/12/2020,50,6179,17,286,0.046,2238.25
Savona,288,07/12/2020,4,6183,0,286,0.046,2239.7
Savona,289,08/12/2020,42,6225,0,286,0.046,2254.91
Savona,290,09/12/2020,40,6265,6,292,0.047,2269.4
Savona,291,10/12/2020,44,6309,3,295,0.047,2285.34
Savona,292,11/12/2020,38,6347,1,296,0.047,2299.1
Savona,293,12/12/2020,50,6397,1,297,0.046,2317.22
Savona,294,13/12/2020,106,6503,0,297,0.046,2355.61
Savona,295,14/12/2020,65,6568,0,297,0.045,2379.16
Savona,296,15/12/2020,59,6627,2,299,0.045,2400.53
Savona,297,16/12/2020,24,6651,1,300,0.045,2409.22
Savona,298,17/12/2020,58,6709,0,300,0.045,2430.23
Savona,299,18/12/2020,32,6741,0,300,0.045,2441.83
Savona,300,19/12/2020,63,6804,4,304,0.045,2464.65
Savona,301,20/12/2020,43,6847,0,304,0.044,2480.22
Savona,302,21/12/2020,68,6915,0,304,0.044,2504.85
Savona,303,22/12/2020,55,6970,10,314,0.045,2524.78
Savona,304,23/12/2020,54,7024,7,321,0.046,2544.34
Savona,305,24/12/2020,46,7070,4,325,0.046,2561
Savona,306,25/12/2020,105,7175,0,325,0.045,2599.04
Savona,307,26/12/2020,18,7193,0,325,0.045,2605.56
Savona,308,27/12/2020,12,7205,2,327,0.045,2609.9
Savona,309,28/12/2020,13,7218,0,327,0.045,2614.61
Savona,310,29/12/2020,79,7297,0,327,0.045,2643.23
Savona,311,30/12/2020,52,7349,0,327,0.044,2662.06
Savona,312,31/12/2020,148,7497,0,327,0.044,2715.67
Savona,313,01/01/2021,96,7593,0,327,0.043,2750.45
Savona,314,02/01/2021,75,7668,0,327,0.043,2777.62
Savona,315,03/01/2021,31,7699,0,327,0.042,2788.85
Savona,316,04/01/2021,65,7764,0,327,0.042,2812.39
Savona,317,05/01/2021,117,7881,0,327,0.041,2854.77
Savona,318,06/01/2021,87,7968,0,327,0.041,2886.29
Savona,319,07/01/2021,61,8029,0,327,0.041,2908.38
Savona,320,08/01/2021,114,8143,1,328,0.04,2949.68
Savona,321,09/01/2021,169,8312,12,340,0.041,3010.9
Savona,322,10/01/2021,136,8448,1,341,0.04,3060.16
Savona,323,11/01/2021,71,8519,0,341,0.04,3085.88
Savona,324,12/01/2021,75,8594,0,341,0.04,3113.05
Savona,325,13/01/2021,88,8682,0,341,0.039,3144.92
Savona,326,14/01/2021,67,8749,0,341,0.039,3169.19
Savona,327,15/01/2021,78,8827,0,341,0.039,3197.45
Savona,328,16/01/2021,106,8933,0,341,0.038,3235.84
Savona,329,17/01/2021,67,9000,0,341,0.038,3260.11
Savona,330,18/01/2021,150,9150,0,341,0.037,3314.45
Savona,331,19/01/2021,80,9230,0,341,0.037,3343.43
Savona,332,20/01/2021,67,9297,0,341,0.037,3367.7
