Province,Day,Date,New_cases,Curr_pos_cases,Deaths,Tot_deaths,Lethality_rate,Cumul_rates
Barletta-Andria-Trani,1,24/02/2020,0,0,0,0,0,0
Barletta-Andria-Trani,2,25/02/2020,0,0,0,0,0,0
Barletta-Andria-Trani,3,26/02/2020,0,0,0,0,0,0
Barletta-Andria-Trani,4,27/02/2020,0,0,0,0,0,0
Barletta-Andria-Trani,5,28/02/2020,0,0,0,0,0,0
Barletta-Andria-Trani,6,29/02/2020,0,0,0,0,0,0
Barletta-Andria-Trani,7,01/03/2020,0,0,0,0,0,0
Barletta-Andria-Trani,8,02/03/2020,0,0,0,0,0,0
Barletta-Andria-Trani,9,03/03/2020,0,0,0,0,0,0
Barletta-Andria-Trani,10,04/03/2020,1,1,0,0,0,0.256403025
Barletta-Andria-Trani,11,05/03/2020,0,1,0,0,0,0.256403025
Barletta-Andria-Trani,12,06/03/2020,0,1,0,0,0,0.256403025
Barletta-Andria-Trani,13,07/03/2020,1,2,0,0,0,0.5128060489999999
Barletta-Andria-Trani,14,08/03/2020,1,3,0,0,0,0.769209074
Barletta-Andria-Trani,15,09/03/2020,0,3,0,0,0,0.769209074
Barletta-Andria-Trani,16,10/03/2020,0,3,0,0,0,0.769209074
Barletta-Andria-Trani,17,11/03/2020,1,4,0,0,0,1.0256120979999999
Barletta-Andria-Trani,18,12/03/2020,2,6,0,0,0,1.5384181469999998
Barletta-Andria-Trani,19,13/03/2020,4,10,0,0,0,2.564030245
Barletta-Andria-Trani,20,14/03/2020,7,17,0,0,0,4.3588514169999995
Barletta-Andria-Trani,21,15/03/2020,5,22,1,1,0.045,5.64086654
Barletta-Andria-Trani,22,16/03/2020,0,22,2,3,0.136,5.64086654
Barletta-Andria-Trani,23,17/03/2020,1,23,0,3,0.13,5.897269564
Barletta-Andria-Trani,24,18/03/2020,0,23,1,4,0.174,5.897269564
Barletta-Andria-Trani,25,19/03/2020,3,26,1,5,0.192,6.666478637999999
Barletta-Andria-Trani,26,20/03/2020,4,30,0,5,0.167,7.692090736
Barletta-Andria-Trani,27,21/03/2020,2,32,0,5,0.156,8.204896785
Barletta-Andria-Trani,28,22/03/2020,17,49,0,5,0.102,12.5637482
Barletta-Andria-Trani,29,23/03/2020,10,59,0,5,0.085,15.12777845
Barletta-Andria-Trani,30,24/03/2020,3,62,0,5,0.081,15.89698752
Barletta-Andria-Trani,31,25/03/2020,3,65,0,5,0.077,16.66619659
Barletta-Andria-Trani,32,26/03/2020,20,85,0,5,0.059,21.79425709
Barletta-Andria-Trani,33,27/03/2020,7,92,0,5,0.054,23.58907826
Barletta-Andria-Trani,34,28/03/2020,4,96,0,5,0.052,24.61469035
Barletta-Andria-Trani,35,29/03/2020,2,98,0,5,0.051,25.1274964
Barletta-Andria-Trani,36,30/03/2020,5,103,0,5,0.049,26.40951153
Barletta-Andria-Trani,37,31/03/2020,8,111,0,5,0.045,28.46073572
Barletta-Andria-Trani,38,01/04/2020,5,116,0,5,0.043,29.74275085
Barletta-Andria-Trani,39,02/04/2020,10,126,1,6,0.048,32.30678109
Barletta-Andria-Trani,40,03/04/2020,3,129,1,7,0.054,33.07599016
Barletta-Andria-Trani,41,04/04/2020,0,129,0,7,0.054,33.07599016
Barletta-Andria-Trani,42,05/04/2020,9,138,1,8,0.058,35.38361739
Barletta-Andria-Trani,43,06/04/2020,39,177,2,10,0.056,45.38333534
Barletta-Andria-Trani,44,07/04/2020,0,177,0,10,0.056,45.38333534
Barletta-Andria-Trani,45,08/04/2020,35,212,1,11,0.052,54.357441200000004
Barletta-Andria-Trani,46,09/04/2020,0,212,0,11,0.052,54.357441200000004
Barletta-Andria-Trani,47,10/04/2020,31,243,1,12,0.049,62.30593496
Barletta-Andria-Trani,48,11/04/2020,17,260,0,12,0.046,66.66478638
Barletta-Andria-Trani,49,12/04/2020,36,296,1,13,0.044,75.89529526
Barletta-Andria-Trani,50,13/04/2020,5,301,1,14,0.047,77.17731038
Barletta-Andria-Trani,51,14/04/2020,5,306,0,14,0.046,78.45932551
Barletta-Andria-Trani,52,15/04/2020,9,315,1,15,0.048,80.76695273
Barletta-Andria-Trani,53,16/04/2020,15,330,1,16,0.048,84.61299809
Barletta-Andria-Trani,54,17/04/2020,3,333,2,18,0.054,85.38220717
Barletta-Andria-Trani,55,18/04/2020,2,335,1,19,0.057,85.89501322
Barletta-Andria-Trani,56,19/04/2020,0,335,0,19,0.057,85.89501322
Barletta-Andria-Trani,57,20/04/2020,0,335,0,19,0.057,85.89501322
Barletta-Andria-Trani,58,21/04/2020,3,338,11,30,0.089,86.66422229
Barletta-Andria-Trani,59,22/04/2020,20,358,0,30,0.084,91.79228278
Barletta-Andria-Trani,60,23/04/2020,2,360,0,30,0.083,92.30508883
Barletta-Andria-Trani,61,24/04/2020,1,361,0,30,0.083,92.56149186
Barletta-Andria-Trani,62,25/04/2020,4,365,1,31,0.085,93.58710395
Barletta-Andria-Trani,63,26/04/2020,1,366,2,33,0.09,93.84350698
Barletta-Andria-Trani,64,27/04/2020,2,368,1,34,0.092,94.35631303
Barletta-Andria-Trani,65,28/04/2020,3,371,0,34,0.092,95.12552209999998
Barletta-Andria-Trani,66,29/04/2020,0,371,1,35,0.094,95.12552209999998
Barletta-Andria-Trani,67,30/04/2020,2,373,1,36,0.097,95.63832815
Barletta-Andria-Trani,68,01/05/2020,1,374,0,36,0.096,95.89473117
Barletta-Andria-Trani,69,02/05/2020,3,377,0,36,0.095,96.66394025
Barletta-Andria-Trani,70,03/05/2020,2,379,0,36,0.095,97.1767463
Barletta-Andria-Trani,71,04/05/2020,0,379,2,38,0.1,97.1767463
Barletta-Andria-Trani,72,05/05/2020,0,379,0,38,0.1,97.1767463
Barletta-Andria-Trani,73,06/05/2020,1,380,0,38,0.1,97.43314932
Barletta-Andria-Trani,74,07/05/2020,0,380,0,38,0.1,97.43314932
Barletta-Andria-Trani,75,08/05/2020,-1,379,1,39,0.103,97.1767463
Barletta-Andria-Trani,76,09/05/2020,2,381,0,39,0.102,97.68955235
Barletta-Andria-Trani,77,10/05/2020,0,381,1,40,0.105,97.68955235
Barletta-Andria-Trani,78,11/05/2020,0,381,1,41,0.108,97.68955235
Barletta-Andria-Trani,79,12/05/2020,0,381,2,43,0.113,97.68955235
Barletta-Andria-Trani,80,13/05/2020,0,381,0,43,0.113,97.68955235
Barletta-Andria-Trani,81,14/05/2020,1,382,1,44,0.115,97.94595537
Barletta-Andria-Trani,82,15/05/2020,0,382,0,44,0.115,97.94595537
Barletta-Andria-Trani,83,16/05/2020,0,382,0,44,0.115,97.94595537
Barletta-Andria-Trani,84,17/05/2020,0,382,5,49,0.128,97.94595537
Barletta-Andria-Trani,85,18/05/2020,-1,381,0,49,0.129,97.68955235
Barletta-Andria-Trani,86,19/05/2020,0,381,1,50,0.131,97.68955235
Barletta-Andria-Trani,87,20/05/2020,2,383,0,50,0.131,98.20235840000001
Barletta-Andria-Trani,88,21/05/2020,-1,382,0,50,0.131,97.94595537
Barletta-Andria-Trani,89,22/05/2020,0,382,1,51,0.134,97.94595537
Barletta-Andria-Trani,90,23/05/2020,-1,381,0,51,0.134,97.68955235
Barletta-Andria-Trani,91,24/05/2020,0,381,1,52,0.136,97.68955235
Barletta-Andria-Trani,92,25/05/2020,0,381,3,55,0.144,97.68955235
Barletta-Andria-Trani,93,26/05/2020,1,382,2,57,0.149,97.94595537
Barletta-Andria-Trani,94,27/05/2020,1,383,0,57,0.149,98.94595537
Barletta-Andria-Trani,95,28/05/2020,-2,381,0,57,0.15,97.68955235
Barletta-Andria-Trani,96,29/05/2020,-1,380,0,57,0.15,97.43314932
Barletta-Andria-Trani,97,30/05/2020,0,380,0,57,0.15,97.43314932
Barletta-Andria-Trani,98,31/05/2020,0,380,0,57,0.15,97.43314932
Barletta-Andria-Trani,99,01/06/2020,0,380,2,59,0.155,97.43314932
Barletta-Andria-Trani,100,02/06/2020,0,380,0,59,0.155,97.43314932
Barletta-Andria-Trani,101,03/06/2020,0,380,0,59,0.155,97.43314932
Barletta-Andria-Trani,102,04/06/2020,0,380,0,59,0.155,97.43314932
Barletta-Andria-Trani,103,05/06/2020,0,380,0,59,0.155,97.43314932
Barletta-Andria-Trani,104,06/06/2020,0,380,0,59,0.155,97.43314932
Barletta-Andria-Trani,105,07/06/2020,0,380,0,59,0.155,97.43314932
Barletta-Andria-Trani,106,08/06/2020,0,380,0,59,0.155,97.43314932
Barletta-Andria-Trani,107,09/06/2020,0,380,0,59,0.155,97.43314932
Barletta-Andria-Trani,108,10/06/2020,0,380,0,59,0.155,97.43314932
Barletta-Andria-Trani,109,11/06/2020,0,380,0,59,0.155,97.43314932
Barletta-Andria-Trani,110,12/06/2020,0,380,1,60,0.158,97.43314932
Barletta-Andria-Trani,111,13/06/2020,0,380,0,60,0.158,97.43314932
Barletta-Andria-Trani,112,14/06/2020,0,380,0,60,0.158,97.43314932
Barletta-Andria-Trani,113,15/06/2020,0,380,0,60,0.158,97.43314932
Barletta-Andria-Trani,114,16/06/2020,0,380,0,60,0.158,97.43314932
Barletta-Andria-Trani,115,17/06/2020,0,380,0,60,0.158,97.43314932
Barletta-Andria-Trani,116,18/06/2020,0,380,1,61,0.161,97.43314932
Barletta-Andria-Trani,117,19/06/2020,0,380,0,61,0.161,97.43314932
Barletta-Andria-Trani,118,20/06/2020,0,380,0,61,0.161,97.43314932
Barletta-Andria-Trani,119,21/06/2020,0,380,0,61,0.161,97.43314932
Barletta-Andria-Trani,120,22/06/2020,0,380,0,61,0.161,97.43314932
Barletta-Andria-Trani,121,23/06/2020,0,380,1,62,0.163,97.43314932
Barletta-Andria-Trani,122,24/06/2020,0,380,0,62,0.163,97.43314932
Barletta-Andria-Trani,123,25/06/2020,0,380,0,62,0.163,97.43314932
Barletta-Andria-Trani,124,26/06/2020,0,380,0,62,0.163,97.43314932
Barletta-Andria-Trani,125,27/06/2020,0,380,0,62,0.163,97.43314932
Barletta-Andria-Trani,126,28/06/2020,0,380,0,62,0.163,97.43314932
Barletta-Andria-Trani,127,29/06/2020,0,380,0,62,0.163,97.43314932
Barletta-Andria-Trani,128,30/06/2020,0,380,0,62,0.163,97.43314932
Barletta-Andria-Trani,129,01/07/2020,0,380,0,62,0.163,97.43314932
Barletta-Andria-Trani,130,02/07/2020,0,380,0,62,0.163,97.43314932
Barletta-Andria-Trani,131,03/07/2020,0,380,0,62,0.163,97.43314932
Barletta-Andria-Trani,132,04/07/2020,1,381,0,62,0.163,97.68955235
Barletta-Andria-Trani,133,05/07/2020,0,381,0,62,0.163,97.68955235
Barletta-Andria-Trani,134,06/07/2020,1,382,0,62,0.162,97.94595537
Barletta-Andria-Trani,135,07/07/2020,0,382,0,62,0.162,97.94595537
Barletta-Andria-Trani,136,08/07/2020,0,382,0,62,0.162,97.94595537
Barletta-Andria-Trani,137,09/07/2020,0,382,0,62,0.162,97.94595537
Barletta-Andria-Trani,138,10/07/2020,0,382,0,62,0.162,97.94595537
Barletta-Andria-Trani,139,11/07/2020,0,382,0,62,0.162,97.94595537
Barletta-Andria-Trani,140,12/07/2020,0,382,0,62,0.162,97.94595537
Barletta-Andria-Trani,141,13/07/2020,0,382,0,62,0.162,97.94595537
Barletta-Andria-Trani,142,14/07/2020,0,382,0,62,0.162,97.94595537
Barletta-Andria-Trani,143,15/07/2020,0,382,0,62,0.162,97.94595537
Barletta-Andria-Trani,144,16/07/2020,0,382,0,62,0.162,97.94595537
Barletta-Andria-Trani,145,17/07/2020,0,382,0,62,0.162,97.94595537
Barletta-Andria-Trani,146,18/07/2020,0,382,0,62,0.162,97.94595537
Barletta-Andria-Trani,147,19/07/2020,0,382,0,62,0.162,97.94595537
Barletta-Andria-Trani,148,20/07/2020,0,382,0,62,0.162,97.94595537
Barletta-Andria-Trani,149,21/07/2020,0,382,0,62,0.162,97.94595537
Barletta-Andria-Trani,150,22/07/2020,0,382,0,62,0.162,97.94595537
Barletta-Andria-Trani,151,23/07/2020,0,382,0,62,0.162,97.94595537
Barletta-Andria-Trani,152,24/07/2020,0,382,0,62,0.162,97.94595537
Barletta-Andria-Trani,153,25/07/2020,0,382,0,62,0.162,97.94595537
Barletta-Andria-Trani,154,26/07/2020,0,382,0,62,0.162,97.94595537
Barletta-Andria-Trani,155,27/07/2020,0,382,0,62,0.162,97.94595537
Barletta-Andria-Trani,156,28/07/2020,0,382,0,62,0.162,97.94595537
Barletta-Andria-Trani,157,29/07/2020,0,382,0,62,0.162,97.94595537
Barletta-Andria-Trani,158,30/07/2020,0,382,0,62,0.162,97.94595537
Barletta-Andria-Trani,159,31/07/2020,0,382,0,62,0.162,97.94595537
Barletta-Andria-Trani,160,01/08/2020,0,382,0,62,0.162,97.94595537
Barletta-Andria-Trani,161,02/08/2020,0,382,0,62,0.162,97.94595537
Barletta-Andria-Trani,162,03/08/2020,0,382,0,62,0.162,97.94595537
Barletta-Andria-Trani,163,04/08/2020,0,382,0,62,0.162,97.94595537
Barletta-Andria-Trani,164,05/08/2020,0,382,0,62,0.162,97.94595537
Barletta-Andria-Trani,165,06/08/2020,0,382,0,62,0.162,97.94595537
Barletta-Andria-Trani,166,07/08/2020,0,382,0,62,0.162,97.94595537
Barletta-Andria-Trani,167,08/08/2020,0,382,0,62,0.162,97.94595537
Barletta-Andria-Trani,168,09/08/2020,0,382,0,62,0.162,97.94595537
Barletta-Andria-Trani,169,10/08/2020,0,382,0,62,0.162,97.94595537
Barletta-Andria-Trani,170,11/08/2020,2,384,0,62,0.161,98.45876142
Barletta-Andria-Trani,171,12/08/2020,5,389,0,62,0.159,99.74077654
Barletta-Andria-Trani,172,13/08/2020,1,390,0,62,0.159,99.99717957
Barletta-Andria-Trani,173,14/08/2020,0,390,0,62,0.159,99.99717957
Barletta-Andria-Trani,174,15/08/2020,0,390,0,62,0.159,99.99717957
Barletta-Andria-Trani,175,16/08/2020,0,390,0,62,0.159,99.99717957
Barletta-Andria-Trani,176,17/08/2020,0,390,0,62,0.159,99.99717956673015
Barletta-Andria-Trani,177,18/08/2020,4,394,0,62,0.157,101.02279166485049
Barletta-Andria-Trani,178,19/08/2020,0,394,0,62,0.157,101.02279166485049
Barletta-Andria-Trani,179,20/08/2020,4,398,0,62,0.156,102.04840376297078
Barletta-Andria-Trani,180,21/08/2020,4,402,0,62,0.154,103.07401586109108
Barletta-Andria-Trani,181,22/08/2020,1,403,0,62,0.154,103.3304188856212
Barletta-Andria-Trani,182,23/08/2020,2,405,0,62,0.153,103.84322493468132
Barletta-Andria-Trani,183,24/08/2020,10,415,0,62,0.149,106.40725517998207
Barletta-Andria-Trani,184,25/08/2020,1,416,0,62,0.149,106.6636582045122
Barletta-Andria-Trani,185,26/08/2020,6,422,0,62,0.147,108.20207635169264
Barletta-Andria-Trani,186,27/08/2020,1,423,0,62,0.147,108.45847937622273
Barletta-Andria-Trani,187,28/08/2020,6,429,0,62,0.145,109.9968975234032
Barletta-Andria-Trani,188,29/08/2020,3,432,0,62,0.144,110.76610659699345
Barletta-Andria-Trani,189,30/08/2020,8,440,0,62,0.141,112.81733079323405
Barletta-Andria-Trani,190,31/08/2020,2,442,0,62,0.14,113.3301368422942
Barletta-Andria-Trani,191,01/09/2020,7,449,0,62,0.138,115.12495801400476
Barletta-Andria-Trani,192,02/09/2020,0,449,0,62,0.138,115.12495801400476
Barletta-Andria-Trani,193,03/09/2020,12,461,0,62,0.134,118.20179430836569
Barletta-Andria-Trani,194,04/09/2020,2,463,0,62,0.134,118.71460035742584
Barletta-Andria-Trani,195,05/09/2020,5,468,0,62,0.132,119.99661548007622
Barletta-Andria-Trani,196,06/09/2020,4,472,0,62,0.131,121.02222757819656
Barletta-Andria-Trani,197,07/09/2020,5,477,0,62,0.13,122.30424270084691
Barletta-Andria-Trani,198,08/09/2020,10,487,0,62,0.127,124.86827294614773
Barletta-Andria-Trani,199,09/09/2020,11,498,0,62,0.124,127.68870621597854
Barletta-Andria-Trani,200,10/09/2020,5,503,0,62,0.123,128.97072133862892
Barletta-Andria-Trani,201,11/09/2020,10,513,0,62,0.121,131.5347515839297
Barletta-Andria-Trani,202,12/09/2020,2,515,0,62,0.12,132.04755763298985
Barletta-Andria-Trani,203,13/09/2020,3,518,0,62,0.12,132.8167667065801
Barletta-Andria-Trani,204,14/09/2020,2,520,0,62,0.119,133.32957275564021
Barletta-Andria-Trani,205,15/09/2020,5,525,0,62,0.118,134.6115878782906
Barletta-Andria-Trani,206,16/09/2020,11,536,0,62,0.116,137.43202114812146
