Province,Day,Date,New_cases,Curr_pos_cases,Deaths,Tot_deaths,Lethality_rate,Cumul_rates
Foggia,1,24/02/2020,0,0,0,0,0,0
Foggia,2,25/02/2020,0,0,0,0,0,0
Foggia,3,26/02/2020,0,0,0,0,0,0
Foggia,4,27/02/2020,0,0,0,0,0,0
Foggia,5,28/02/2020,0,0,0,0,0,0
Foggia,6,29/02/2020,0,0,0,0,0,0
Foggia,7,01/03/2020,0,0,0,0,0,0
Foggia,8,02/03/2020,0,0,0,0,0,0
Foggia,9,03/03/2020,1,1,1,1,1,0.16
Foggia,10,04/03/2020,1,2,0,1,0.5,0.32
Foggia,11,05/03/2020,5,7,0,1,0.14,1.13
Foggia,12,06/03/2020,0,7,1,2,0.29,1.13
Foggia,13,07/03/2020,2,9,1,3,0.33,1.45
Foggia,14,08/03/2020,7,16,0,3,0.19,2.57
Foggia,15,09/03/2020,7,23,0,3,0.13,3.7
Foggia,16,10/03/2020,0,23,1,4,0.17,3.7
Foggia,17,11/03/2020,1,24,0,4,0.17,3.86
Foggia,18,12/03/2020,9,33,0,4,0.12,5.3
Foggia,19,13/03/2020,1,34,0,4,0.12,5.46
Foggia,20,14/03/2020,18,52,0,4,0.08,8.36
Foggia,21,15/03/2020,10,62,0,4,0.06,9.96
Foggia,22,16/03/2020,0,62,0,4,0.06,9.96
Foggia,23,17/03/2020,29,91,0,4,0.04,14.63
Foggia,24,18/03/2020,0,91,0,4,0.04,14.63
Foggia,25,19/03/2020,43,134,1,5,0.04,21.54
Foggia,26,20/03/2020,29,163,0,5,0.03,26.2
Foggia,27,21/03/2020,27,190,1,6,0.03,30.54
Foggia,28,22/03/2020,22,212,1,7,0.03,34.07
Foggia,29,23/03/2020,14,226,4,11,0.05,36.32
Foggia,30,24/03/2020,29,255,3,14,0.06,40.98
Foggia,31,25/03/2020,22,277,2,16,0.06,44.52
Foggia,32,26/03/2020,28,305,8,24,0.08,49.02
Foggia,33,27/03/2020,20,325,1,25,0.08,52.24
Foggia,34,28/03/2020,30,355,1,26,0.07,57.06
Foggia,35,29/03/2020,22,377,10,36,0.1,60.59
Foggia,36,30/03/2020,28,405,3,39,0.1,65.09
Foggia,37,31/03/2020,52,457,9,48,0.1,73.45
Foggia,38,01/04/2020,33,490,2,50,0.1,78.75
Foggia,39,02/04/2020,12,502,3,53,0.11,80.68
Foggia,40,03/04/2020,25,527,6,59,0.11,84.7
Foggia,41,04/04/2020,19,546,0,59,0.11,87.76
Foggia,42,05/04/2020,18,564,5,64,0.11,90.65
Foggia,43,06/04/2020,41,605,4,68,0.11,97.24
Foggia,44,07/04/2020,30,635,5,73,0.12,102.06
Foggia,45,08/04/2020,17,652,4,77,0.12,104.79
Foggia,46,09/04/2020,49,701,1,78,0.11,112.67
Foggia,47,10/04/2020,20,721,2,80,0.11,115.88
Foggia,48,11/04/2020,3,724,3,83,0.12,116.36
Foggia,49,12/04/2020,15,739,2,85,0.12,118.78
Foggia,50,13/04/2020,-2,737,2,87,0.12,118.45
Foggia,51,14/04/2020,5,742,3,90,0.12,119.26
Foggia,52,15/04/2020,14,756,3,93,0.12,121.51
Foggia,53,16/04/2020,24,780,4,97,0.12,125.37
Foggia,54,17/04/2020,27,807,0,97,0.12,129.7
Foggia,55,18/04/2020,15,822,1,98,0.12,132.12
Foggia,56,19/04/2020,30,852,1,99,0.12,136.94
Foggia,57,20/04/2020,16,868,4,103,0.12,139.51
Foggia,58,21/04/2020,28,896,3,106,0.12,144.01
Foggia,59,22/04/2020,37,933,3,109,0.12,149.96
Foggia,60,23/04/2020,23,956,6,115,0.12,153.65
Foggia,61,24/04/2020,13,969,2,117,0.12,155.74
Foggia,62,25/04/2020,9,978,4,121,0.12,157.19
Foggia,63,26/04/2020,8,986,5,126,0.13,158.47
Foggia,64,27/04/2020,3,989,4,130,0.13,158.96
Foggia,65,28/04/2020,15,1004,0,130,0.13,161.37
Foggia,66,29/04/2020,28,1032,1,131,0.13,165.87
Foggia,67,30/04/2020,12,1044,1,132,0.13,167.8
Foggia,68,01/05/2020,6,1050,3,135,0.13,168.76
Foggia,69,02/05/2020,16,1066,0,135,0.13,171.33
Foggia,70,03/05/2020,2,1068,0,135,0.13,171.65
Foggia,71,04/05/2020,2,1070,1,136,0.13,171.98
Foggia,72,05/05/2020,7,1077,2,138,0.13,173.1
Foggia,73,06/05/2020,11,1088,2,140,0.13,174.87
Foggia,74,07/05/2020,10,1098,1,141,0.13,176.48
Foggia,75,08/05/2020,5,1103,0,141,0.13,177.28
Foggia,76,09/05/2020,5,1108,0,141,0.13,178.08
Foggia,77,10/05/2020,3,1111,2,143,0.13,178.56
Foggia,78,11/05/2020,5,1116,1,144,0.13,179.37
Foggia,79,12/05/2020,1,1117,1,145,0.13,179.53
Foggia,80,13/05/2020,2,1119,2,147,0.13,179.85
Foggia,81,14/05/2020,2,1121,0,147,0.13,180.17
Foggia,82,15/05/2020,4,1125,0,147,0.13,180.81
Foggia,83,16/05/2020,1,1126,0,147,0.13,180.98
Foggia,84,17/05/2020,1,1127,0,147,0.13,181.14
Foggia,85,18/05/2020,1,1128,0,147,0.13,181.3
Foggia,86,19/05/2020,1,1129,0,147,0.13,181.46
Foggia,87,20/05/2020,2,1131,1,148,0.13,181.78
Foggia,88,21/05/2020,1,1132,0,148,0.13,181.94
Foggia,89,22/05/2020,3,1135,0,148,0.13,182.42
Foggia,90,23/05/2020,0,1135,0,148,0.13,182.42
Foggia,91,24/05/2020,7,1142,0,148,0.13,183.55
Foggia,92,25/05/2020,0,1142,1,149,0.13,183.55
Foggia,93,26/05/2020,0,1142,0,149,0.13,183.55
Foggia,94,27/05/2020,10,1152,0,149,0.13,185.15
Foggia,95,28/05/2020,1,1153,0,149,0.13,185.32
Foggia,96,29/05/2020,0,1153,1,150,0.13,185.32
Foggia,97,30/05/2020,0,1153,0,150,0.13,185.32
Foggia,98,31/05/2020,3,1156,1,151,0.13,185.8
Foggia,99,01/06/2020,0,1156,0,151,0.13,185.8
Foggia,100,02/06/2020,0,1156,0,151,0.13,185.8
Foggia,101,03/06/2020,1,1157,2,153,0.13,185.96
Foggia,102,04/06/2020,0,1157,0,153,0.13,185.96
Foggia,103,05/06/2020,1,1158,1,154,0.13,186.12
Foggia,104,06/06/2020,3,1161,1,155,0.13,186.6
Foggia,105,07/06/2020,1,1162,0,155,0.13,186.76
Foggia,106,08/06/2020,0,1162,0,155,0.13,186.76
Foggia,107,09/06/2020,0,1162,0,155,0.13,186.76
Foggia,108,10/06/2020,0,1162,0,155,0.13,186.76
Foggia,109,11/06/2020,1,1163,1,156,0.13,186.92
Foggia,110,12/06/2020,1,1164,0,156,0.13,187.08
Foggia,111,13/06/2020,0,1164,0,156,0.13,187.08
Foggia,112,14/06/2020,0,1164,0,156,0.13,187.08
Foggia,113,15/06/2020,0,1164,1,157,0.14,187.08
Foggia,114,16/06/2020,0,1164,1,158,0.14,187.08
Foggia,115,17/06/2020,0,1164,0,158,0.14,187.08
Foggia,116,18/06/2020,-1,1163,0,158,0.14,186.92
Foggia,117,19/06/2020,1,1164,0,158,0.14,187.08
Foggia,118,20/06/2020,3,1167,1,159,0.14,187.57
Foggia,119,21/06/2020,1,1168,0,159,0.14,187.73
Foggia,120,22/06/2020,0,1168,0,159,0.14,187.73
Foggia,121,23/06/2020,2,1170,1,160,0.14,188.05
Foggia,122,24/06/2020,0,1170,0,160,0.14,188.05
Foggia,123,25/06/2020,0,1170,0,160,0.14,188.05
Foggia,124,26/06/2020,0,1170,0,160,0.14,188.05
Foggia,125,27/06/2020,0,1170,0,160,0.14,188.05
Foggia,126,28/06/2020,0,1170,0,160,0.14,188.05
Foggia,127,29/06/2020,0,1170,0,160,0.14,188.05
Foggia,128,30/06/2020,0,1170,1,161,0.14,188.05
Foggia,129,01/07/2020,-1,1169,0,161,0.14,187.89
Foggia,130,02/07/2020,0,1169,0,161,0.14,187.89
Foggia,131,03/07/2020,0,1169,0,161,0.14,187.89
Foggia,132,04/07/2020,0,1169,0,161,0.14,187.89
Foggia,133,05/07/2020,0,1169,0,161,0.14,187.89
Foggia,134,06/07/2020,0,1169,0,161,0.14,187.89
Foggia,135,07/07/2020,0,1169,1,162,0.14,187.89
Foggia,136,08/07/2020,0,1169,0,162,0.14,187.89
Foggia,137,09/07/2020,0,1169,0,162,0.14,187.89
Foggia,138,10/07/2020,0,1169,0,162,0.14,187.89
Foggia,139,11/07/2020,0,1169,0,162,0.14,187.89
Foggia,140,12/07/2020,0,1169,0,162,0.14,187.89
Foggia,141,13/07/2020,0,1169,0,162,0.14,187.89
Foggia,142,14/07/2020,0,1169,0,162,0.14,187.89
Foggia,143,15/07/2020,0,1169,0,162,0.14,187.89
Foggia,144,16/07/2020,0,1169,0,162,0.14,187.89
Foggia,145,17/07/2020,2,1171,0,162,0.14,188.21
Foggia,146,18/07/2020,0,1171,0,162,0.14,188.21
Foggia,147,19/07/2020,0,1171,0,162,0.14,188.21
Foggia,148,20/07/2020,0,1171,0,162,0.14,188.21
Foggia,149,21/07/2020,0,1171,0,162,0.14,188.21
Foggia,150,22/07/2020,0,1171,0,162,0.14,188.21
Foggia,151,23/07/2020,1,1172,0,162,0.14,188.37
Foggia,152,24/07/2020,6,1178,1,163,0.14,189.33
Foggia,153,25/07/2020,2,1180,0,163,0.14,189.65
Foggia,154,26/07/2020,0,1180,0,163,0.14,189.65
Foggia,155,27/07/2020,1,1181,1,164,0.14,189.82
Foggia,156,28/07/2020,2,1183,0,164,0.14,190.14
Foggia,157,29/07/2020,2,1185,0,164,0.14,190.46
Foggia,158,30/07/2020,0,1185,0,164,0.14,190.46
Foggia,159,31/07/2020,1,1186,0,164,0.14,190.62
Foggia,160,01/08/2020,12,1198,0,164,0.14,192.55
Foggia,161,02/08/2020,6,1204,0,164,0.14,193.51
Foggia,162,03/08/2020,1,1205,1,165,0.14,193.67
Foggia,163,04/08/2020,4,1209,0,165,0.14,194.32
Foggia,164,05/08/2020,9,1218,0,165,0.14,195.76
Foggia,165,06/08/2020,1,1219,0,165,0.14,195.92
Foggia,166,07/08/2020,3,1222,0,165,0.14,196.41
Foggia,167,08/08/2020,2,1224,0,165,0.14,196.73
Foggia,168,09/08/2020,6,1230,0,165,0.13,197.69
Foggia,169,10/08/2020,9,1239,0,165,0.13,199.14
Foggia,170,11/08/2020,1,1240,0,165,0.13,199.3
Foggia,171,12/08/2020,7,1247,0,165,0.13,200.42
Foggia,172,13/08/2020,3,1250,0,165,0.13,200.91
Foggia,173,14/08/2020,3,1253,0,165,0.13,201.39
Foggia,174,15/08/2020,13,1266,0,165,0.13,203.48
Foggia,175,16/08/2020,1,1267,0,165,0.13,203.64
Foggia,176,17/08/2020,1,1268,0,165,0.13,203.8
Foggia,177,18/08/2020,2,1270,0,165,0.13,204.12
Foggia,178,19/08/2020,8,1278,0,165,0.13,205.41
Foggia,179,20/08/2020,7,1285,0,165,0.13,206.53
Foggia,180,21/08/2020,12,1297,0,165,0.13,208.46
Foggia,181,22/08/2020,7,1304,0,165,0.13,209.58
Foggia,182,23/08/2020,9,1313,0,165,0.13,211.03
Foggia,183,24/08/2020,3,1316,0,165,0.12,211.51
Foggia,184,25/08/2020,1,1317,0,165,0.12,211.67
Foggia,185,26/08/2020,10,1327,0,165,0.12,213.28
Foggia,186,27/08/2020,10,1337,0,165,0.12,214.89
Foggia,187,28/08/2020,15,1352,0,165,0.12,217.3
Foggia,188,29/08/2020,5,1357,0,165,0.12,218.1
Foggia,189,30/08/2020,14,1371,0,165,0.12,220.35
Foggia,190,31/08/2020,6,1377,0,165,0.12,221.32
Foggia,191,01/09/2020,4,1381,0,165,0.12,221.96
Foggia,192,02/09/2020,5,1386,0,165,0.12,222.76
Foggia,193,03/09/2020,13,1399,0,165,0.12,224.85
Foggia,194,04/09/2020,7,1406,0,165,0.12,225.98
Foggia,195,05/09/2020,8,1414,0,165,0.12,227.26
Foggia,196,06/09/2020,12,1426,0,165,0.12,229.19
Foggia,197,07/09/2020,14,1440,1,166,0.12,231.44
Foggia,198,08/09/2020,12,1452,0,166,0.11,233.37
Foggia,199,09/09/2020,11,1463,0,166,0.11,235.14
Foggia,200,10/09/2020,13,1476,0,166,0.11,237.23
Foggia,201,11/09/2020,21,1497,0,166,0.11,240.6
Foggia,202,12/09/2020,12,1509,0,166,0.11,242.53
Foggia,203,13/09/2020,14,1523,0,166,0.11,244.78
Foggia,204,14/09/2020,6,1529,0,166,0.11,245.75
Foggia,205,15/09/2020,26,1555,0,166,0.11,249.93
Foggia,206,16/09/2020,22,1577,0,166,0.1,253.46
Foggia,207,17/09/2020,6,1583,0,166,0.1,254.43
Foggia,208,18/09/2020,23,1606,0,166,0.1,258.12
Foggia,209,19/09/2020,43,1649,0,166,0.1,265.03
Foggia,210,20/09/2020,8,1657,0,166,0.1,266.32
Foggia,211,21/09/2020,25,1682,0,166,0.1,270.34
Foggia,212,22/09/2020,10,1692,0,166,0.1,271.95
Foggia,213,23/09/2020,35,1727,0,166,0.1,277.57
Foggia,214,24/09/2020,19,1746,0,166,0.1,280.62
Foggia,215,25/09/2020,36,1782,0,166,0.09,286.41
Foggia,216,26/09/2020,9,1791,0,166,0.09,287.86
Foggia,217,27/09/2020,17,1808,2,168,0.09,290.59
Foggia,218,28/09/2020,9,1817,2,170,0.09,292.04
Foggia,219,29/09/2020,70,1887,0,170,0.09,303.29
Foggia,220,30/09/2020,0,1887,2,172,0.09,303.29
Foggia,221,01/10/2020,19,1906,1,173,0.09,306.34
Foggia,222,02/10/2020,29,1935,0,173,0.09,311
Foggia,223,03/10/2020,10,1945,0,173,0.09,312.61
Foggia,224,04/10/2020,16,1961,0,173,0.09,315.18
Foggia,225,05/10/2020,27,1988,0,173,0.09,319.52
Foggia,226,06/10/2020,26,2014,1,174,0.09,323.7
Foggia,227,07/10/2020,80,2094,0,174,0.08,336.56
Foggia,228,08/10/2020,27,2121,0,174,0.08,340.9
Foggia,229,09/10/2020,87,2208,0,174,0.08,354.88
Foggia,230,10/10/2020,60,2268,1,175,0.08,364.52
Foggia,231,11/10/2020,95,2363,1,176,0.07,379.79
Foggia,232,12/10/2020,4,2367,3,179,0.08,380.43
Foggia,233,13/10/2020,40,2407,0,179,0.07,386.86
Foggia,234,14/10/2020,55,2462,1,180,0.07,395.7
Foggia,235,15/10/2020,25,2487,3,183,0.07,399.72
Foggia,236,16/10/2020,45,2532,1,184,0.07,406.95
Foggia,237,17/10/2020,89,2621,0,184,0.07,421.26
Foggia,238,18/10/2020,75,2696,0,184,0.07,433.31
Foggia,239,19/10/2020,63,2759,1,185,0.07,443.44
Foggia,240,20/10/2020,91,2850,3,188,0.07,458.06
Foggia,241,21/10/2020,61,2911,0,188,0.06,467.87
Foggia,242,22/10/2020,132,3043,0,188,0.06,489.08
Foggia,243,23/10/2020,176,3219,2,190,0.06,517.37
Foggia,244,24/10/2020,123,3342,2,192,0.06,537.14
Foggia,245,25/10/2020,103,3445,4,196,0.06,553.7
Foggia,246,26/10/2020,109,3554,0,196,0.06,571.21
Foggia,247,27/10/2020,137,3691,10,206,0.06,593.23
Foggia,248,28/10/2020,117,3808,7,213,0.06,612.04
Foggia,249,29/10/2020,208,4016,5,218,0.05,645.47
Foggia,250,30/10/2020,171,4187,6,224,0.05,672.95
Foggia,251,31/10/2020,227,4414,7,231,0.05,709.44
Foggia,252,01/11/2020,227,4641,2,233,0.05,745.92
Foggia,253,02/11/2020,169,4810,2,235,0.05,773.08
Foggia,254,03/11/2020,115,4925,11,246,0.05,791.57
Foggia,255,04/11/2020,229,5154,1,247,0.05,828.37
Foggia,256,05/11/2020,273,5427,9,256,0.05,872.25
Foggia,257,06/11/2020,291,5718,2,258,0.04,919.02
Foggia,258,07/11/2020,312,6030,4,262,0.04,969.17
Foggia,259,08/11/2020,203,6233,9,271,0.04,1001.8
Foggia,260,09/11/2020,155,6388,0,271,0.04,1026.71
Foggia,261,10/11/2020,318,6706,17,288,0.04,1077.82
Foggia,262,11/11/2020,189,6895,2,290,0.04,1108.19
Foggia,263,12/11/2020,232,7127,8,298,0.04,1145.48
Foggia,264,13/11/2020,269,7396,12,310,0.04,1188.72
Foggia,265,14/11/2020,524,7920,5,315,0.04,1272.94
Foggia,266,15/11/2020,121,8041,2,317,0.04,1292.39
Foggia,267,16/11/2020,426,8467,2,319,0.04,1360.85
Foggia,268,17/11/2020,182,8649,16,335,0.04,1390.11
Foggia,269,18/11/2020,228,8877,1,336,0.04,1426.75
Foggia,270,19/11/2020,154,9031,4,340,0.04,1451.5
Foggia,271,20/11/2020,405,9436,1,341,0.04,1516.6
Foggia,272,21/11/2020,335,9771,5,346,0.04,1570.44
Foggia,273,22/11/2020,397,10168,1,347,0.03,1634.25
Foggia,274,23/11/2020,168,10336,18,365,0.04,1661.25
Foggia,275,24/11/2020,407,10743,3,368,0.03,1726.66
Foggia,276,25/11/2020,308,11051,1,369,0.03,1776.17
Foggia,277,26/11/2020,163,11214,5,374,0.03,1802.36
Foggia,278,27/11/2020,345,11559,15,389,0.03,1857.81
Foggia,279,28/11/2020,384,11943,5,394,0.03,1919.53
Foggia,280,29/11/2020,448,12391,3,397,0.03,1991.54
Foggia,281,30/11/2020,198,12589,3,400,0.03,2023.36
Foggia,282,01/12/2020,567,13156,2,402,0.03,2114.49
Foggia,283,02/12/2020,208,13364,10,412,0.03,2147.92
Foggia,284,03/12/2020,250,13614,6,418,0.03,2188.1
Foggia,285,04/12/2020,106,13720,35,453,0.03,2205.14
Foggia,286,05/12/2020,444,14164,10,463,0.03,2276.5
Foggia,287,06/12/2020,214,14378,5,468,0.03,2310.9
Foggia,288,07/12/2020,462,14840,7,475,0.03,2385.15
Foggia,289,08/12/2020,119,14959,6,481,0.03,2404.28
Foggia,290,09/12/2020,236,15195,3,484,0.03,2442.21
Foggia,291,10/12/2020,314,15509,27,511,0.03,2492.67
Foggia,292,11/12/2020,258,15767,9,520,0.03,2534.14
Foggia,293,12/12/2020,255,16022,9,529,0.03,2575.13
Foggia,294,13/12/2020,281,16303,6,535,0.03,2620.29
Foggia,295,14/12/2020,262,16565,8,543,0.03,2662.4
Foggia,296,15/12/2020,145,16710,145,688,0.04,2685.71
Foggia,297,16/12/2020,242,16952,0,688,0.04,2724.6
