Province,Day,Date,New_cases,Curr_pos_cases,Deaths,Tot_deaths,Lethality_rate,Cumul_rates
Lecce,1,24/02/2020,0,0,0,0,0,0
Lecce,2,25/02/2020,0,0,0,0,0,0
Lecce,3,26/02/2020,0,0,0,0,0,0
Lecce,4,27/02/2020,0,0,0,0,0,0
Lecce,5,28/02/2020,0,0,0,0,0,0
Lecce,6,29/02/2020,0,0,0,0,0,0
Lecce,7,01/03/2020,0,0,0,0,0,0
Lecce,8,02/03/2020,0,0,0,0,0,0
Lecce,9,03/03/2020,0,0,0,0,0,0
Lecce,10,04/03/2020,1,1,0,0,0,0.13
Lecce,11,05/03/2020,0,1,0,0,0,0.13
Lecce,12,06/03/2020,2,3,0,0,0,0.38
Lecce,13,07/03/2020,1,4,0,0,0,0.5
Lecce,14,08/03/2020,6,10,0,0,0,1.26
Lecce,15,09/03/2020,0,10,0,0,0,1.26
Lecce,16,10/03/2020,0,10,1,1,0.1,1.26
Lecce,17,11/03/2020,2,12,0,1,0.08,1.51
Lecce,18,12/03/2020,6,18,0,1,0.06,2.26
Lecce,19,13/03/2020,1,19,0,1,0.05,2.39
Lecce,20,14/03/2020,5,24,3,4,0.17,3.02
Lecce,21,15/03/2020,14,38,2,6,0.16,4.78
Lecce,22,16/03/2020,0,38,0,6,0.16,4.78
Lecce,23,17/03/2020,24,62,0,6,0.1,7.8
Lecce,24,18/03/2020,3,65,0,6,0.09,8.17
Lecce,25,19/03/2020,6,71,0,6,0.09,8.93
Lecce,26,20/03/2020,17,88,0,6,0.07,11.07
Lecce,27,21/03/2020,15,103,0,6,0.06,12.95
Lecce,28,22/03/2020,17,120,1,7,0.06,15.09
Lecce,29,23/03/2020,29,149,1,8,0.05,18.74
Lecce,30,24/03/2020,12,161,1,9,0.06,20.25
Lecce,31,25/03/2020,3,164,1,10,0.06,20.63
Lecce,32,26/03/2020,13,177,1,11,0.06,22.26
Lecce,33,27/03/2020,38,215,1,12,0.06,27.04
Lecce,34,28/03/2020,24,239,1,13,0.05,30.06
Lecce,35,29/03/2020,0,239,2,15,0.06,30.06
Lecce,36,30/03/2020,54,293,1,16,0.06,36.85
Lecce,37,31/03/2020,10,303,3,19,0.06,38.11
Lecce,38,01/04/2020,18,321,5,24,0.07,40.37
Lecce,39,02/04/2020,32,353,1,25,0.07,44.4
Lecce,40,03/04/2020,6,359,11,36,0.1,45.15
Lecce,41,04/04/2020,3,362,1,37,0.1,45.53
Lecce,42,05/04/2020,6,368,3,40,0.11,46.28
Lecce,43,06/04/2020,10,378,0,40,0.11,47.54
Lecce,44,07/04/2020,6,384,0,40,0.1,48.29
Lecce,45,08/04/2020,5,389,2,42,0.11,48.92
Lecce,46,09/04/2020,6,395,2,44,0.11,49.68
Lecce,47,10/04/2020,8,403,3,47,0.12,50.68
Lecce,48,11/04/2020,15,418,0,47,0.11,52.57
Lecce,49,12/04/2020,0,418,0,47,0.11,52.57
Lecce,50,13/04/2020,6,424,1,48,0.11,53.32
Lecce,51,14/04/2020,1,425,0,48,0.11,53.45
Lecce,52,15/04/2020,1,426,1,49,0.12,53.58
Lecce,53,16/04/2020,1,427,0,49,0.12,53.7
Lecce,54,17/04/2020,7,434,1,50,0.12,54.58
Lecce,55,18/04/2020,9,443,2,52,0.12,55.71
Lecce,56,19/04/2020,8,451,0,52,0.12,56.72
Lecce,57,20/04/2020,1,452,1,53,0.12,56.85
Lecce,58,21/04/2020,0,452,2,55,0.12,56.85
Lecce,59,22/04/2020,9,461,2,57,0.12,57.98
Lecce,60,23/04/2020,5,466,0,57,0.12,58.61
Lecce,61,24/04/2020,0,466,1,58,0.12,58.61
Lecce,62,25/04/2020,4,470,0,58,0.12,59.11
Lecce,63,26/04/2020,5,475,0,58,0.12,59.74
Lecce,64,27/04/2020,1,476,0,58,0.12,59.86
Lecce,65,28/04/2020,4,480,0,58,0.12,60.37
Lecce,66,29/04/2020,4,484,0,58,0.12,60.87
Lecce,67,30/04/2020,3,487,2,60,0.12,61.25
Lecce,68,01/05/2020,2,489,0,60,0.12,61.5
Lecce,69,02/05/2020,6,495,0,60,0.12,62.25
Lecce,70,03/05/2020,2,497,2,62,0.12,62.51
Lecce,71,04/05/2020,0,497,0,62,0.12,62.51
Lecce,72,05/05/2020,1,498,0,62,0.12,62.63
Lecce,73,06/05/2020,2,500,2,64,0.13,62.88
Lecce,74,07/05/2020,2,502,0,64,0.13,63.13
Lecce,75,08/05/2020,1,503,0,64,0.13,63.26
Lecce,76,09/05/2020,0,503,0,64,0.13,63.26
Lecce,77,10/05/2020,1,504,0,64,0.13,63.39
Lecce,78,11/05/2020,1,505,1,65,0.13,63.51
Lecce,79,12/05/2020,0,505,0,65,0.13,63.51
Lecce,80,13/05/2020,3,508,0,65,0.13,63.89
Lecce,81,14/05/2020,0,508,0,65,0.13,63.89
Lecce,82,15/05/2020,-1,507,0,65,0.13,63.76
Lecce,83,16/05/2020,1,508,1,66,0.13,63.89
Lecce,84,17/05/2020,0,508,0,66,0.13,63.89
Lecce,85,18/05/2020,0,508,0,66,0.13,63.89
Lecce,86,19/05/2020,1,509,0,66,0.13,64.01
Lecce,87,20/05/2020,0,509,2,68,0.13,64.01
Lecce,88,21/05/2020,0,509,0,68,0.13,64.01
Lecce,89,22/05/2020,2,511,0,68,0.13,64.27
Lecce,90,23/05/2020,0,511,1,69,0.14,64.27
Lecce,91,24/05/2020,0,511,0,69,0.14,64.27
Lecce,92,25/05/2020,0,511,0,69,0.14,64.27
Lecce,93,26/05/2020,0,511,1,70,0.14,64.27
Lecce,94,27/05/2020,0,511,0,70,0.14,64.27
Lecce,95,28/05/2020,2,513,0,70,0.14,64.52
Lecce,96,29/05/2020,2,515,0,70,0.14,64.77
Lecce,97,30/05/2020,0,515,0,70,0.14,64.77
Lecce,98,31/05/2020,0,515,0,70,0.14,64.77
Lecce,99,01/06/2020,0,515,1,71,0.14,64.77
Lecce,100,02/06/2020,0,515,0,71,0.14,64.77
Lecce,101,03/06/2020,0,515,0,71,0.14,64.77
Lecce,102,04/06/2020,2,517,0,71,0.14,65.02
Lecce,103,05/06/2020,2,519,1,72,0.14,65.27
Lecce,104,06/06/2020,0,519,0,72,0.14,65.27
Lecce,105,07/06/2020,0,519,2,74,0.14,65.27
Lecce,106,08/06/2020,0,519,0,74,0.14,65.27
Lecce,107,09/06/2020,0,519,0,74,0.14,65.27
Lecce,108,10/06/2020,0,519,0,74,0.14,65.27
Lecce,109,11/06/2020,0,519,0,74,0.14,65.27
Lecce,110,12/06/2020,0,519,0,74,0.14,65.27
Lecce,111,13/06/2020,0,519,0,74,0.14,65.27
Lecce,112,14/06/2020,0,519,0,74,0.14,65.27
Lecce,113,15/06/2020,1,520,0,74,0.14,65.4
Lecce,114,16/06/2020,0,520,0,74,0.14,65.4
Lecce,115,17/06/2020,0,520,0,74,0.14,65.4
Lecce,116,18/06/2020,0,520,0,74,0.14,65.4
Lecce,117,19/06/2020,0,520,0,74,0.14,65.4
Lecce,118,20/06/2020,0,520,0,74,0.14,65.4
Lecce,119,21/06/2020,0,520,0,74,0.14,65.4
Lecce,120,22/06/2020,0,520,0,74,0.14,65.4
Lecce,121,23/06/2020,0,520,0,74,0.14,65.4
Lecce,122,24/06/2020,0,520,0,74,0.14,65.4
Lecce,123,25/06/2020,0,520,0,74,0.14,65.4
Lecce,124,26/06/2020,1,521,0,74,0.14,65.52
Lecce,125,27/06/2020,0,521,0,74,0.14,65.52
Lecce,126,28/06/2020,0,521,0,74,0.14,65.52
Lecce,127,29/06/2020,0,521,0,74,0.14,65.52
Lecce,128,30/06/2020,0,521,0,74,0.14,65.52
Lecce,129,01/07/2020,0,521,0,74,0.14,65.52
Lecce,130,02/07/2020,0,521,0,74,0.14,65.52
Lecce,131,03/07/2020,0,521,0,74,0.14,65.52
Lecce,132,04/07/2020,1,522,0,74,0.14,65.65
Lecce,133,05/07/2020,0,522,0,74,0.14,65.65
Lecce,134,06/07/2020,0,522,0,74,0.14,65.65
Lecce,135,07/07/2020,0,522,0,74,0.14,65.65
Lecce,136,08/07/2020,0,522,0,74,0.14,65.65
Lecce,137,09/07/2020,0,522,0,74,0.14,65.65
Lecce,138,10/07/2020,3,525,0,74,0.14,66.03
Lecce,139,11/07/2020,0,525,0,74,0.14,66.03
Lecce,140,12/07/2020,0,525,0,74,0.14,66.03
Lecce,141,13/07/2020,0,525,0,74,0.14,66.03
Lecce,142,14/07/2020,0,525,0,74,0.14,66.03
Lecce,143,15/07/2020,0,525,0,74,0.14,66.03
Lecce,144,16/07/2020,0,525,1,75,0.14,66.03
Lecce,145,17/07/2020,0,525,0,75,0.14,66.03
Lecce,146,18/07/2020,0,525,0,75,0.14,66.03
Lecce,147,19/07/2020,2,527,0,75,0.14,66.28
Lecce,148,20/07/2020,0,527,0,75,0.14,66.28
Lecce,149,21/07/2020,0,527,0,75,0.14,66.28
Lecce,150,22/07/2020,0,527,0,75,0.14,66.28
Lecce,151,23/07/2020,3,530,0,75,0.14,66.66
Lecce,152,24/07/2020,7,537,0,75,0.14,67.54
Lecce,153,25/07/2020,3,540,0,75,0.14,67.91
Lecce,154,26/07/2020,3,543,0,75,0.14,68.29
Lecce,155,27/07/2020,2,545,0,75,0.14,68.54
Lecce,156,28/07/2020,2,547,0,75,0.14,68.79
Lecce,157,29/07/2020,7,554,0,75,0.14,69.67
Lecce,158,30/07/2020,3,557,0,75,0.14,70.05
Lecce,159,31/07/2020,0,557,0,75,0.14,70.05
Lecce,160,01/08/2020,4,561,0,75,0.13,70.55
Lecce,161,02/08/2020,1,562,0,75,0.13,70.68
Lecce,162,03/08/2020,5,567,0,75,0.13,71.31
Lecce,163,04/08/2020,0,567,0,75,0.13,71.31
Lecce,164,05/08/2020,8,575,0,75,0.13,72.31
Lecce,165,06/08/2020,2,577,0,75,0.13,72.57
Lecce,166,07/08/2020,3,580,0,75,0.13,72.94
Lecce,167,08/08/2020,4,584,0,75,0.13,73.45
Lecce,168,09/08/2020,1,585,0,75,0.13,73.57
Lecce,169,10/08/2020,6,591,0,75,0.13,74.33
Lecce,170,11/08/2020,6,597,0,75,0.13,75.08
Lecce,171,12/08/2020,0,597,0,75,0.13,75.08
Lecce,172,13/08/2020,1,598,0,75,0.12,75.21
Lecce,173,14/08/2020,8,606,0,75,0.12,76.21
Lecce,174,15/08/2020,0,606,0,75,0.12,76.21
Lecce,175,16/08/2020,4,610,0,75,0.12,76.72
Lecce,176,17/08/2020,0,610,1,76,0.12,76.72
Lecce,177,18/08/2020,9,619,0,76,0.12,77.85
Lecce,178,19/08/2020,15,634,0,76,0.12,79.73
Lecce,179,20/08/2020,3,637,0,76,0.12,80.11
Lecce,180,21/08/2020,5,642,0,76,0.12,80.74
Lecce,181,22/08/2020,1,643,0,76,0.12,80.87
Lecce,182,23/08/2020,4,647,0,76,0.12,81.37
Lecce,183,24/08/2020,2,649,0,76,0.12,81.62
Lecce,184,25/08/2020,12,661,0,76,0.12,83.13
Lecce,185,26/08/2020,1,662,0,76,0.12,83.26
Lecce,186,27/08/2020,2,664,0,76,0.11,83.51
Lecce,187,28/08/2020,3,667,0,76,0.11,83.89
Lecce,188,29/08/2020,1,668,0,76,0.11,84.01
Lecce,189,30/08/2020,1,669,0,76,0.11,84.14
Lecce,190,31/08/2020,1,670,0,76,0.11,84.26
Lecce,191,01/09/2020,2,672,0,76,0.11,84.51
Lecce,192,02/09/2020,3,675,0,76,0.11,84.89
Lecce,193,03/09/2020,1,676,3,79,0.12,85.02
Lecce,194,04/09/2020,8,684,0,79,0.12,86.02
Lecce,195,05/09/2020,2,686,0,79,0.12,86.27
Lecce,196,06/09/2020,14,700,0,79,0.11,88.04
Lecce,197,07/09/2020,1,701,0,79,0.11,88.16
Lecce,198,08/09/2020,3,704,0,79,0.11,88.54
Lecce,199,09/09/2020,5,709,0,79,0.11,89.17
Lecce,200,10/09/2020,1,710,0,79,0.11,89.29
Lecce,201,11/09/2020,2,712,0,79,0.11,89.54
Lecce,202,12/09/2020,4,716,0,79,0.11,90.05
Lecce,203,13/09/2020,6,722,0,79,0.11,90.8
Lecce,204,14/09/2020,0,722,0,79,0.11,90.8
Lecce,205,15/09/2020,1,723,0,79,0.11,90.93
Lecce,206,16/09/2020,9,732,0,79,0.11,92.06
Lecce,207,17/09/2020,6,738,0,79,0.11,92.81
Lecce,208,18/09/2020,5,743,0,79,0.11,93.44
Lecce,209,19/09/2020,6,749,0,79,0.1,94.2
Lecce,210,20/09/2020,6,755,0,79,0.1,94.95
Lecce,211,21/09/2020,4,759,0,79,0.1,95.46
Lecce,212,22/09/2020,6,765,0,79,0.1,96.21
Lecce,213,23/09/2020,2,767,0,79,0.1,96.46
Lecce,214,24/09/2020,5,772,0,79,0.1,97.09
Lecce,215,25/09/2020,9,781,0,79,0.1,98.22
Lecce,216,26/09/2020,6,787,0,79,0.1,98.98
Lecce,217,27/09/2020,3,790,0,79,0.1,99.35
Lecce,218,28/09/2020,4,794,0,79,0.1,99.86
Lecce,219,29/09/2020,3,797,0,79,0.1,100.23
Lecce,220,30/09/2020,0,797,0,79,0.1,100.23
Lecce,221,01/10/2020,6,803,0,79,0.1,100.99
Lecce,222,02/10/2020,4,807,0,79,0.1,101.49
Lecce,223,03/10/2020,11,818,0,79,0.1,102.88
Lecce,224,04/10/2020,3,821,0,79,0.1,103.25
Lecce,225,05/10/2020,1,822,0,79,0.1,103.38
Lecce,226,06/10/2020,7,829,1,80,0.1,104.26
Lecce,227,07/10/2020,10,839,0,80,0.1,105.52
Lecce,228,08/10/2020,10,849,0,80,0.09,106.77
Lecce,229,09/10/2020,24,873,0,80,0.09,109.79
Lecce,230,10/10/2020,9,882,0,80,0.09,110.92
Lecce,231,11/10/2020,7,889,0,80,0.09,111.81
Lecce,232,12/10/2020,4,893,0,80,0.09,112.31
Lecce,233,13/10/2020,7,900,0,80,0.09,113.19
Lecce,234,14/10/2020,11,911,0,80,0.09,114.57
Lecce,235,15/10/2020,8,919,0,80,0.09,115.58
Lecce,236,16/10/2020,5,924,1,81,0.09,116.21
Lecce,237,17/10/2020,9,933,0,81,0.09,117.34
Lecce,238,18/10/2020,7,940,0,81,0.09,118.22
Lecce,239,19/10/2020,20,960,0,81,0.08,120.73
Lecce,240,20/10/2020,4,964,0,81,0.08,121.24
Lecce,241,21/10/2020,10,974,0,81,0.08,122.5
Lecce,242,22/10/2020,19,993,0,81,0.08,124.88
Lecce,243,23/10/2020,19,1012,0,81,0.08,127.27
Lecce,244,24/10/2020,36,1048,0,81,0.08,131.8
Lecce,245,25/10/2020,43,1091,0,81,0.07,137.21
Lecce,246,26/10/2020,28,1119,0,81,0.07,140.73
Lecce,247,27/10/2020,15,1134,0,81,0.07,142.62
Lecce,248,28/10/2020,39,1173,0,81,0.07,147.52
Lecce,249,29/10/2020,48,1221,0,81,0.07,153.56
Lecce,250,30/10/2020,41,1262,0,81,0.06,158.72
Lecce,251,31/10/2020,25,1287,0,81,0.06,161.86
Lecce,252,01/11/2020,73,1360,0,81,0.06,171.04
Lecce,253,02/11/2020,87,1447,0,81,0.06,181.98
Lecce,254,03/11/2020,45,1492,0,81,0.05,187.64
Lecce,255,04/11/2020,26,1518,4,85,0.06,190.91
Lecce,256,05/11/2020,73,1591,0,85,0.05,200.09
Lecce,257,06/11/2020,106,1697,0,85,0.05,213.42
Lecce,258,07/11/2020,95,1792,0,85,0.05,225.37
Lecce,259,08/11/2020,63,1855,2,87,0.05,233.29
Lecce,260,09/11/2020,98,1953,0,87,0.04,245.62
Lecce,261,10/11/2020,59,2012,0,87,0.04,253.04
Lecce,262,11/11/2020,110,2122,1,88,0.04,266.87
Lecce,263,12/11/2020,121,2243,4,92,0.04,282.09
Lecce,264,13/11/2020,113,2356,0,92,0.04,296.3
Lecce,265,14/11/2020,122,2478,0,92,0.04,311.65
Lecce,266,15/11/2020,123,2601,0,92,0.04,327.11
Lecce,267,16/11/2020,71,2672,3,95,0.04,336.04
Lecce,268,17/11/2020,94,2766,0,95,0.03,347.87
Lecce,269,18/11/2020,97,2863,5,100,0.04,360.07
Lecce,270,19/11/2020,98,2961,6,106,0.04,372.39
Lecce,271,20/11/2020,175,3136,1,107,0.03,394.4
Lecce,272,21/11/2020,101,3237,2,109,0.03,407.1
Lecce,273,22/11/2020,151,3388,3,112,0.03,426.09
Lecce,274,23/11/2020,16,3404,1,113,0.03,428.1
Lecce,275,24/11/2020,109,3513,9,122,0.04,441.81
Lecce,276,25/11/2020,104,3617,7,129,0.04,454.89
Lecce,277,26/11/2020,111,3728,0,129,0.04,468.85
Lecce,278,27/11/2020,137,3865,8,137,0.04,486.08
Lecce,279,28/11/2020,135,4000,0,137,0.03,503.06
Lecce,280,29/11/2020,54,4054,0,137,0.03,509.85
Lecce,281,30/11/2020,65,4119,0,137,0.03,518.03
Lecce,282,01/12/2020,78,4197,6,143,0.03,527.84
Lecce,283,02/12/2020,98,4295,7,150,0.04,540.16
Lecce,284,03/12/2020,135,4430,3,153,0.04,557.14
Lecce,285,04/12/2020,97,4527,2,155,0.03,569.34
Lecce,286,05/12/2020,139,4666,8,163,0.04,586.82
Lecce,287,06/12/2020,220,4886,0,163,0.03,614.49
Lecce,288,07/12/2020,85,4971,1,164,0.03,625.18
Lecce,289,08/12/2020,85,5056,2,166,0.03,635.87
Lecce,290,09/12/2020,97,5153,1,167,0.03,648.07
Lecce,291,10/12/2020,165,5318,3,170,0.03,668.82
Lecce,292,11/12/2020,103,5421,2,172,0.03,681.77
Lecce,293,12/12/2020,92,5513,1,173,0.03,693.34
Lecce,294,13/12/2020,95,5608,0,173,0.03,705.29
Lecce,295,14/12/2020,59,5667,1,174,0.03,712.71
Lecce,296,15/12/2020,146,5813,5,179,0.03,731.07
Lecce,297,16/12/2020,142,5955,2,181,0.03,748.93
Lecce,298,17/12/2020,160,6115,3,184,0.03,769.05
Lecce,299,18/12/2020,90,6205,2,186,0.03,780.37
Lecce,300,19/12/2020,55,6260,2,188,0.03,787.29
Lecce,301,20/12/2020,88,6348,0,188,0.03,798.36
Lecce,302,21/12/2020,33,6381,0,188,0.03,802.51
Lecce,303,22/12/2020,64,6445,2,190,0.03,810.56
Lecce,304,23/12/2020,90,6535,2,192,0.03,821.87
Lecce,305,24/12/2020,71,6606,2,194,0.03,830.8
Lecce,306,25/12/2020,43,6649,0,194,0.03,836.21
Lecce,307,26/12/2020,29,6678,2,196,0.03,839.86
Lecce,308,27/12/2020,17,6695,0,196,0.03,842
Lecce,309,28/12/2020,86,6781,3,199,0.03,852.81
Lecce,310,29/12/2020,59,6840,0,199,0.03,860.23
Lecce,311,30/12/2020,148,6988,4,203,0.03,878.85
Lecce,312,31/12/2020,102,7090,2,205,0.03,891.67
Lecce,313,01/01/2021,80,7170,2,207,0.03,901.73
Lecce,314,02/01/2021,10,7180,0,207,0.03,902.99
Lecce,315,03/01/2021,87,7267,3,210,0.03,913.93
Lecce,316,04/01/2021,71,7338,1,211,0.03,922.86
Lecce,317,05/01/2021,111,7449,0,211,0.03,936.82
Lecce,318,06/01/2021,158,7607,1,212,0.03,956.69
Lecce,319,07/01/2021,81,7688,1,213,0.03,966.88
Lecce,320,08/01/2021,120,7808,1,214,0.03,981.97
Lecce,321,09/01/2021,181,7989,2,214,0.03,1004.74
Lecce,322,10/01/2021,139,8128,0,214,0.03,1022.22
