Province,Day,Date,New_cases,Curr_pos_cases,Deaths,Tot_deaths,Lethality_rate,Cumul_rates
Ascoli Piceno,1,24/02/2020,0,0,0,0,0,0
Ascoli Piceno,2,25/02/2020,0,0,0,0,0,0
Ascoli Piceno,3,26/02/2020,0,0,0,0,0,0
Ascoli Piceno,4,27/02/2020,0,0,0,0,0,0
Ascoli Piceno,5,28/02/2020,0,0,0,0,0,0
Ascoli Piceno,6,29/02/2020,0,0,0,0,0,0
Ascoli Piceno,7,01/03/2020,0,0,0,0,0,0
Ascoli Piceno,8,02/03/2020,0,0,0,0,0,0
Ascoli Piceno,9,03/03/2020,0,0,0,0,0,0
Ascoli Piceno,10,04/03/2020,0,0,0,0,0,0
Ascoli Piceno,11,05/03/2020,0,0,0,0,0,0
Ascoli Piceno,12,06/03/2020,0,0,0,0,0,0
Ascoli Piceno,13,07/03/2020,0,0,0,0,0,0
Ascoli Piceno,14,08/03/2020,0,0,0,0,0,0
Ascoli Piceno,15,09/03/2020,0,0,0,0,0,0
Ascoli Piceno,16,10/03/2020,0,0,0,0,0,0
Ascoli Piceno,17,11/03/2020,1,1,0,0,0,0.48
Ascoli Piceno,18,12/03/2020,0,1,0,0,0,0.48
Ascoli Piceno,19,13/03/2020,1,2,1,1,0.5,0.97
Ascoli Piceno,20,14/03/2020,5,7,0,1,0.14,3.38
Ascoli Piceno,21,15/03/2020,7,14,0,1,0.07,6.76
Ascoli Piceno,22,16/03/2020,7,21,0,1,0.05,10.14
Ascoli Piceno,23,17/03/2020,2,23,1,2,0.09,11.1
Ascoli Piceno,24,18/03/2020,2,25,0,2,0.08,12.07
Ascoli Piceno,25,19/03/2020,2,27,0,2,0.07,13.03
Ascoli Piceno,26,20/03/2020,16,43,0,2,0.05,20.75
Ascoli Piceno,27,21/03/2020,7,50,0,2,0.04,24.13
Ascoli Piceno,28,22/03/2020,6,56,0,2,0.04,27.03
Ascoli Piceno,29,23/03/2020,5,61,0,2,0.03,29.44
Ascoli Piceno,30,24/03/2020,3,64,0,2,0.03,30.89
Ascoli Piceno,31,25/03/2020,16,80,1,3,0.04,38.61
Ascoli Piceno,32,26/03/2020,31,111,1,4,0.04,53.58
Ascoli Piceno,33,27/03/2020,7,118,1,5,0.04,56.96
Ascoli Piceno,34,28/03/2020,45,163,1,6,0.04,78.68
Ascoli Piceno,35,29/03/2020,16,179,0,6,0.03,86.4
Ascoli Piceno,36,30/03/2020,18,197,0,6,0.03,95.09
Ascoli Piceno,37,31/03/2020,25,222,0,6,0.03,107.15
Ascoli Piceno,38,01/04/2020,2,224,0,6,0.03,108.12
Ascoli Piceno,39,02/04/2020,3,227,1,7,0.03,109.57
Ascoli Piceno,40,03/04/2020,5,232,1,8,0.03,111.98
Ascoli Piceno,41,04/04/2020,1,233,0,8,0.03,112.46
Ascoli Piceno,42,05/04/2020,2,235,1,9,0.04,113.43
Ascoli Piceno,43,06/04/2020,0,235,0,9,0.04,113.43
Ascoli Piceno,44,07/04/2020,0,235,1,10,0.04,113.43
Ascoli Piceno,45,08/04/2020,1,236,0,10,0.04,113.91
Ascoli Piceno,46,09/04/2020,0,236,1,11,0.05,113.91
Ascoli Piceno,47,10/04/2020,1,237,0,11,0.05,114.39
Ascoli Piceno,48,11/04/2020,12,249,0,11,0.04,120.19
Ascoli Piceno,49,12/04/2020,4,253,2,13,0.05,122.12
Ascoli Piceno,50,13/04/2020,1,254,0,13,0.05,122.6
Ascoli Piceno,51,14/04/2020,0,254,1,14,0.06,122.6
Ascoli Piceno,52,15/04/2020,5,259,0,14,0.05,125.01
Ascoli Piceno,53,16/04/2020,7,266,0,14,0.05,128.39
Ascoli Piceno,54,17/04/2020,2,268,0,14,0.05,129.36
Ascoli Piceno,55,18/04/2020,3,271,0,14,0.05,130.8
Ascoli Piceno,56,19/04/2020,0,271,2,16,0.06,130.8
Ascoli Piceno,57,20/04/2020,0,271,0,16,0.06,130.8
Ascoli Piceno,58,21/04/2020,0,271,0,16,0.06,130.8
Ascoli Piceno,59,22/04/2020,2,273,1,17,0.06,131.77
Ascoli Piceno,60,23/04/2020,1,274,0,17,0.06,132.25
Ascoli Piceno,61,24/04/2020,1,275,0,17,0.06,132.74
Ascoli Piceno,62,25/04/2020,1,276,0,17,0.06,133.22
Ascoli Piceno,63,26/04/2020,3,279,0,17,0.06,134.67
Ascoli Piceno,64,27/04/2020,0,279,1,18,0.06,134.67
Ascoli Piceno,65,28/04/2020,0,279,0,18,0.06,134.67
Ascoli Piceno,66,29/04/2020,2,281,0,18,0.06,135.63
Ascoli Piceno,67,30/04/2020,0,281,0,18,0.06,135.63
Ascoli Piceno,68,01/05/2020,0,281,0,18,0.06,135.63
Ascoli Piceno,69,02/05/2020,1,282,1,19,0.07,136.11
Ascoli Piceno,70,03/05/2020,0,282,1,20,0.07,136.11
Ascoli Piceno,71,04/05/2020,2,284,0,20,0.07,137.08
Ascoli Piceno,72,05/05/2020,1,285,1,21,0.07,137.56
Ascoli Piceno,73,06/05/2020,0,285,0,21,0.07,137.56
Ascoli Piceno,74,07/05/2020,1,286,1,22,0.08,138.04
Ascoli Piceno,75,08/05/2020,1,287,1,23,0.08,138.53
Ascoli Piceno,76,09/05/2020,0,287,1,24,0.08,138.53
Ascoli Piceno,77,10/05/2020,0,287,1,25,0.09,138.53
Ascoli Piceno,78,11/05/2020,1,288,1,26,0.09,139.01
Ascoli Piceno,79,12/05/2020,0,288,0,26,0.09,139.01
Ascoli Piceno,80,13/05/2020,0,288,0,26,0.09,139.01
Ascoli Piceno,81,14/05/2020,0,288,0,26,0.09,139.01
Ascoli Piceno,82,15/05/2020,0,288,0,26,0.09,139.01
Ascoli Piceno,83,16/05/2020,1,289,0,26,0.09,139.49
Ascoli Piceno,84,17/05/2020,1,290,0,26,0.09,139.98
Ascoli Piceno,85,18/05/2020,0,290,0,26,0.09,139.98
Ascoli Piceno,86,19/05/2020,0,290,0,26,0.09,139.98
Ascoli Piceno,87,20/05/2020,0,290,0,26,0.09,139.98
Ascoli Piceno,88,21/05/2020,0,290,0,26,0.09,139.98
Ascoli Piceno,89,22/05/2020,0,290,0,26,0.09,139.98
Ascoli Piceno,90,23/05/2020,0,290,0,26,0.09,139.98
Ascoli Piceno,91,24/05/2020,0,290,0,26,0.09,139.98
Ascoli Piceno,92,25/05/2020,0,290,0,26,0.09,139.98
Ascoli Piceno,93,26/05/2020,0,290,0,26,0.09,139.98
Ascoli Piceno,94,27/05/2020,0,290,0,26,0.09,139.98
Ascoli Piceno,95,28/05/2020,0,290,0,26,0.09,139.98
Ascoli Piceno,96,29/05/2020,0,290,0,26,0.09,139.98
Ascoli Piceno,97,30/05/2020,0,290,0,26,0.09,139.98
Ascoli Piceno,98,31/05/2020,0,290,0,26,0.09,139.98
Ascoli Piceno,99,01/06/2020,0,290,0,26,0.09,139.98
Ascoli Piceno,100,02/06/2020,0,290,0,26,0.09,139.98
Ascoli Piceno,101,03/06/2020,0,290,0,26,0.09,139.98
Ascoli Piceno,102,04/06/2020,0,290,0,26,0.09,139.98
Ascoli Piceno,103,05/06/2020,0,290,0,26,0.09,139.98
Ascoli Piceno,104,06/06/2020,0,290,0,26,0.09,139.98
Ascoli Piceno,105,07/06/2020,0,290,0,26,0.09,139.98
Ascoli Piceno,106,08/06/2020,0,290,0,26,0.09,139.98
Ascoli Piceno,107,09/06/2020,0,290,0,26,0.09,139.98
Ascoli Piceno,108,10/06/2020,0,290,0,26,0.09,139.98
Ascoli Piceno,109,11/06/2020,0,290,0,26,0.09,139.98
Ascoli Piceno,110,12/06/2020,0,290,0,26,0.09,139.98
Ascoli Piceno,111,13/06/2020,0,290,0,26,0.09,139.98
Ascoli Piceno,112,14/06/2020,0,290,0,26,0.09,139.98
Ascoli Piceno,113,15/06/2020,0,290,0,26,0.09,139.98
Ascoli Piceno,114,16/06/2020,0,290,0,26,0.09,139.98
Ascoli Piceno,115,17/06/2020,0,290,0,26,0.09,139.98
Ascoli Piceno,116,18/06/2020,0,290,0,26,0.09,139.98
Ascoli Piceno,117,19/06/2020,0,290,0,26,0.09,139.98
Ascoli Piceno,118,20/06/2020,0,290,0,26,0.09,139.98
Ascoli Piceno,119,21/06/2020,0,290,0,26,0.09,139.98
Ascoli Piceno,120,22/06/2020,0,290,0,26,0.09,139.98
Ascoli Piceno,121,23/06/2020,0,290,0,26,0.09,139.98
Ascoli Piceno,122,24/06/2020,0,290,0,26,0.09,139.98
Ascoli Piceno,123,25/06/2020,0,290,0,26,0.09,139.98
Ascoli Piceno,124,26/06/2020,0,290,0,26,0.09,139.98
Ascoli Piceno,125,27/06/2020,0,290,0,26,0.09,139.98
Ascoli Piceno,126,28/06/2020,0,290,0,26,0.09,139.98
Ascoli Piceno,127,29/06/2020,0,290,0,26,0.09,139.98
Ascoli Piceno,128,30/06/2020,0,290,0,26,0.09,139.98
Ascoli Piceno,129,01/07/2020,0,290,0,26,0.09,139.98
Ascoli Piceno,130,02/07/2020,0,290,0,26,0.09,139.98
Ascoli Piceno,131,03/07/2020,0,290,0,26,0.09,139.98
Ascoli Piceno,132,04/07/2020,0,290,0,26,0.09,139.98
Ascoli Piceno,133,05/07/2020,0,290,0,26,0.09,139.98
Ascoli Piceno,134,06/07/2020,0,290,0,26,0.09,139.98
Ascoli Piceno,135,07/07/2020,0,290,0,26,0.09,139.98
Ascoli Piceno,136,08/07/2020,2,292,0,26,0.09,140.94
Ascoli Piceno,137,09/07/2020,0,292,0,26,0.09,140.94
Ascoli Piceno,138,10/07/2020,1,293,0,26,0.09,141.42
Ascoli Piceno,139,11/07/2020,0,293,0,26,0.09,141.42
Ascoli Piceno,140,12/07/2020,0,293,0,26,0.09,141.42
Ascoli Piceno,141,13/07/2020,0,293,0,26,0.09,141.42
Ascoli Piceno,142,14/07/2020,1,294,0,26,0.09,141.91
Ascoli Piceno,143,15/07/2020,0,294,0,26,0.09,141.91
Ascoli Piceno,144,16/07/2020,0,294,0,26,0.09,141.91
Ascoli Piceno,145,17/07/2020,0,294,0,26,0.09,141.91
Ascoli Piceno,146,18/07/2020,0,294,0,26,0.09,141.91
Ascoli Piceno,147,19/07/2020,0,294,0,26,0.09,141.91
Ascoli Piceno,148,20/07/2020,0,294,0,26,0.09,141.91
Ascoli Piceno,149,21/07/2020,0,294,0,26,0.09,141.91
Ascoli Piceno,150,22/07/2020,0,294,0,26,0.09,141.91
Ascoli Piceno,151,23/07/2020,0,294,0,26,0.09,141.91
Ascoli Piceno,152,24/07/2020,0,294,0,26,0.09,141.91
Ascoli Piceno,153,25/07/2020,0,294,0,26,0.09,141.91
Ascoli Piceno,154,26/07/2020,0,294,0,26,0.09,141.91
Ascoli Piceno,155,27/07/2020,0,294,0,26,0.09,141.91
Ascoli Piceno,156,28/07/2020,2,296,0,26,0.09,142.87
Ascoli Piceno,157,29/07/2020,3,299,0,26,0.09,144.32
Ascoli Piceno,158,30/07/2020,0,299,0,26,0.09,144.32
Ascoli Piceno,159,31/07/2020,0,299,0,26,0.09,144.32
Ascoli Piceno,160,01/08/2020,0,299,0,26,0.09,144.32
Ascoli Piceno,161,02/08/2020,0,299,0,26,0.09,144.32
Ascoli Piceno,162,03/08/2020,0,299,0,26,0.09,144.32
Ascoli Piceno,163,04/08/2020,1,300,0,26,0.09,144.8
Ascoli Piceno,164,05/08/2020,0,300,0,26,0.09,144.8
Ascoli Piceno,165,06/08/2020,1,301,0,26,0.09,145.28
Ascoli Piceno,166,07/08/2020,1,302,0,26,0.09,145.77
Ascoli Piceno,167,08/08/2020,0,302,0,26,0.09,145.77
Ascoli Piceno,168,09/08/2020,1,303,0,26,0.09,146.25
Ascoli Piceno,169,10/08/2020,0,303,0,26,0.09,146.25
Ascoli Piceno,170,11/08/2020,0,303,0,26,0.09,146.25
Ascoli Piceno,171,12/08/2020,7,310,0,26,0.08,149.63
Ascoli Piceno,172,13/08/2020,4,314,0,26,0.08,151.56
Ascoli Piceno,173,14/08/2020,6,320,0,26,0.08,154.46
Ascoli Piceno,174,15/08/2020,7,327,0,26,0.08,157.83
Ascoli Piceno,175,16/08/2020,1,328,0,26,0.08,158.32
Ascoli Piceno,176,17/08/2020,6,334,0,26,0.08,161.21
Ascoli Piceno,177,18/08/2020,5,339,0,26,0.08,163.63
Ascoli Piceno,178,19/08/2020,1,340,0,26,0.08,164.11
Ascoli Piceno,179,20/08/2020,4,344,0,26,0.08,166.04
Ascoli Piceno,180,21/08/2020,2,346,0,26,0.07,167.01
Ascoli Piceno,181,22/08/2020,0,346,0,26,0.07,167.01
Ascoli Piceno,182,23/08/2020,0,346,0,26,0.07,167.01
Ascoli Piceno,183,24/08/2020,0,346,0,26,0.07,167.01
Ascoli Piceno,184,25/08/2020,1,347,0,26,0.07,167.49
Ascoli Piceno,185,26/08/2020,2,349,0,26,0.07,168.45
Ascoli Piceno,186,27/08/2020,3,352,0,26,0.07,169.9
Ascoli Piceno,187,28/08/2020,3,355,0,26,0.07,171.35
Ascoli Piceno,188,29/08/2020,0,355,0,26,0.07,171.35
Ascoli Piceno,189,30/08/2020,0,355,0,26,0.07,171.35
Ascoli Piceno,190,31/08/2020,0,355,0,26,0.07,171.35
Ascoli Piceno,191,01/09/2020,5,360,0,26,0.07,173.76
Ascoli Piceno,192,02/09/2020,3,363,0,26,0.07,175.21
Ascoli Piceno,193,03/09/2020,3,366,0,26,0.07,176.66
Ascoli Piceno,194,04/09/2020,3,369,0,26,0.07,178.11
Ascoli Piceno,195,05/09/2020,1,370,0,26,0.07,178.59
Ascoli Piceno,196,06/09/2020,5,375,0,26,0.07,181
Ascoli Piceno,197,07/09/2020,2,377,0,26,0.07,181.97
Ascoli Piceno,198,08/09/2020,4,381,0,26,0.07,183.9
Ascoli Piceno,199,09/09/2020,5,386,0,26,0.07,186.31
Ascoli Piceno,200,10/09/2020,18,404,0,26,0.06,195
Ascoli Piceno,201,11/09/2020,9,413,0,26,0.06,199.34
Ascoli Piceno,202,12/09/2020,8,421,0,26,0.06,203.21
Ascoli Piceno,203,13/09/2020,8,429,0,26,0.06,207.07
Ascoli Piceno,204,14/09/2020,7,436,0,26,0.06,210.45
Ascoli Piceno,205,15/09/2020,4,440,0,26,0.06,212.38
Ascoli Piceno,206,16/09/2020,12,452,0,26,0.06,218.17
Ascoli Piceno,207,17/09/2020,6,458,0,26,0.06,221.06
Ascoli Piceno,208,18/09/2020,10,468,0,26,0.06,225.89
Ascoli Piceno,209,19/09/2020,12,480,0,26,0.05,231.68
Ascoli Piceno,210,20/09/2020,10,490,0,26,0.05,236.51
Ascoli Piceno,211,21/09/2020,6,496,0,26,0.05,239.41
Ascoli Piceno,212,22/09/2020,2,498,0,26,0.05,240.37
Ascoli Piceno,213,23/09/2020,12,510,0,26,0.05,246.16
Ascoli Piceno,214,24/09/2020,4,514,0,26,0.05,248.09
Ascoli Piceno,215,25/09/2020,8,522,1,27,0.05,251.96
Ascoli Piceno,216,26/09/2020,16,538,0,27,0.05,259.68
Ascoli Piceno,217,27/09/2020,15,553,0,27,0.05,266.92
Ascoli Piceno,218,28/09/2020,1,554,0,27,0.05,267.4
Ascoli Piceno,219,29/09/2020,23,577,0,27,0.05,278.5
Ascoli Piceno,220,30/09/2020,0,577,0,27,0.05,278.5
Ascoli Piceno,221,01/10/2020,6,583,0,27,0.05,281.4
Ascoli Piceno,222,02/10/2020,18,601,0,27,0.04,290.09
Ascoli Piceno,223,03/10/2020,28,629,1,28,0.04,303.6
Ascoli Piceno,224,04/10/2020,18,647,0,28,0.04,312.29
Ascoli Piceno,225,05/10/2020,6,653,0,28,0.04,315.19
Ascoli Piceno,226,06/10/2020,7,660,0,28,0.04,318.57
Ascoli Piceno,227,07/10/2020,46,706,0,28,0.04,340.77
Ascoli Piceno,228,08/10/2020,20,726,0,28,0.04,350.42
Ascoli Piceno,229,09/10/2020,17,743,0,28,0.04,358.63
Ascoli Piceno,230,10/10/2020,16,759,0,28,0.04,366.35
Ascoli Piceno,231,11/10/2020,33,792,0,28,0.04,382.28
Ascoli Piceno,232,12/10/2020,2,794,0,28,0.04,383.24
Ascoli Piceno,233,13/10/2020,21,815,0,28,0.03,393.38
Ascoli Piceno,234,14/10/2020,54,869,0,28,0.03,419.44
Ascoli Piceno,235,15/10/2020,23,892,0,28,0.03,430.55
Ascoli Piceno,236,16/10/2020,28,920,0,28,0.03,444.06
Ascoli Piceno,237,17/10/2020,21,941,0,28,0.03,454.2
Ascoli Piceno,238,18/10/2020,9,950,0,28,0.03,458.54
Ascoli Piceno,239,19/10/2020,5,955,0,28,0.03,460.95
Ascoli Piceno,240,20/10/2020,17,972,0,28,0.03,469.16
Ascoli Piceno,241,21/10/2020,67,1039,0,28,0.03,501.5
Ascoli Piceno,242,22/10/2020,23,1062,1,29,0.03,512.6
Ascoli Piceno,243,23/10/2020,111,1173,0,29,0.03,566.18
Ascoli Piceno,244,24/10/2020,24,1197,1,30,0.03,577.76
Ascoli Piceno,245,25/10/2020,138,1335,1,31,0.02,644.37
Ascoli Piceno,246,26/10/2020,18,1353,0,31,0.02,653.06
Ascoli Piceno,247,27/10/2020,64,1417,1,32,0.02,683.95
Ascoli Piceno,248,28/10/2020,41,1458,0,32,0.02,703.74
Ascoli Piceno,249,29/10/2020,92,1550,1,33,0.02,748.15
Ascoli Piceno,250,30/10/2020,62,1612,4,37,0.02,778.07
Ascoli Piceno,251,31/10/2020,60,1672,4,41,0.03,807.03
Ascoli Piceno,252,01/11/2020,82,1754,1,42,0.02,846.61
Ascoli Piceno,253,02/11/2020,25,1779,1,43,0.02,858.68
Ascoli Piceno,254,03/11/2020,118,1897,1,44,0.02,915.63
Ascoli Piceno,255,04/11/2020,130,2027,0,44,0.02,978.38
Ascoli Piceno,256,05/11/2020,157,2184,0,44,0.02,1054.16
Ascoli Piceno,257,06/11/2020,203,2387,0,44,0.02,1152.14
Ascoli Piceno,258,07/11/2020,64,2451,3,47,0.02,1183.03
Ascoli Piceno,259,08/11/2020,52,2503,1,48,0.02,1208.13
Ascoli Piceno,260,09/11/2020,34,2537,1,49,0.02,1224.54
Ascoli Piceno,261,10/11/2020,141,2678,3,52,0.02,1292.6
Ascoli Piceno,262,11/11/2020,182,2860,0,52,0.02,1380.45
Ascoli Piceno,263,12/11/2020,101,2961,0,52,0.02,1429.2
Ascoli Piceno,264,13/11/2020,76,3037,3,55,0.02,1465.88
Ascoli Piceno,265,14/11/2020,53,3090,3,58,0.02,1491.46
Ascoli Piceno,266,15/11/2020,59,3149,1,59,0.02,1519.94
Ascoli Piceno,267,16/11/2020,35,3184,2,61,0.02,1536.84
Ascoli Piceno,268,17/11/2020,49,3233,5,66,0.02,1560.49
Ascoli Piceno,269,18/11/2020,45,3278,5,71,0.02,1582.21
Ascoli Piceno,270,19/11/2020,51,3329,2,73,0.02,1606.82
Ascoli Piceno,271,20/11/2020,47,3376,1,74,0.02,1629.51
Ascoli Piceno,272,21/11/2020,38,3414,1,75,0.02,1647.85
Ascoli Piceno,273,22/11/2020,56,3470,2,77,0.02,1674.88
Ascoli Piceno,274,23/11/2020,14,3484,1,78,0.02,1681.64
Ascoli Piceno,275,24/11/2020,53,3537,1,79,0.02,1707.22
Ascoli Piceno,276,25/11/2020,63,3600,2,81,0.02,1737.63
Ascoli Piceno,277,26/11/2020,78,3678,3,84,0.02,1775.28
Ascoli Piceno,278,27/11/2020,72,3750,3,87,0.02,1810.03
Ascoli Piceno,279,28/11/2020,68,3818,3,90,0.02,1842.85
Ascoli Piceno,280,29/11/2020,70,3888,2,92,0.02,1876.64
Ascoli Piceno,281,30/11/2020,7,3895,3,95,0.02,1880.02
Ascoli Piceno,282,01/12/2020,151,4046,3,98,0.02,1952.9
Ascoli Piceno,283,02/12/2020,50,4096,1,99,0.02,1977.03
Ascoli Piceno,284,03/12/2020,65,4161,0,99,0.02,2008.41
Ascoli Piceno,285,04/12/2020,48,4209,0,99,0.02,2031.58
Ascoli Piceno,286,05/12/2020,60,4269,3,102,0.02,2060.54
Ascoli Piceno,287,06/12/2020,57,4326,2,104,0.02,2088.05
Ascoli Piceno,288,07/12/2020,8,4334,2,106,0.02,2091.91
Ascoli Piceno,289,08/12/2020,68,4402,0,106,0.02,2124.73
Ascoli Piceno,290,09/12/2020,20,4422,2,108,0.02,2134.39
Ascoli Piceno,291,10/12/2020,47,4469,0,108,0.02,2157.07
Ascoli Piceno,292,11/12/2020,42,4511,1,109,0.02,2177.34
Ascoli Piceno,293,12/12/2020,90,4601,0,109,0.02,2220.78
Ascoli Piceno,294,13/12/2020,42,4643,0,109,0.02,2241.06
Ascoli Piceno,295,14/12/2020,10,4653,1,110,0.02,2245.88
Ascoli Piceno,296,15/12/2020,37,4690,0,110,0.02,2263.74
Ascoli Piceno,297,16/12/2020,38,4728,0,110,0.02,2282.08
