Province,Day,Date,New_cases,Curr_pos_cases,Deaths,Tot_deaths,Lethality_rate,Cumul_rates
Fermo,1,24/02/2020,0,0,0,0,0,0
Fermo,2,25/02/2020,0,0,0,0,0,0
Fermo,3,26/02/2020,0,0,0,0,0,0
Fermo,4,27/02/2020,0,0,0,0,0,0
Fermo,5,28/02/2020,0,0,0,0,0,0
Fermo,6,29/02/2020,0,0,0,0,0,0
Fermo,7,01/03/2020,0,0,0,0,0,0
Fermo,8,02/03/2020,0,0,0,0,0,0
Fermo,9,03/03/2020,0,0,0,0,0,0
Fermo,10,04/03/2020,1,1,0,0,0,0.58
Fermo,11,05/03/2020,2,3,0,0,0,1.73
Fermo,12,06/03/2020,0,3,0,0,0,1.73
Fermo,13,07/03/2020,0,3,0,0,0,1.73
Fermo,14,08/03/2020,2,5,0,0,0,2.88
Fermo,15,09/03/2020,0,5,0,0,0,2.88
Fermo,16,10/03/2020,1,6,0,0,0,3.45
Fermo,17,11/03/2020,2,8,1,1,0.12,4.6
Fermo,18,12/03/2020,3,11,0,1,0.09,6.33
Fermo,19,13/03/2020,5,16,0,1,0.06,9.21
Fermo,20,14/03/2020,6,22,0,1,0.04,12.66
Fermo,21,15/03/2020,14,36,0,1,0.03,20.71
Fermo,22,16/03/2020,0,36,1,2,0.06,20.71
Fermo,23,17/03/2020,0,36,1,3,0.08,20.71
Fermo,24,18/03/2020,10,46,0,3,0.06,26.47
Fermo,25,19/03/2020,22,68,1,4,0.06,39.13
Fermo,26,20/03/2020,12,80,0,4,0.05,46.03
Fermo,27,21/03/2020,2,82,0,4,0.05,47.18
Fermo,28,22/03/2020,31,113,0,4,0.04,65.02
Fermo,29,23/03/2020,20,133,1,5,0.04,76.52
Fermo,30,24/03/2020,6,139,0,5,0.04,79.98
Fermo,31,25/03/2020,21,160,0,5,0.03,92.06
Fermo,32,26/03/2020,44,204,0,5,0.03,117.38
Fermo,33,27/03/2020,29,233,0,5,0.02,134.06
Fermo,34,28/03/2020,8,241,0,5,0.02,138.67
Fermo,35,29/03/2020,5,246,0,5,0.02,141.54
Fermo,36,30/03/2020,0,246,6,11,0.04,141.54
Fermo,37,31/03/2020,13,259,3,14,0.05,149.02
Fermo,38,01/04/2020,4,263,0,14,0.05,151.32
Fermo,39,02/04/2020,21,284,0,14,0.05,163.41
Fermo,40,03/04/2020,14,298,2,16,0.05,171.46
Fermo,41,04/04/2020,7,305,3,19,0.06,175.49
Fermo,42,05/04/2020,3,308,0,19,0.06,177.22
Fermo,43,06/04/2020,4,312,1,20,0.06,179.52
Fermo,44,07/04/2020,2,314,0,20,0.06,180.67
Fermo,45,08/04/2020,20,334,0,20,0.06,192.17
Fermo,46,09/04/2020,5,339,1,21,0.06,195.05
Fermo,47,10/04/2020,4,343,0,21,0.06,197.35
Fermo,48,11/04/2020,11,354,2,23,0.06,203.68
Fermo,49,12/04/2020,7,361,1,24,0.07,207.71
Fermo,50,13/04/2020,2,363,1,25,0.07,208.86
Fermo,51,14/04/2020,0,363,1,26,0.07,208.86
Fermo,52,15/04/2020,4,367,1,27,0.07,211.16
Fermo,53,16/04/2020,11,378,1,28,0.07,217.49
Fermo,54,17/04/2020,1,379,2,30,0.08,218.07
Fermo,55,18/04/2020,2,381,0,30,0.08,219.22
Fermo,56,19/04/2020,3,384,0,30,0.08,220.94
Fermo,57,20/04/2020,7,391,1,31,0.08,224.97
Fermo,58,21/04/2020,4,395,1,32,0.08,227.27
Fermo,59,22/04/2020,4,399,0,32,0.08,229.57
Fermo,60,23/04/2020,3,402,0,32,0.08,231.3
Fermo,61,24/04/2020,10,412,1,33,0.08,237.05
Fermo,62,25/04/2020,4,416,0,33,0.08,239.36
Fermo,63,26/04/2020,7,423,0,33,0.08,243.38
Fermo,64,27/04/2020,0,423,0,33,0.08,243.38
Fermo,65,28/04/2020,4,427,0,33,0.08,245.68
Fermo,66,29/04/2020,4,431,1,34,0.08,247.99
Fermo,67,30/04/2020,4,435,0,34,0.08,250.29
Fermo,68,01/05/2020,3,438,1,35,0.08,252.01
Fermo,69,02/05/2020,11,449,1,36,0.08,258.34
Fermo,70,03/05/2020,1,450,0,36,0.08,258.92
Fermo,71,04/05/2020,1,451,2,38,0.08,259.49
Fermo,72,05/05/2020,2,453,0,38,0.08,260.64
Fermo,73,06/05/2020,1,454,0,38,0.08,261.22
Fermo,74,07/05/2020,0,454,0,38,0.08,261.22
Fermo,75,08/05/2020,0,454,0,38,0.08,261.22
Fermo,76,09/05/2020,1,455,0,38,0.08,261.8
Fermo,77,10/05/2020,0,455,0,38,0.08,261.8
Fermo,78,11/05/2020,0,455,0,38,0.08,261.8
Fermo,79,12/05/2020,0,455,1,39,0.09,261.8
Fermo,80,13/05/2020,0,455,0,39,0.09,261.8
Fermo,81,14/05/2020,0,455,0,39,0.09,261.8
Fermo,82,15/05/2020,0,455,0,39,0.09,261.8
Fermo,83,16/05/2020,0,455,0,39,0.09,261.8
Fermo,84,17/05/2020,3,458,0,39,0.09,263.52
Fermo,85,18/05/2020,0,458,0,39,0.09,263.52
Fermo,86,19/05/2020,0,458,1,40,0.09,263.52
Fermo,87,20/05/2020,0,458,0,40,0.09,263.52
Fermo,88,21/05/2020,6,464,0,40,0.09,266.97
Fermo,89,22/05/2020,0,464,0,40,0.09,266.97
Fermo,90,23/05/2020,1,465,0,40,0.09,267.55
Fermo,91,24/05/2020,3,468,0,40,0.09,269.28
Fermo,92,25/05/2020,1,469,0,40,0.09,269.85
Fermo,93,26/05/2020,0,469,0,40,0.09,269.85
Fermo,94,27/05/2020,0,469,0,40,0.09,269.85
Fermo,95,28/05/2020,0,469,0,40,0.09,269.85
Fermo,96,29/05/2020,0,469,0,40,0.09,269.85
Fermo,97,30/05/2020,0,469,0,40,0.09,269.85
Fermo,98,31/05/2020,0,469,0,40,0.09,269.85
Fermo,99,01/06/2020,0,469,0,40,0.09,269.85
Fermo,100,02/06/2020,0,469,0,40,0.09,269.85
Fermo,101,03/06/2020,1,470,0,40,0.09,270.43
Fermo,102,04/06/2020,0,470,0,40,0.09,270.43
Fermo,103,05/06/2020,0,470,0,40,0.09,270.43
Fermo,104,06/06/2020,0,470,0,40,0.09,270.43
Fermo,105,07/06/2020,0,470,0,40,0.09,270.43
Fermo,106,08/06/2020,0,470,0,40,0.09,270.43
Fermo,107,09/06/2020,0,470,0,40,0.09,270.43
Fermo,108,10/06/2020,0,470,0,40,0.09,270.43
Fermo,109,11/06/2020,0,470,0,40,0.09,270.43
Fermo,110,12/06/2020,0,470,0,40,0.09,270.43
Fermo,111,13/06/2020,0,470,0,40,0.09,270.43
Fermo,112,14/06/2020,1,471,0,40,0.09,271
Fermo,113,15/06/2020,0,471,0,40,0.09,271
Fermo,114,16/06/2020,0,471,0,40,0.09,271
Fermo,115,17/06/2020,0,471,0,40,0.09,271
Fermo,116,18/06/2020,0,471,0,40,0.09,271
Fermo,117,19/06/2020,0,471,0,40,0.09,271
Fermo,118,20/06/2020,0,471,0,40,0.09,271
Fermo,119,21/06/2020,0,471,0,40,0.09,271
Fermo,120,22/06/2020,0,471,0,40,0.09,271
Fermo,121,23/06/2020,0,471,0,40,0.09,271
Fermo,122,24/06/2020,0,471,0,40,0.09,271
Fermo,123,25/06/2020,0,471,0,40,0.09,271
Fermo,124,26/06/2020,0,471,0,40,0.09,271
Fermo,125,27/06/2020,2,473,0,40,0.09,272.15
Fermo,126,28/06/2020,0,473,0,40,0.09,272.15
Fermo,127,29/06/2020,0,473,0,40,0.09,272.15
Fermo,128,30/06/2020,0,473,0,40,0.09,272.15
Fermo,129,01/07/2020,0,473,0,40,0.09,272.15
Fermo,130,02/07/2020,0,473,0,40,0.09,272.15
Fermo,131,03/07/2020,0,473,0,40,0.09,272.15
Fermo,132,04/07/2020,0,473,0,40,0.09,272.15
Fermo,133,05/07/2020,0,473,0,40,0.09,272.15
Fermo,134,06/07/2020,0,473,0,40,0.09,272.15
Fermo,135,07/07/2020,0,473,0,40,0.09,272.15
Fermo,136,08/07/2020,0,473,0,40,0.09,272.15
Fermo,137,09/07/2020,0,473,0,40,0.09,272.15
Fermo,138,10/07/2020,0,473,0,40,0.09,272.15
Fermo,139,11/07/2020,0,473,0,40,0.09,272.15
Fermo,140,12/07/2020,0,473,0,40,0.09,272.15
Fermo,141,13/07/2020,0,473,0,40,0.09,272.15
Fermo,142,14/07/2020,0,473,0,40,0.09,272.15
Fermo,143,15/07/2020,0,473,0,40,0.09,272.15
Fermo,144,16/07/2020,0,473,0,40,0.09,272.15
Fermo,145,17/07/2020,1,474,0,40,0.08,272.73
Fermo,146,18/07/2020,1,475,0,40,0.08,273.3
Fermo,147,19/07/2020,-1,474,0,40,0.08,272.73
Fermo,148,20/07/2020,0,474,0,40,0.08,272.73
Fermo,149,21/07/2020,0,474,0,40,0.08,272.73
Fermo,150,22/07/2020,0,474,0,40,0.08,272.73
Fermo,151,23/07/2020,1,475,0,40,0.08,273.3
Fermo,152,24/07/2020,0,475,0,40,0.08,273.3
Fermo,153,25/07/2020,0,475,0,40,0.08,273.3
Fermo,154,26/07/2020,0,475,0,40,0.08,273.3
Fermo,155,27/07/2020,0,475,0,40,0.08,273.3
Fermo,156,28/07/2020,1,476,0,40,0.08,273.88
Fermo,157,29/07/2020,0,476,0,40,0.08,273.88
Fermo,158,30/07/2020,0,476,0,40,0.08,273.88
Fermo,159,31/07/2020,0,476,0,40,0.08,273.88
Fermo,160,01/08/2020,0,476,0,40,0.08,273.88
Fermo,161,02/08/2020,2,478,0,40,0.08,275.03
Fermo,162,03/08/2020,0,478,0,40,0.08,275.03
Fermo,163,04/08/2020,0,478,0,40,0.08,275.03
Fermo,164,05/08/2020,1,479,0,40,0.08,275.6
Fermo,165,06/08/2020,0,479,0,40,0.08,275.6
Fermo,166,07/08/2020,0,479,0,40,0.08,275.6
Fermo,167,08/08/2020,0,479,0,40,0.08,275.6
Fermo,168,09/08/2020,1,480,0,40,0.08,276.18
Fermo,169,10/08/2020,0,480,0,40,0.08,276.18
Fermo,170,11/08/2020,0,480,0,40,0.08,276.18
Fermo,171,12/08/2020,0,480,0,40,0.08,276.18
Fermo,172,13/08/2020,0,480,0,40,0.08,276.18
Fermo,173,14/08/2020,0,480,0,40,0.08,276.18
Fermo,174,15/08/2020,0,480,0,40,0.08,276.18
Fermo,175,16/08/2020,1,481,0,40,0.08,276.75
Fermo,176,17/08/2020,1,482,0,40,0.08,277.33
Fermo,177,18/08/2020,0,482,0,40,0.08,277.33
Fermo,178,19/08/2020,0,482,0,40,0.08,277.33
Fermo,179,20/08/2020,2,484,0,40,0.08,278.48
Fermo,180,21/08/2020,0,484,0,40,0.08,278.48
Fermo,181,22/08/2020,1,485,0,40,0.08,279.06
Fermo,182,23/08/2020,0,485,0,40,0.08,279.06
Fermo,183,24/08/2020,0,485,0,40,0.08,279.06
Fermo,184,25/08/2020,0,485,0,40,0.08,279.06
Fermo,185,26/08/2020,0,485,0,40,0.08,279.06
Fermo,186,27/08/2020,30,515,0,40,0.08,296.32
Fermo,187,28/08/2020,1,516,0,40,0.08,296.89
Fermo,188,29/08/2020,0,516,0,40,0.08,296.89
Fermo,189,30/08/2020,6,522,0,40,0.08,300.35
Fermo,190,31/08/2020,0,522,0,40,0.08,300.35
Fermo,191,01/09/2020,0,522,0,40,0.08,300.35
Fermo,192,02/09/2020,3,525,0,40,0.08,302.07
Fermo,193,03/09/2020,4,529,0,40,0.08,304.37
Fermo,194,04/09/2020,0,529,0,40,0.08,304.37
Fermo,195,05/09/2020,1,530,0,40,0.07,304.95
Fermo,196,06/09/2020,0,530,0,40,0.07,304.95
Fermo,197,07/09/2020,0,530,0,40,0.07,304.95
Fermo,198,08/09/2020,2,532,0,40,0.07,306.1
Fermo,199,09/09/2020,4,536,0,40,0.07,308.4
Fermo,200,10/09/2020,0,536,1,41,0.08,308.4
Fermo,201,11/09/2020,11,547,0,41,0.07,314.73
Fermo,202,12/09/2020,2,549,0,41,0.07,315.88
Fermo,203,13/09/2020,1,550,0,41,0.07,316.46
Fermo,204,14/09/2020,0,550,0,41,0.07,316.46
Fermo,205,15/09/2020,1,551,0,41,0.07,317.03
Fermo,206,16/09/2020,3,554,0,41,0.07,318.76
Fermo,207,17/09/2020,3,557,0,41,0.07,320.48
Fermo,208,18/09/2020,1,558,0,41,0.07,321.06
Fermo,209,19/09/2020,2,560,0,41,0.07,322.21
Fermo,210,20/09/2020,0,560,0,41,0.07,322.21
Fermo,211,21/09/2020,3,563,0,41,0.07,323.94
Fermo,212,22/09/2020,0,563,0,41,0.07,323.94
Fermo,213,23/09/2020,1,564,0,41,0.07,324.51
Fermo,214,24/09/2020,0,564,0,41,0.07,324.51
Fermo,215,25/09/2020,1,565,0,41,0.07,325.09
Fermo,216,26/09/2020,0,565,0,41,0.07,325.09
Fermo,217,27/09/2020,1,566,0,41,0.07,325.66
Fermo,218,28/09/2020,0,566,0,41,0.07,325.66
Fermo,219,29/09/2020,0,566,0,41,0.07,325.66
Fermo,220,30/09/2020,0,566,0,41,0.07,325.66
Fermo,221,01/10/2020,5,571,0,41,0.07,328.54
Fermo,222,02/10/2020,5,576,0,41,0.07,331.42
Fermo,223,03/10/2020,10,586,0,41,0.07,337.17
Fermo,224,04/10/2020,14,600,0,41,0.07,345.22
Fermo,225,05/10/2020,7,607,0,41,0.07,349.25
Fermo,226,06/10/2020,4,611,0,41,0.07,351.55
Fermo,227,07/10/2020,7,618,0,41,0.07,355.58
Fermo,228,08/10/2020,24,642,0,41,0.06,369.39
Fermo,229,09/10/2020,12,654,0,41,0.06,376.29
Fermo,230,10/10/2020,14,668,0,41,0.06,384.35
Fermo,231,11/10/2020,5,673,0,41,0.06,387.23
Fermo,232,12/10/2020,7,680,0,41,0.06,391.25
Fermo,233,13/10/2020,10,690,0,41,0.06,397.01
Fermo,234,14/10/2020,21,711,0,41,0.06,409.09
Fermo,235,15/10/2020,32,743,0,41,0.06,427.5
Fermo,236,16/10/2020,17,760,0,41,0.05,437.28
Fermo,237,17/10/2020,16,776,0,41,0.05,446.49
Fermo,238,18/10/2020,14,790,1,42,0.05,454.55
Fermo,239,19/10/2020,4,794,0,42,0.05,456.85
Fermo,240,20/10/2020,6,800,1,43,0.05,460.3
Fermo,241,21/10/2020,36,836,0,43,0.05,481.01
Fermo,242,22/10/2020,58,894,0,43,0.05,514.38
Fermo,243,23/10/2020,70,964,1,44,0.05,554.66
Fermo,244,24/10/2020,37,1001,1,45,0.04,575.95
Fermo,245,25/10/2020,93,1094,1,46,0.04,629.46
Fermo,246,26/10/2020,15,1109,2,48,0.04,638.09
Fermo,247,27/10/2020,23,1132,2,50,0.04,651.32
Fermo,248,28/10/2020,52,1184,0,50,0.04,681.24
Fermo,249,29/10/2020,146,1330,0,50,0.04,765.25
Fermo,250,30/10/2020,49,1379,0,50,0.04,793.44
Fermo,251,31/10/2020,50,1429,0,50,0.04,822.21
Fermo,252,01/11/2020,160,1589,1,51,0.03,914.27
Fermo,253,02/11/2020,50,1639,0,51,0.03,943.04
Fermo,254,03/11/2020,11,1650,0,51,0.03,949.37
Fermo,255,04/11/2020,92,1742,0,51,0.03,1002.3
Fermo,256,05/11/2020,131,1873,0,51,0.03,1077.68
Fermo,257,06/11/2020,92,1965,0,51,0.03,1130.61
Fermo,258,07/11/2020,136,2101,2,53,0.03,1208.86
Fermo,259,08/11/2020,82,2183,1,54,0.03,1256.04
Fermo,260,09/11/2020,20,2203,1,55,0.03,1267.55
Fermo,261,10/11/2020,40,2243,2,57,0.03,1290.56
Fermo,262,11/11/2020,82,2325,3,60,0.03,1337.74
Fermo,263,12/11/2020,130,2455,0,60,0.02,1412.54
Fermo,264,13/11/2020,127,2582,0,60,0.02,1485.62
Fermo,265,14/11/2020,102,2684,1,61,0.02,1544.3
Fermo,266,15/11/2020,83,2767,0,61,0.02,1592.06
Fermo,267,16/11/2020,24,2791,0,61,0.02,1605.87
Fermo,268,17/11/2020,24,2815,1,62,0.02,1619.68
Fermo,269,18/11/2020,66,2881,0,62,0.02,1657.65
Fermo,270,19/11/2020,78,2959,2,64,0.02,1702.53
Fermo,271,20/11/2020,46,3005,1,65,0.02,1729
Fermo,272,21/11/2020,47,3052,2,67,0.02,1756.04
Fermo,273,22/11/2020,55,3107,1,68,0.02,1787.69
Fermo,274,23/11/2020,16,3123,4,72,0.02,1796.89
Fermo,275,24/11/2020,13,3136,1,73,0.02,1804.37
Fermo,276,25/11/2020,48,3184,2,75,0.02,1831.99
Fermo,277,26/11/2020,60,3244,0,75,0.02,1866.51
Fermo,278,27/11/2020,58,3302,0,75,0.02,1899.88
Fermo,279,28/11/2020,51,3353,0,75,0.02,1929.23
Fermo,280,29/11/2020,56,3409,0,75,0.02,1961.45
Fermo,281,30/11/2020,8,3417,2,77,0.02,1966.05
Fermo,282,01/12/2020,6,3423,1,78,0.02,1969.51
Fermo,283,02/12/2020,57,3480,0,78,0.02,2002.3
Fermo,284,03/12/2020,67,3547,0,78,0.02,2040.85
Fermo,285,04/12/2020,70,3617,1,79,0.02,2081.13
Fermo,286,05/12/2020,60,3677,0,79,0.02,2115.65
Fermo,287,06/12/2020,63,3740,1,80,0.02,2151.9
Fermo,288,07/12/2020,4,3744,3,83,0.02,2154.2
Fermo,289,08/12/2020,16,3760,2,85,0.02,2163.41
Fermo,290,09/12/2020,4,3764,0,85,0.02,2165.71
Fermo,291,10/12/2020,37,3801,0,85,0.02,2187
