Province,Day,Date,New_cases,Curr_pos_cases,Deaths,Tot_deaths,Lethality_rate,Cumul_rates
Macerata,1,24/02/2020,0,0,0,0,0,0
Macerata,2,25/02/2020,0,0,0,0,0,0
Macerata,3,26/02/2020,0,0,0,0,0,0
Macerata,4,27/02/2020,0,0,0,0,0,0
Macerata,5,28/02/2020,0,0,0,0,0,0
Macerata,6,29/02/2020,0,0,0,0,0,0
Macerata,7,01/03/2020,0,0,0,0,0,0
Macerata,8,02/03/2020,0,0,0,0,0,0
Macerata,9,03/03/2020,1,1,0,0,0,0.32
Macerata,10,04/03/2020,1,2,0,0,0,0.64
Macerata,11,05/03/2020,0,2,0,0,0,0.64
Macerata,12,06/03/2020,5,7,0,0,0,2.23
Macerata,13,07/03/2020,0,7,0,0,0,2.23
Macerata,14,08/03/2020,2,9,0,0,0,2.86
Macerata,15,09/03/2020,0,9,0,0,0,2.86
Macerata,16,10/03/2020,2,11,0,0,0,3.5
Macerata,17,11/03/2020,6,17,0,0,0,5.41
Macerata,18,12/03/2020,15,32,0,0,0,10.19
Macerata,19,13/03/2020,16,48,0,0,0,15.28
Macerata,20,14/03/2020,10,58,1,1,0.02,18.46
Macerata,21,15/03/2020,36,94,0,1,0.01,29.92
Macerata,22,16/03/2020,23,117,2,3,0.03,37.24
Macerata,23,17/03/2020,11,128,3,6,0.05,40.74
Macerata,24,18/03/2020,32,160,3,9,0.06,50.93
Macerata,25,19/03/2020,26,186,2,11,0.06,59.2
Macerata,26,20/03/2020,29,215,0,11,0.05,68.43
Macerata,27,21/03/2020,23,238,0,11,0.05,75.75
Macerata,28,22/03/2020,55,293,0,11,0.04,93.26
Macerata,29,23/03/2020,33,326,3,14,0.04,103.76
Macerata,30,24/03/2020,42,368,5,19,0.05,117.13
Macerata,31,25/03/2020,27,395,4,23,0.06,125.72
Macerata,32,26/03/2020,10,405,0,23,0.06,128.91
Macerata,33,27/03/2020,6,411,0,23,0.06,130.82
Macerata,34,28/03/2020,46,457,1,24,0.05,145.46
Macerata,35,29/03/2020,19,476,1,25,0.05,151.51
Macerata,36,30/03/2020,1,477,1,26,0.06,151.82
Macerata,37,31/03/2020,16,493,2,28,0.06,156.92
Macerata,38,01/04/2020,13,506,9,37,0.07,161.06
Macerata,39,02/04/2020,27,533,0,37,0.07,169.65
Macerata,40,03/04/2020,28,561,1,38,0.07,178.56
Macerata,41,04/04/2020,37,598,1,39,0.06,190.34
Macerata,42,05/04/2020,16,614,0,39,0.06,195.43
Macerata,43,06/04/2020,25,639,5,44,0.07,203.39
Macerata,44,07/04/2020,25,664,6,50,0.07,211.35
Macerata,45,08/04/2020,50,714,2,52,0.07,227.26
Macerata,46,09/04/2020,18,732,3,55,0.07,232.99
Macerata,47,10/04/2020,44,776,1,56,0.07,246.99
Macerata,48,11/04/2020,25,801,1,57,0.07,254.95
Macerata,49,12/04/2020,17,818,1,58,0.07,260.36
Macerata,50,13/04/2020,16,834,2,60,0.07,265.45
Macerata,51,14/04/2020,3,837,4,64,0.08,266.41
Macerata,52,15/04/2020,9,846,10,74,0.09,269.27
Macerata,53,16/04/2020,25,871,6,80,0.09,277.23
Macerata,54,17/04/2020,24,895,2,82,0.09,284.87
Macerata,55,18/04/2020,11,906,5,87,0.1,288.37
Macerata,56,19/04/2020,8,914,3,90,0.1,290.92
Macerata,57,20/04/2020,8,922,5,95,0.1,293.46
Macerata,58,21/04/2020,10,932,2,97,0.1,296.65
Macerata,59,22/04/2020,14,946,4,101,0.11,301.1
Macerata,60,23/04/2020,10,956,3,104,0.11,304.29
Macerata,61,24/04/2020,20,976,2,106,0.11,310.65
Macerata,62,25/04/2020,9,985,1,107,0.11,313.52
Macerata,63,26/04/2020,13,998,3,110,0.11,317.65
Macerata,64,27/04/2020,1,999,2,112,0.11,317.97
Macerata,65,28/04/2020,7,1006,1,113,0.11,320.2
Macerata,66,29/04/2020,4,1010,2,115,0.11,321.47
Macerata,67,30/04/2020,7,1017,2,117,0.12,323.7
Macerata,68,01/05/2020,7,1024,2,119,0.12,325.93
Macerata,69,02/05/2020,2,1026,2,121,0.12,326.57
Macerata,70,03/05/2020,5,1031,2,123,0.12,328.16
Macerata,71,04/05/2020,3,1034,0,123,0.12,329.11
Macerata,72,05/05/2020,8,1042,1,124,0.12,331.66
Macerata,73,06/05/2020,5,1047,0,124,0.12,333.25
Macerata,74,07/05/2020,3,1050,1,125,0.12,334.21
Macerata,75,08/05/2020,1,1051,0,125,0.12,334.52
Macerata,76,09/05/2020,5,1056,0,125,0.12,336.12
Macerata,77,10/05/2020,11,1067,0,125,0.12,339.62
Macerata,78,11/05/2020,1,1068,1,126,0.12,339.93
Macerata,79,12/05/2020,7,1075,1,127,0.12,342.16
Macerata,80,13/05/2020,2,1077,1,128,0.12,342.8
Macerata,81,14/05/2020,5,1082,1,129,0.12,344.39
Macerata,82,15/05/2020,5,1087,1,130,0.12,345.98
Macerata,83,16/05/2020,5,1092,1,131,0.12,347.57
Macerata,84,17/05/2020,11,1103,0,131,0.12,351.07
Macerata,85,18/05/2020,2,1105,1,132,0.12,351.71
Macerata,86,19/05/2020,1,1106,0,132,0.12,352.03
Macerata,87,20/05/2020,0,1106,1,133,0.12,352.03
Macerata,88,21/05/2020,4,1110,0,133,0.12,353.3
Macerata,89,22/05/2020,3,1113,1,134,0.12,354.26
Macerata,90,23/05/2020,1,1114,0,134,0.12,354.58
Macerata,91,24/05/2020,2,1116,0,134,0.12,355.21
Macerata,92,25/05/2020,0,1116,0,134,0.12,355.21
Macerata,93,26/05/2020,1,1117,0,134,0.12,355.53
Macerata,94,27/05/2020,0,1117,1,135,0.12,355.53
Macerata,95,28/05/2020,1,1118,0,135,0.12,355.85
Macerata,96,29/05/2020,3,1121,0,135,0.12,356.8
Macerata,97,30/05/2020,0,1121,0,135,0.12,356.8
Macerata,98,31/05/2020,1,1122,0,135,0.12,357.12
Macerata,99,01/06/2020,0,1122,0,135,0.12,357.12
Macerata,100,02/06/2020,1,1123,0,135,0.12,357.44
Macerata,101,03/06/2020,0,1123,1,136,0.12,357.44
Macerata,102,04/06/2020,0,1123,1,137,0.12,357.44
Macerata,103,05/06/2020,1,1124,0,137,0.12,357.76
Macerata,104,06/06/2020,0,1124,0,137,0.12,357.76
Macerata,105,07/06/2020,3,1127,0,137,0.12,358.71
Macerata,106,08/06/2020,0,1127,0,137,0.12,358.71
Macerata,107,09/06/2020,0,1127,0,137,0.12,358.71
Macerata,108,10/06/2020,1,1128,0,137,0.12,359.03
Macerata,109,11/06/2020,1,1129,0,137,0.12,359.35
Macerata,110,12/06/2020,1,1130,0,137,0.12,359.67
Macerata,111,13/06/2020,1,1131,0,137,0.12,359.99
Macerata,112,14/06/2020,2,1133,0,137,0.12,360.62
Macerata,113,15/06/2020,3,1136,0,137,0.12,361.58
Macerata,114,16/06/2020,0,1136,0,137,0.12,361.58
Macerata,115,17/06/2020,1,1137,0,137,0.12,361.9
Macerata,116,18/06/2020,4,1141,0,137,0.12,363.17
Macerata,117,19/06/2020,0,1141,0,137,0.12,363.17
Macerata,118,20/06/2020,0,1141,0,137,0.12,363.17
Macerata,119,21/06/2020,0,1141,0,137,0.12,363.17
Macerata,120,22/06/2020,5,1146,0,137,0.12,364.76
Macerata,121,23/06/2020,0,1146,0,137,0.12,364.76
Macerata,122,24/06/2020,3,1149,0,137,0.12,365.72
Macerata,123,25/06/2020,3,1152,0,137,0.12,366.67
Macerata,124,26/06/2020,2,1154,0,137,0.12,367.31
Macerata,125,27/06/2020,0,1154,0,137,0.12,367.31
Macerata,126,28/06/2020,0,1154,0,137,0.12,367.31
Macerata,127,29/06/2020,0,1154,0,137,0.12,367.31
Macerata,128,30/06/2020,0,1154,0,137,0.12,367.31
Macerata,129,01/07/2020,0,1154,0,137,0.12,367.31
Macerata,130,02/07/2020,1,1155,0,137,0.12,367.63
Macerata,131,03/07/2020,0,1155,0,137,0.12,367.63
Macerata,132,04/07/2020,0,1155,0,137,0.12,367.63
Macerata,133,05/07/2020,0,1155,0,137,0.12,367.63
Macerata,134,06/07/2020,0,1155,0,137,0.12,367.63
Macerata,135,07/07/2020,0,1155,0,137,0.12,367.63
Macerata,136,08/07/2020,0,1155,0,137,0.12,367.63
Macerata,137,09/07/2020,2,1157,0,137,0.12,368.26
Macerata,138,10/07/2020,0,1157,0,137,0.12,368.26
Macerata,139,11/07/2020,0,1157,0,137,0.12,368.26
Macerata,140,12/07/2020,1,1158,0,137,0.12,368.58
Macerata,141,13/07/2020,0,1158,0,137,0.12,368.58
Macerata,142,14/07/2020,0,1158,0,137,0.12,368.58
Macerata,143,15/07/2020,0,1158,0,137,0.12,368.58
Macerata,144,16/07/2020,0,1158,0,137,0.12,368.58
Macerata,145,17/07/2020,0,1158,0,137,0.12,368.58
Macerata,146,18/07/2020,0,1158,0,137,0.12,368.58
Macerata,147,19/07/2020,0,1158,0,137,0.12,368.58
Macerata,148,20/07/2020,0,1158,0,137,0.12,368.58
Macerata,149,21/07/2020,0,1158,0,137,0.12,368.58
Macerata,150,22/07/2020,0,1158,0,137,0.12,368.58
Macerata,151,23/07/2020,0,1158,0,137,0.12,368.58
Macerata,152,24/07/2020,0,1158,0,137,0.12,368.58
Macerata,153,25/07/2020,0,1158,0,137,0.12,368.58
Macerata,154,26/07/2020,0,1158,0,137,0.12,368.58
Macerata,155,27/07/2020,0,1158,0,137,0.12,368.58
Macerata,156,28/07/2020,4,1162,0,137,0.12,369.85
Macerata,157,29/07/2020,0,1162,0,137,0.12,369.85
Macerata,158,30/07/2020,3,1165,0,137,0.12,370.81
Macerata,159,31/07/2020,0,1165,0,137,0.12,370.81
Macerata,160,01/08/2020,3,1168,0,137,0.12,371.76
Macerata,161,02/08/2020,1,1169,0,137,0.12,372.08
Macerata,162,03/08/2020,0,1169,0,137,0.12,372.08
Macerata,163,04/08/2020,0,1169,0,137,0.12,372.08
Macerata,164,05/08/2020,0,1169,0,137,0.12,372.08
Macerata,165,06/08/2020,0,1169,0,137,0.12,372.08
Macerata,166,07/08/2020,5,1174,0,137,0.12,373.67
Macerata,167,08/08/2020,0,1174,0,137,0.12,373.67
Macerata,168,09/08/2020,2,1176,0,137,0.12,374.31
Macerata,169,10/08/2020,1,1177,0,137,0.12,374.63
Macerata,170,11/08/2020,1,1178,0,137,0.12,374.95
Macerata,171,12/08/2020,0,1178,0,137,0.12,374.95
Macerata,172,13/08/2020,1,1179,0,137,0.12,375.26
Macerata,173,14/08/2020,1,1180,0,137,0.12,375.58
Macerata,174,15/08/2020,1,1181,0,137,0.12,375.9
Macerata,175,16/08/2020,1,1182,0,137,0.12,376.22
Macerata,176,17/08/2020,0,1182,0,137,0.12,376.22
Macerata,177,18/08/2020,0,1182,0,137,0.12,376.22
Macerata,178,19/08/2020,2,1184,0,137,0.12,376.86
Macerata,179,20/08/2020,2,1186,0,137,0.12,377.49
Macerata,180,21/08/2020,7,1193,0,137,0.12,379.72
Macerata,181,22/08/2020,0,1193,0,137,0.12,379.72
Macerata,182,23/08/2020,3,1196,0,137,0.12,380.68
Macerata,183,24/08/2020,0,1196,0,137,0.12,380.68
Macerata,184,25/08/2020,1,1197,0,137,0.11,380.99
Macerata,185,26/08/2020,4,1201,0,137,0.11,382.27
Macerata,186,27/08/2020,7,1208,0,137,0.11,384.5
Macerata,187,28/08/2020,4,1212,0,137,0.11,385.77
Macerata,188,29/08/2020,1,1213,0,137,0.11,386.09
Macerata,189,30/08/2020,3,1216,0,137,0.11,387.04
Macerata,190,31/08/2020,0,1216,0,137,0.11,387.04
Macerata,191,01/09/2020,2,1218,0,137,0.11,387.68
Macerata,192,02/09/2020,1,1219,0,137,0.11,388
Macerata,193,03/09/2020,0,1219,0,137,0.11,388
Macerata,194,04/09/2020,4,1223,0,137,0.11,389.27
Macerata,195,05/09/2020,2,1225,0,137,0.11,389.91
Macerata,196,06/09/2020,3,1228,0,137,0.11,390.86
Macerata,197,07/09/2020,1,1229,0,137,0.11,391.18
Macerata,198,08/09/2020,4,1233,0,137,0.11,392.45
Macerata,199,09/09/2020,2,1235,0,137,0.11,393.09
Macerata,200,10/09/2020,3,1238,0,137,0.11,394.04
Macerata,201,11/09/2020,7,1245,0,137,0.11,396.27
Macerata,202,12/09/2020,3,1248,0,137,0.11,397.23
Macerata,203,13/09/2020,5,1253,0,137,0.11,398.82
Macerata,204,14/09/2020,3,1256,0,137,0.11,399.77
Macerata,205,15/09/2020,0,1256,0,137,0.11,399.77
Macerata,206,16/09/2020,7,1263,0,137,0.11,402
Macerata,207,17/09/2020,3,1266,0,137,0.11,402.96
Macerata,208,18/09/2020,0,1266,0,137,0.11,402.96
Macerata,209,19/09/2020,4,1270,0,137,0.11,404.23
Macerata,210,20/09/2020,2,1272,0,137,0.11,404.87
Macerata,211,21/09/2020,3,1275,0,137,0.11,405.82
Macerata,212,22/09/2020,0,1275,0,137,0.11,405.82
Macerata,213,23/09/2020,2,1277,0,137,0.11,406.46
Macerata,214,24/09/2020,3,1280,0,137,0.11,407.41
Macerata,215,25/09/2020,9,1289,0,137,0.11,410.28
Macerata,216,26/09/2020,2,1291,0,137,0.11,410.91
Macerata,217,27/09/2020,2,1293,0,137,0.11,411.55
Macerata,218,28/09/2020,3,1296,0,137,0.11,412.51
Macerata,219,29/09/2020,9,1305,0,137,0.1,415.37
Macerata,220,30/09/2020,0,1305,0,137,0.1,415.37
Macerata,221,01/10/2020,4,1309,0,137,0.1,416.64
Macerata,222,02/10/2020,12,1321,0,137,0.1,420.46
Macerata,223,03/10/2020,2,1323,0,137,0.1,421.1
Macerata,224,04/10/2020,19,1342,0,137,0.1,427.15
Macerata,225,05/10/2020,3,1345,0,137,0.1,428.1
Macerata,226,06/10/2020,10,1355,0,137,0.1,431.28
Macerata,227,07/10/2020,12,1367,0,137,0.1,435.1
Macerata,228,08/10/2020,11,1378,0,137,0.1,438.6
Macerata,229,09/10/2020,12,1390,0,137,0.1,442.42
Macerata,230,10/10/2020,13,1403,0,137,0.1,446.56
Macerata,231,11/10/2020,28,1431,0,137,0.1,455.47
Macerata,232,12/10/2020,5,1436,0,137,0.1,457.07
Macerata,233,13/10/2020,18,1454,0,137,0.09,462.79
Macerata,234,14/10/2020,38,1492,0,137,0.09,474.89
Macerata,235,15/10/2020,25,1517,0,137,0.09,482.85
Macerata,236,16/10/2020,17,1534,0,137,0.09,488.26
Macerata,237,17/10/2020,19,1553,0,137,0.09,494.31
Macerata,238,18/10/2020,86,1639,0,137,0.08,521.68
Macerata,239,19/10/2020,16,1655,0,137,0.08,526.77
Macerata,240,20/10/2020,25,1680,0,137,0.08,534.73
Macerata,241,21/10/2020,53,1733,0,137,0.08,551.6
Macerata,242,22/10/2020,122,1855,0,137,0.07,590.43
Macerata,243,23/10/2020,127,1982,0,137,0.07,630.85
Macerata,244,24/10/2020,57,2039,0,137,0.07,649
Macerata,245,25/10/2020,133,2172,0,137,0.06,691.33
Macerata,246,26/10/2020,25,2197,0,137,0.06,699.29
Macerata,247,27/10/2020,109,2306,1,138,0.06,733.98
Macerata,248,28/10/2020,70,2376,0,138,0.06,756.26
Macerata,249,29/10/2020,205,2581,0,138,0.05,821.51
Macerata,250,30/10/2020,117,2698,0,138,0.05,858.75
Macerata,251,31/10/2020,91,2789,0,138,0.05,887.71
Macerata,252,01/11/2020,176,2965,0,138,0.05,943.73
Macerata,253,02/11/2020,75,3040,1,139,0.05,967.6
Macerata,254,03/11/2020,109,3149,1,140,0.04,1002.3
Macerata,255,04/11/2020,135,3284,0,140,0.04,1045.27
Macerata,256,05/11/2020,101,3385,0,140,0.04,1077.41
Macerata,257,06/11/2020,109,3494,0,140,0.04,1112.11
Macerata,258,07/11/2020,117,3611,0,140,0.04,1149.35
Macerata,259,08/11/2020,130,3741,3,143,0.04,1190.73
Macerata,260,09/11/2020,51,3792,3,146,0.04,1206.96
Macerata,261,10/11/2020,134,3926,1,147,0.04,1249.61
Macerata,262,11/11/2020,154,4080,1,148,0.04,1298.63
Macerata,263,12/11/2020,215,4295,0,148,0.03,1367.06
Macerata,264,13/11/2020,247,4542,2,150,0.03,1445.68
Macerata,265,14/11/2020,247,4789,1,151,0.03,1524.3
Macerata,266,15/11/2020,224,5013,3,154,0.03,1595.59
Macerata,267,16/11/2020,60,5073,2,156,0.03,1614.69
Macerata,268,17/11/2020,115,5188,0,156,0.03,1651.29
Macerata,269,18/11/2020,147,5335,0,156,0.03,1698.08
Macerata,270,19/11/2020,152,5487,2,158,0.03,1746.46
Macerata,271,20/11/2020,158,5645,2,160,0.03,1796.75
Macerata,272,21/11/2020,131,5776,5,165,0.03,1838.45
Macerata,273,22/11/2020,161,5937,1,166,0.03,1889.69
Macerata,274,23/11/2020,12,5949,2,168,0.03,1893.51
Macerata,275,24/11/2020,92,6041,2,170,0.03,1922.8
Macerata,276,25/11/2020,124,6165,3,173,0.03,1962.26
Macerata,277,26/11/2020,148,6313,3,176,0.03,2009.37
Macerata,278,27/11/2020,99,6412,5,181,0.03,2040.88
Macerata,279,28/11/2020,143,6555,2,183,0.03,2086.4
Macerata,280,29/11/2020,122,6677,2,185,0.03,2125.23
Macerata,281,30/11/2020,17,6694,1,186,0.03,2130.64
Macerata,282,01/12/2020,26,6720,2,188,0.03,2138.91
Macerata,283,02/12/2020,98,6818,2,190,0.03,2170.11
Macerata,284,03/12/2020,103,6921,1,191,0.03,2202.89
Macerata,285,04/12/2020,167,7088,2,193,0.03,2256.05
Macerata,286,05/12/2020,91,7179,2,195,0.03,2285.01
Macerata,287,06/12/2020,82,7261,2,197,0.03,2311.11
Macerata,288,07/12/2020,19,7280,2,199,0.03,2317.16
Macerata,289,08/12/2020,47,7327,0,199,0.03,2332.12
Macerata,290,09/12/2020,38,7365,1,200,0.03,2344.21
Macerata,291,10/12/2020,63,7428,1,201,0.03,2364.26
Macerata,292,11/12/2020,118,7546,2,203,0.03,2401.82
Macerata,293,12/12/2020,87,7633,3,206,0.03,2429.51
Macerata,294,13/12/2020,103,7736,1,207,0.03,2462.3
Macerata,295,14/12/2020,57,7793,0,207,0.03,2480.44
Macerata,296,15/12/2020,31,7824,0,207,0.03,2490.31
Macerata,297,16/12/2020,117,7941,1,208,0.03,2527.55
Macerata,298,17/12/2020,114,8055,2,210,0.03,2563.83
Macerata,299,18/12/2020,86,8141,0,210,0.03,2591.21
Macerata,300,19/12/2020,65,8206,3,213,0.03,2611.9
Macerata,301,20/12/2020,92,8298,0,213,0.03,2641.18
Macerata,302,21/12/2020,12,8310,0,213,0.03,2645
Macerata,303,22/12/2020,96,8406,1,214,0.03,2675.55
Macerata,304,23/12/2020,95,8501,1,215,0.03,2705.79
Macerata,305,24/12/2020,54,8555,1,216,0.03,2722.98
Macerata,306,25/12/2020,103,8658,0,216,0.03,2755.76
Macerata,307,26/12/2020,24,8682,0,216,0.03,2763.4
Macerata,308,27/12/2020,59,8741,0,216,0.03,2782.18
Macerata,309,28/12/2020,29,8770,0,216,0.03,2791.41
Macerata,310,29/12/2020,38,8808,1,217,0.03,2803.51
Macerata,311,30/12/2020,125,8933,0,217,0.02,2843.29
Macerata,312,31/12/2020,134,9067,1,218,0.02,2885.94
Macerata,313,01/01/2021,116,9183,3,221,0.02,2922.87
Macerata,314,02/01/2021,48,9231,3,224,0.02,2938.14
Macerata,315,03/01/2021,49,9280,1,225,0.02,2953.74
Macerata,316,04/01/2021,91,9371,4,229,0.02,2982.7
Macerata,317,05/01/2021,92,9463,1,230,0.02,3011.99
Macerata,318,06/01/2021,136,9599,3,233,0.02,3055.27
Macerata,319,07/01/2021,81,9680,0,233,0.02,3081.06
Macerata,320,08/01/2021,167,9847,1,233,0.02,3134.21
Macerata,321,09/01/2021,113,9960,0,233,0.02,3170.18
Macerata,322,10/01/2021,176,10136,0,233,0.02,3226.2
