Province,Day,Date,New_cases,Curr_pos_cases,Deaths,Tot_deaths,Lethality_rate,Cumul_rates
Pesaro e Urbino,1,24/02/2020,0,0,0,0,0,0
Pesaro e Urbino,2,25/02/2020,0,0,0,0,0,0
Pesaro e Urbino,3,26/02/2020,1,1,0,0,0,0.28
Pesaro e Urbino,4,27/02/2020,2,3,0,0,0,0.84
Pesaro e Urbino,5,28/02/2020,3,6,0,0,0,1.67
Pesaro e Urbino,6,29/02/2020,5,11,0,0,0,3.07
Pesaro e Urbino,7,01/03/2020,13,24,0,0,0,6.69
Pesaro e Urbino,8,02/03/2020,9,33,1,1,0.03,9.2
Pesaro e Urbino,9,03/03/2020,22,55,1,2,0.04,15.33
Pesaro e Urbino,10,04/03/2020,17,72,2,4,0.06,20.06
Pesaro e Urbino,11,05/03/2020,28,100,0,4,0.04,27.86
Pesaro e Urbino,12,06/03/2020,26,126,0,4,0.03,35.11
Pesaro e Urbino,13,07/03/2020,33,159,1,5,0.03,44.3
Pesaro e Urbino,14,08/03/2020,45,204,0,5,0.03,56.84
Pesaro e Urbino,15,09/03/2020,42,246,2,7,0.03,68.55
Pesaro e Urbino,16,10/03/2020,50,296,2,9,0.03,82.48
Pesaro e Urbino,17,11/03/2020,46,342,2,11,0.03,95.29
Pesaro e Urbino,18,12/03/2020,61,403,3,14,0.04,112.29
Pesaro e Urbino,19,13/03/2020,93,496,7,21,0.04,138.21
Pesaro e Urbino,20,14/03/2020,95,591,3,24,0.04,164.68
Pesaro e Urbino,21,15/03/2020,121,712,9,33,0.05,198.39
Pesaro e Urbino,22,16/03/2020,21,733,9,42,0.06,204.24
Pesaro e Urbino,23,17/03/2020,79,812,7,49,0.06,226.26
Pesaro e Urbino,24,18/03/2020,98,910,18,67,0.07,253.56
Pesaro e Urbino,25,19/03/2020,73,983,13,80,0.08,273.9
Pesaro e Urbino,26,20/03/2020,116,1099,11,91,0.08,306.23
Pesaro e Urbino,27,21/03/2020,87,1186,27,118,0.1,330.47
Pesaro e Urbino,28,22/03/2020,63,1249,14,132,0.11,348.02
Pesaro e Urbino,29,23/03/2020,63,1312,13,145,0.11,365.58
Pesaro e Urbino,30,24/03/2020,59,1371,16,161,0.12,382.02
Pesaro e Urbino,31,25/03/2020,61,1432,11,172,0.12,399.01
Pesaro e Urbino,32,26/03/2020,42,1474,16,188,0.13,410.72
Pesaro e Urbino,33,27/03/2020,1,1475,16,204,0.14,410.99
Pesaro e Urbino,34,28/03/2020,32,1507,12,216,0.14,419.91
Pesaro e Urbino,35,29/03/2020,70,1577,14,230,0.15,439.42
Pesaro e Urbino,36,30/03/2020,62,1639,19,249,0.15,456.69
Pesaro e Urbino,37,31/03/2020,25,1664,9,258,0.16,463.66
Pesaro e Urbino,38,01/04/2020,58,1722,10,268,0.16,479.82
Pesaro e Urbino,39,02/04/2020,34,1756,20,288,0.16,489.29
Pesaro e Urbino,40,03/04/2020,30,1786,7,295,0.16,497.65
Pesaro e Urbino,41,04/04/2020,34,1820,14,309,0.17,507.12
Pesaro e Urbino,42,05/04/2020,33,1853,9,318,0.17,516.32
Pesaro e Urbino,43,06/04/2020,66,1919,6,324,0.17,534.71
Pesaro e Urbino,44,07/04/2020,37,1956,10,334,0.17,545.02
Pesaro e Urbino,45,08/04/2020,45,2001,8,342,0.17,557.56
Pesaro e Urbino,46,09/04/2020,43,2044,3,345,0.17,569.54
Pesaro e Urbino,47,10/04/2020,49,2093,3,348,0.17,583.19
Pesaro e Urbino,48,11/04/2020,28,2121,4,352,0.17,591
Pesaro e Urbino,49,12/04/2020,19,2140,6,358,0.17,596.29
Pesaro e Urbino,50,13/04/2020,41,2181,10,368,0.17,607.71
Pesaro e Urbino,51,14/04/2020,14,2195,7,375,0.17,611.61
Pesaro e Urbino,52,15/04/2020,35,2230,3,378,0.17,621.37
Pesaro e Urbino,53,16/04/2020,19,2249,9,387,0.17,626.66
Pesaro e Urbino,54,17/04/2020,28,2277,2,389,0.17,634.46
Pesaro e Urbino,55,18/04/2020,16,2293,4,393,0.17,638.92
Pesaro e Urbino,56,19/04/2020,19,2312,9,402,0.17,644.22
Pesaro e Urbino,57,20/04/2020,21,2333,3,405,0.17,650.07
Pesaro e Urbino,58,21/04/2020,14,2347,5,410,0.17,653.97
Pesaro e Urbino,59,22/04/2020,19,2366,4,414,0.17,659.26
Pesaro e Urbino,60,23/04/2020,8,2374,1,415,0.17,661.49
Pesaro e Urbino,61,24/04/2020,27,2401,3,418,0.17,669.01
Pesaro e Urbino,62,25/04/2020,10,2411,3,421,0.17,671.8
Pesaro e Urbino,63,26/04/2020,17,2428,1,422,0.17,676.54
Pesaro e Urbino,64,27/04/2020,11,2439,5,427,0.17,679.6
Pesaro e Urbino,65,28/04/2020,34,2473,1,428,0.17,689.08
Pesaro e Urbino,66,29/04/2020,17,2490,2,430,0.17,693.81
Pesaro e Urbino,67,30/04/2020,16,2506,2,432,0.17,698.27
Pesaro e Urbino,68,01/05/2020,15,2521,1,433,0.17,702.45
Pesaro e Urbino,69,02/05/2020,8,2529,1,434,0.17,704.68
Pesaro e Urbino,70,03/05/2020,11,2540,0,434,0.17,707.75
Pesaro e Urbino,71,04/05/2020,31,2571,2,436,0.17,716.38
Pesaro e Urbino,72,05/05/2020,15,2586,3,439,0.17,720.56
Pesaro e Urbino,73,06/05/2020,18,2604,4,443,0.17,725.58
Pesaro e Urbino,74,07/05/2020,26,2630,2,445,0.17,732.82
Pesaro e Urbino,75,08/05/2020,9,2639,1,446,0.17,735.33
Pesaro e Urbino,76,09/05/2020,11,2650,1,447,0.17,738.4
Pesaro e Urbino,77,10/05/2020,17,2667,2,449,0.17,743.13
Pesaro e Urbino,78,11/05/2020,8,2675,2,451,0.17,745.36
Pesaro e Urbino,79,12/05/2020,15,2690,0,451,0.17,749.54
Pesaro e Urbino,80,13/05/2020,15,2705,1,452,0.17,753.72
Pesaro e Urbino,81,14/05/2020,8,2713,2,454,0.17,755.95
Pesaro e Urbino,82,15/05/2020,10,2723,3,457,0.17,758.74
Pesaro e Urbino,83,16/05/2020,4,2727,1,458,0.17,759.85
Pesaro e Urbino,84,17/05/2020,3,2730,0,458,0.17,760.69
Pesaro e Urbino,85,18/05/2020,1,2731,1,459,0.17,760.97
Pesaro e Urbino,86,19/05/2020,2,2733,0,459,0.17,761.52
Pesaro e Urbino,87,20/05/2020,2,2735,2,461,0.17,762.08
Pesaro e Urbino,88,21/05/2020,1,2736,0,461,0.17,762.36
Pesaro e Urbino,89,22/05/2020,2,2738,2,463,0.17,762.92
Pesaro e Urbino,90,23/05/2020,0,2738,0,463,0.17,762.92
Pesaro e Urbino,91,24/05/2020,2,2740,1,464,0.17,763.47
Pesaro e Urbino,92,25/05/2020,0,2740,0,464,0.17,763.47
Pesaro e Urbino,93,26/05/2020,0,2740,0,464,0.17,763.47
Pesaro e Urbino,94,27/05/2020,0,2740,0,464,0.17,763.47
Pesaro e Urbino,95,28/05/2020,0,2740,0,464,0.17,763.47
Pesaro e Urbino,96,29/05/2020,1,2741,0,464,0.17,763.75
Pesaro e Urbino,97,30/05/2020,3,2744,0,464,0.17,764.59
Pesaro e Urbino,98,31/05/2020,1,2745,0,464,0.17,764.87
Pesaro e Urbino,99,01/06/2020,0,2745,0,464,0.17,764.87
Pesaro e Urbino,100,02/06/2020,0,2745,0,464,0.17,764.87
Pesaro e Urbino,101,03/06/2020,0,2745,0,464,0.17,764.87
Pesaro e Urbino,102,04/06/2020,3,2748,0,464,0.17,765.7
Pesaro e Urbino,103,05/06/2020,1,2749,2,466,0.17,765.98
Pesaro e Urbino,104,06/06/2020,2,2751,0,466,0.17,766.54
Pesaro e Urbino,105,07/06/2020,0,2751,0,466,0.17,766.54
Pesaro e Urbino,106,08/06/2020,1,2752,1,467,0.17,766.82
Pesaro e Urbino,107,09/06/2020,0,2752,0,467,0.17,766.82
Pesaro e Urbino,108,10/06/2020,2,2754,0,467,0.17,767.37
Pesaro e Urbino,109,11/06/2020,0,2754,1,468,0.17,767.37
Pesaro e Urbino,110,12/06/2020,0,2754,0,468,0.17,767.37
Pesaro e Urbino,111,13/06/2020,0,2754,0,468,0.17,767.37
Pesaro e Urbino,112,14/06/2020,0,2754,0,468,0.17,767.37
Pesaro e Urbino,113,15/06/2020,1,2755,1,469,0.17,767.65
Pesaro e Urbino,114,16/06/2020,0,2755,0,469,0.17,767.65
Pesaro e Urbino,115,17/06/2020,0,2755,0,469,0.17,767.65
Pesaro e Urbino,116,18/06/2020,0,2755,0,469,0.17,767.65
Pesaro e Urbino,117,19/06/2020,0,2755,0,469,0.17,767.65
Pesaro e Urbino,118,20/06/2020,0,2755,0,469,0.17,767.65
Pesaro e Urbino,119,21/06/2020,0,2755,0,469,0.17,767.65
Pesaro e Urbino,120,22/06/2020,1,2756,0,469,0.17,767.93
Pesaro e Urbino,121,23/06/2020,1,2757,0,469,0.17,768.21
Pesaro e Urbino,122,24/06/2020,1,2758,0,469,0.17,768.49
Pesaro e Urbino,123,25/06/2020,-1,2757,0,469,0.17,768.21
Pesaro e Urbino,124,26/06/2020,0,2757,0,469,0.17,768.21
Pesaro e Urbino,125,27/06/2020,0,2757,0,469,0.17,768.21
Pesaro e Urbino,126,28/06/2020,0,2757,0,469,0.17,768.21
Pesaro e Urbino,127,29/06/2020,0,2757,0,469,0.17,768.21
Pesaro e Urbino,128,30/06/2020,0,2757,0,469,0.17,768.21
Pesaro e Urbino,129,01/07/2020,1,2758,0,469,0.17,768.49
Pesaro e Urbino,130,02/07/2020,1,2759,0,469,0.17,768.77
Pesaro e Urbino,131,03/07/2020,0,2759,0,469,0.17,768.77
Pesaro e Urbino,132,04/07/2020,0,2759,0,469,0.17,768.77
Pesaro e Urbino,133,05/07/2020,0,2759,0,469,0.17,768.77
Pesaro e Urbino,134,06/07/2020,0,2759,0,469,0.17,768.77
Pesaro e Urbino,135,07/07/2020,1,2760,0,469,0.17,769.05
Pesaro e Urbino,136,08/07/2020,1,2761,0,469,0.17,769.33
Pesaro e Urbino,137,09/07/2020,1,2762,0,469,0.17,769.6
Pesaro e Urbino,138,10/07/2020,0,2762,0,469,0.17,769.6
Pesaro e Urbino,139,11/07/2020,2,2764,0,469,0.17,770.16
Pesaro e Urbino,140,12/07/2020,0,2764,0,469,0.17,770.16
Pesaro e Urbino,141,13/07/2020,0,2764,0,469,0.17,770.16
Pesaro e Urbino,142,14/07/2020,0,2764,0,469,0.17,770.16
Pesaro e Urbino,143,15/07/2020,0,2764,0,469,0.17,770.16
Pesaro e Urbino,144,16/07/2020,1,2765,0,469,0.17,770.44
Pesaro e Urbino,145,17/07/2020,2,2767,0,469,0.17,771
Pesaro e Urbino,146,18/07/2020,1,2768,0,469,0.17,771.28
Pesaro e Urbino,147,19/07/2020,0,2768,0,469,0.17,771.28
Pesaro e Urbino,148,20/07/2020,0,2768,0,469,0.17,771.28
Pesaro e Urbino,149,21/07/2020,0,2768,0,469,0.17,771.28
Pesaro e Urbino,150,22/07/2020,0,2768,0,469,0.17,771.28
Pesaro e Urbino,151,23/07/2020,0,2768,0,469,0.17,771.28
Pesaro e Urbino,152,24/07/2020,1,2769,0,469,0.17,771.55
Pesaro e Urbino,153,25/07/2020,2,2771,0,469,0.17,772.11
Pesaro e Urbino,154,26/07/2020,6,2777,0,469,0.17,773.78
Pesaro e Urbino,155,27/07/2020,2,2779,0,469,0.17,774.34
Pesaro e Urbino,156,28/07/2020,4,2783,0,469,0.17,775.46
Pesaro e Urbino,157,29/07/2020,11,2794,0,469,0.17,778.52
Pesaro e Urbino,158,30/07/2020,5,2799,0,469,0.17,779.91
Pesaro e Urbino,159,31/07/2020,15,2814,0,469,0.17,784.09
Pesaro e Urbino,160,01/08/2020,0,2814,0,469,0.17,784.09
Pesaro e Urbino,161,02/08/2020,5,2819,0,469,0.17,785.49
Pesaro e Urbino,162,03/08/2020,0,2819,0,469,0.17,785.49
Pesaro e Urbino,163,04/08/2020,2,2821,0,469,0.17,786.04
Pesaro e Urbino,164,05/08/2020,1,2822,0,469,0.17,786.32
Pesaro e Urbino,165,06/08/2020,5,2827,0,469,0.17,787.72
Pesaro e Urbino,166,07/08/2020,13,2840,0,469,0.16,791.34
Pesaro e Urbino,167,08/08/2020,2,2842,0,469,0.16,791.89
Pesaro e Urbino,168,09/08/2020,9,2851,0,469,0.16,794.4
Pesaro e Urbino,169,10/08/2020,0,2851,0,469,0.16,794.4
Pesaro e Urbino,170,11/08/2020,1,2852,0,469,0.16,794.68
Pesaro e Urbino,171,12/08/2020,3,2855,0,469,0.16,795.52
Pesaro e Urbino,172,13/08/2020,5,2860,0,469,0.16,796.91
Pesaro e Urbino,173,14/08/2020,19,2879,0,469,0.16,802.2
Pesaro e Urbino,174,15/08/2020,3,2882,0,469,0.16,803.04
Pesaro e Urbino,175,16/08/2020,1,2883,0,469,0.16,803.32
Pesaro e Urbino,176,17/08/2020,1,2884,0,469,0.16,803.6
Pesaro e Urbino,177,18/08/2020,4,2888,0,469,0.16,804.71
Pesaro e Urbino,178,19/08/2020,1,2889,0,469,0.16,804.99
Pesaro e Urbino,179,20/08/2020,3,2892,0,469,0.16,805.83
Pesaro e Urbino,180,21/08/2020,6,2898,0,469,0.16,807.5
Pesaro e Urbino,181,22/08/2020,5,2903,0,469,0.16,808.89
Pesaro e Urbino,182,23/08/2020,0,2903,0,469,0.16,808.89
Pesaro e Urbino,183,24/08/2020,0,2903,0,469,0.16,808.89
Pesaro e Urbino,184,25/08/2020,3,2906,0,469,0.16,809.73
Pesaro e Urbino,185,26/08/2020,0,2906,0,469,0.16,809.73
Pesaro e Urbino,186,27/08/2020,17,2923,0,469,0.16,814.46
Pesaro e Urbino,187,28/08/2020,8,2931,0,469,0.16,816.69
Pesaro e Urbino,188,29/08/2020,6,2937,0,469,0.16,818.37
Pesaro e Urbino,189,30/08/2020,5,2942,0,469,0.16,819.76
Pesaro e Urbino,190,31/08/2020,1,2943,0,469,0.16,820.04
Pesaro e Urbino,191,01/09/2020,5,2948,0,469,0.16,821.43
Pesaro e Urbino,192,02/09/2020,6,2954,0,469,0.16,823.1
Pesaro e Urbino,193,03/09/2020,4,2958,0,469,0.16,824.22
Pesaro e Urbino,194,04/09/2020,7,2965,0,469,0.16,826.17
Pesaro e Urbino,195,05/09/2020,16,2981,0,469,0.16,830.63
Pesaro e Urbino,196,06/09/2020,11,2992,0,469,0.16,833.69
Pesaro e Urbino,197,07/09/2020,0,2992,0,469,0.16,833.69
Pesaro e Urbino,198,08/09/2020,1,2993,0,469,0.16,833.97
Pesaro e Urbino,199,09/09/2020,5,2998,0,469,0.16,835.36
Pesaro e Urbino,200,10/09/2020,15,3013,0,469,0.16,839.54
Pesaro e Urbino,201,11/09/2020,8,3021,0,469,0.16,841.77
Pesaro e Urbino,202,12/09/2020,10,3031,0,469,0.16,844.56
Pesaro e Urbino,203,13/09/2020,19,3050,0,469,0.15,849.85
Pesaro e Urbino,204,14/09/2020,0,3050,0,469,0.15,849.85
Pesaro e Urbino,205,15/09/2020,1,3051,0,469,0.15,850.13
Pesaro e Urbino,206,16/09/2020,6,3057,0,469,0.15,851.8
Pesaro e Urbino,207,17/09/2020,13,3070,0,469,0.15,855.42
Pesaro e Urbino,208,18/09/2020,8,3078,0,469,0.15,857.65
Pesaro e Urbino,209,19/09/2020,3,3081,0,469,0.15,858.49
Pesaro e Urbino,210,20/09/2020,4,3085,0,469,0.15,859.6
Pesaro e Urbino,211,21/09/2020,0,3085,0,469,0.15,859.6
Pesaro e Urbino,212,22/09/2020,6,3091,0,469,0.15,861.28
Pesaro e Urbino,213,23/09/2020,12,3103,0,469,0.15,864.62
Pesaro e Urbino,214,24/09/2020,5,3108,0,469,0.15,866.01
Pesaro e Urbino,215,25/09/2020,7,3115,0,469,0.15,867.96
Pesaro e Urbino,216,26/09/2020,3,3118,0,469,0.15,868.8
Pesaro e Urbino,217,27/09/2020,1,3119,0,469,0.15,869.08
Pesaro e Urbino,218,28/09/2020,0,3119,0,469,0.15,869.08
Pesaro e Urbino,219,29/09/2020,5,3124,0,469,0.15,870.47
Pesaro e Urbino,220,30/09/2020,0,3124,0,469,0.15,870.47
Pesaro e Urbino,221,01/10/2020,6,3130,0,469,0.15,872.14
Pesaro e Urbino,222,02/10/2020,3,3133,0,469,0.15,872.98
Pesaro e Urbino,223,03/10/2020,5,3138,0,469,0.15,874.37
Pesaro e Urbino,224,04/10/2020,8,3146,0,469,0.15,876.6
Pesaro e Urbino,225,05/10/2020,1,3147,0,469,0.15,876.88
Pesaro e Urbino,226,06/10/2020,2,3149,0,469,0.15,877.44
Pesaro e Urbino,227,07/10/2020,12,3161,0,469,0.15,880.78
Pesaro e Urbino,228,08/10/2020,3,3164,0,469,0.15,881.62
Pesaro e Urbino,229,09/10/2020,6,3170,0,469,0.15,883.29
Pesaro e Urbino,230,10/10/2020,12,3182,0,469,0.15,886.63
Pesaro e Urbino,231,11/10/2020,7,3189,0,469,0.15,888.58
Pesaro e Urbino,232,12/10/2020,2,3191,0,469,0.15,889.14
Pesaro e Urbino,233,13/10/2020,5,3196,0,469,0.15,890.53
Pesaro e Urbino,234,14/10/2020,10,3206,0,469,0.15,893.32
Pesaro e Urbino,235,15/10/2020,18,3224,0,469,0.14,898.34
Pesaro e Urbino,236,16/10/2020,2,3226,0,469,0.14,898.89
Pesaro e Urbino,237,17/10/2020,25,3251,0,469,0.14,905.86
Pesaro e Urbino,238,18/10/2020,25,3276,0,469,0.14,912.82
Pesaro e Urbino,239,19/10/2020,13,3289,0,469,0.14,916.45
Pesaro e Urbino,240,20/10/2020,16,3305,0,469,0.14,920.91
Pesaro e Urbino,241,21/10/2020,26,3331,0,469,0.14,928.15
Pesaro e Urbino,242,22/10/2020,-685,2646,1,470,0.18,737.28
Pesaro e Urbino,243,23/10/2020,767,3413,0,470,0.14,951
Pesaro e Urbino,244,24/10/2020,32,3445,0,470,0.14,959.91
Pesaro e Urbino,245,25/10/2020,32,3477,0,470,0.14,968.83
Pesaro e Urbino,246,26/10/2020,19,3496,0,470,0.13,974.13
Pesaro e Urbino,247,27/10/2020,28,3524,0,470,0.13,981.93
Pesaro e Urbino,248,28/10/2020,44,3568,0,470,0.13,994.19
Pesaro e Urbino,249,29/10/2020,62,3630,0,470,0.13,1011.46
Pesaro e Urbino,250,30/10/2020,44,3674,1,471,0.13,1023.72
Pesaro e Urbino,251,31/10/2020,46,3720,2,473,0.13,1036.54
Pesaro e Urbino,252,01/11/2020,65,3785,1,474,0.12,1054.65
Pesaro e Urbino,253,02/11/2020,58,3843,2,476,0.12,1070.81
Pesaro e Urbino,254,03/11/2020,48,3891,2,478,0.12,1084.19
Pesaro e Urbino,255,04/11/2020,49,3940,2,480,0.12,1097.84
Pesaro e Urbino,256,05/11/2020,79,4019,2,482,0.12,1119.85
Pesaro e Urbino,257,06/11/2020,51,4070,0,482,0.12,1134.06
Pesaro e Urbino,258,07/11/2020,53,4123,1,483,0.12,1148.83
Pesaro e Urbino,259,08/11/2020,42,4165,1,484,0.12,1160.54
Pesaro e Urbino,260,09/11/2020,8,4173,1,485,0.12,1162.76
Pesaro e Urbino,261,10/11/2020,70,4243,1,486,0.12,1182.27
Pesaro e Urbino,262,11/11/2020,86,4329,1,487,0.11,1206.23
Pesaro e Urbino,263,12/11/2020,53,4382,0,487,0.11,1221
Pesaro e Urbino,264,13/11/2020,94,4476,2,489,0.11,1247.19
Pesaro e Urbino,265,14/11/2020,104,4580,2,491,0.11,1276.17
Pesaro e Urbino,266,15/11/2020,154,4734,2,493,0.1,1319.08
Pesaro e Urbino,267,16/11/2020,22,4756,3,496,0.1,1325.21
Pesaro e Urbino,268,17/11/2020,68,4824,1,497,0.1,1344.16
Pesaro e Urbino,269,18/11/2020,82,4906,3,500,0.1,1367.01
Pesaro e Urbino,270,19/11/2020,168,5074,1,501,0.1,1413.82
Pesaro e Urbino,271,20/11/2020,113,5187,1,502,0.1,1445.31
Pesaro e Urbino,272,21/11/2020,72,5259,2,504,0.1,1465.37
Pesaro e Urbino,273,22/11/2020,85,5344,1,505,0.09,1489.05
Pesaro e Urbino,274,23/11/2020,28,5372,4,509,0.1,1496.85
Pesaro e Urbino,275,24/11/2020,83,5455,3,512,0.09,1519.98
Pesaro e Urbino,276,25/11/2020,81,5536,1,513,0.09,1542.55
Pesaro e Urbino,277,26/11/2020,102,5638,1,514,0.09,1570.97
Pesaro e Urbino,278,27/11/2020,103,5741,1,515,0.09,1599.67
Pesaro e Urbino,279,28/11/2020,65,5806,5,520,0.09,1617.78
Pesaro e Urbino,280,29/11/2020,157,5963,5,525,0.09,1661.53
Pesaro e Urbino,281,30/11/2020,131,6094,1,526,0.09,1698.03
Pesaro e Urbino,282,01/12/2020,93,6187,5,531,0.09,1723.95
Pesaro e Urbino,283,02/12/2020,108,6295,1,532,0.09,1754.04
Pesaro e Urbino,284,03/12/2020,124,6419,3,535,0.08,1788.59
Pesaro e Urbino,285,04/12/2020,105,6524,5,540,0.08,1817.85
Pesaro e Urbino,286,05/12/2020,95,6619,2,542,0.08,1844.32
Pesaro e Urbino,287,06/12/2020,92,6711,4,546,0.08,1869.95
Pesaro e Urbino,288,07/12/2020,54,6765,7,553,0.08,1885
Pesaro e Urbino,289,08/12/2020,89,6854,2,555,0.08,1909.8
Pesaro e Urbino,290,09/12/2020,83,6937,2,557,0.08,1932.93
Pesaro e Urbino,291,10/12/2020,147,7084,3,560,0.08,1973.89
Pesaro e Urbino,292,11/12/2020,142,7226,4,564,0.08,2013.45
Pesaro e Urbino,293,12/12/2020,98,7324,7,571,0.08,2040.76
Pesaro e Urbino,294,13/12/2020,120,7444,3,574,0.08,2074.2
Pesaro e Urbino,295,14/12/2020,41,7485,6,580,0.08,2085.62
Pesaro e Urbino,296,15/12/2020,107,7592,5,585,0.08,2115.43
Pesaro e Urbino,297,16/12/2020,116,7708,3,588,0.08,2147.76
Pesaro e Urbino,298,17/12/2020,146,7854,2,590,0.07,2188.44
Pesaro e Urbino,299,18/12/2020,113,7967,3,593,0.07,2219.92
Pesaro e Urbino,300,19/12/2020,119,8086,1,594,0.07,2253.08
Pesaro e Urbino,301,20/12/2020,88,8174,2,596,0.07,2277.6
Pesaro e Urbino,302,21/12/2020,71,8245,4,600,0.07,2297.39
Pesaro e Urbino,303,22/12/2020,144,8389,1,601,0.07,2337.51
Pesaro e Urbino,304,23/12/2020,149,8538,5,606,0.07,2379.03
Pesaro e Urbino,305,24/12/2020,129,8667,4,610,0.07,2414.97
Pesaro e Urbino,306,25/12/2020,158,8825,3,613,0.07,2459
Pesaro e Urbino,307,26/12/2020,91,8916,3,616,0.07,2484.35
Pesaro e Urbino,308,27/12/2020,49,8965,4,620,0.07,2498.01
Pesaro e Urbino,309,28/12/2020,57,9022,5,625,0.07,2513.89
Pesaro e Urbino,310,29/12/2020,194,9216,3,628,0.07,2567.95
Pesaro e Urbino,311,30/12/2020,125,9341,6,634,0.07,2602.78
Pesaro e Urbino,312,31/12/2020,107,9448,4,638,0.07,2632.59
Pesaro e Urbino,313,01/01/2021,179,9627,7,645,0.07,2682.47
Pesaro e Urbino,314,02/01/2021,88,9715,4,649,0.07,2706.99
Pesaro e Urbino,315,03/01/2021,167,9882,5,654,0.07,2753.52
Pesaro e Urbino,316,04/01/2021,76,9958,5,659,0.07,2774.7
Pesaro e Urbino,317,05/01/2021,127,10085,8,667,0.07,2810.08
Pesaro e Urbino,318,06/01/2021,220,10305,8,675,0.07,2871.39
Pesaro e Urbino,319,07/01/2021,24,10329,7,682,0.07,2878.07
Pesaro e Urbino,320,08/01/2021,112,10441,1,683,0.06,2909.28
Pesaro e Urbino,321,09/01/2021,204,10645,7,690,0.06,2966.12
Pesaro e Urbino,322,10/01/2021,180,10825,6,696,0.06,3016.28
Pesaro e Urbino,323,11/01/2021,142,10967,5,701,0.06,3055.85
Pesaro e Urbino,324,12/01/2021,174,11141,4,705,0.06,3104.33
Pesaro e Urbino,325,13/01/2021,81,11222,9,714,0.06,3126.9
Pesaro e Urbino,326,14/01/2021,151,11373,6,720,0.06,3168.97
Pesaro e Urbino,327,15/01/2021,111,11484,4,724,0.06,3199.9
Pesaro e Urbino,328,16/01/2021,132,11616,2,726,0.06,3236.68
Pesaro e Urbino,329,17/01/2021,124,11740,1,727,0.06,3271.23
Pesaro e Urbino,330,18/01/2021,13,11753,2,729,0.06,3274.86
Pesaro e Urbino,331,19/01/2021,107,11860,7,736,0.06,3304.67
Pesaro e Urbino,332,20/01/2021,76,11936,1,737,0.06,3325.85
Pesaro e Urbino,333,21/01/2021,114,12050,40,777,0.06,3357.61
Pesaro e Urbino,334,22/01/2021,91,12141,1,778,0.06,3382.97
Pesaro e Urbino,335,23/01/2021,109,12250,1,779,0.06,3413.34
Pesaro e Urbino,336,24/01/2021,119,12369,1,780,0.06,3446.5
Pesaro e Urbino,337,25/01/2021,28,12397,4,784,0.06,3454.3
Pesaro e Urbino,338,26/01/2021,85,12482,4,788,0.06,3477.98
Pesaro e Urbino,339,27/01/2021,98,12580,1,789,0.06,3505.29
Pesaro e Urbino,340,28/01/2021,86,12666,7,796,0.06,3529.25
Pesaro e Urbino,341,29/01/2021,111,12777,1,797,0.06,3560.18
Pesaro e Urbino,342,30/01/2021,58,12835,1,798,0.06,3576.34
Pesaro e Urbino,343,31/01/2021,57,12892,1,799,0.06,3592.23
Pesaro e Urbino,344,01/02/2021,19,12911,1,800,0.06,3597.52
Pesaro e Urbino,345,02/02/2021,49,12960,1,801,0.06,3611.17
Pesaro e Urbino,346,03/02/2021,77,13037,3,804,0.06,3632.63
Pesaro e Urbino,347,04/02/2021,105,13142,5,809,0.06,3661.89
Pesaro e Urbino,348,05/02/2021,91,13233,1,810,0.06,3687.24
Pesaro e Urbino,349,06/02/2021,86,13319,1,811,0.06,3711.21
Pesaro e Urbino,350,07/02/2021,99,13418,1,812,0.06,3738.79
Pesaro e Urbino,351,08/02/2021,11,13429,0,812,0.06,3741.86
Pesaro e Urbino,352,09/02/2021,37,13466,1,813,0.06,3752.17
Pesaro e Urbino,353,10/02/2021,83,13549,1,814,0.06,3775.29
Pesaro e Urbino,354,11/02/2021,118,13667,1,815,0.06,3808.17
Pesaro e Urbino,355,12/02/2021,122,13789,3,818,0.06,3842.17
Pesaro e Urbino,356,13/02/2021,65,13854,1,819,0.06,3860.28
Pesaro e Urbino,357,14/02/2021,60,13914,1,820,0.06,3877
Pesaro e Urbino,358,15/02/2021,5,13919,1,821,0.06,3878.39
Pesaro e Urbino,359,16/02/2021,65,13984,2,823,0.06,3896.5
Pesaro e Urbino,360,17/02/2021,85,14069,5,828,0.06,3920.19
Pesaro e Urbino,361,18/02/2021,82,14151,0,828,0.06,3943.03
Pesaro e Urbino,362,19/02/2021,103,14254,1,829,0.06,3971.73
Pesaro e Urbino,363,20/02/2021,53,14307,1,830,0.06,3986.5
Pesaro e Urbino,364,21/02/2021,76,14383,1,831,0.06,4007.68
Pesaro e Urbino,365,22/02/2021,7,14390,3,834,0.06,4009.63
Pesaro e Urbino,366,23/02/2021,69,14459,3,837,0.06,4028.86
Pesaro e Urbino,367,24/02/2021,116,14575,2,839,0.06,4061.18
Pesaro e Urbino,368,25/02/2021,83,14658,0,839,0.06,4084.31
Pesaro e Urbino,369,26/02/2021,144,14802,1,840,0.06,4124.43
Pesaro e Urbino,370,27/02/2021,78,14880,2,842,0.06,4146.16
Pesaro e Urbino,371,28/02/2021,104,14984,1,843,0.06,4175.14
Pesaro e Urbino,372,01/03/2021,7,14991,2,845,0.06,4177.09
Pesaro e Urbino,373,02/03/2021,67,15058,3,848,0.06,4195.76
Pesaro e Urbino,374,03/03/2021,156,15214,0,848,0.06,4239.23
Pesaro e Urbino,375,04/03/2021,117,15331,2,850,0.06,4271.83
Pesaro e Urbino,376,05/03/2021,228,15559,2,852,0.06,4335.36
Pesaro e Urbino,377,06/03/2021,105,15664,3,855,0.06,4364.62
Pesaro e Urbino,378,07/03/2021,186,15850,0,855,0.05,4416.44
Pesaro e Urbino,379,08/03/2021,11,15861,3,858,0.05,4419.51
Pesaro e Urbino,380,09/03/2021,79,15940,1,859,0.05,4441.52
Pesaro e Urbino,381,10/03/2021,137,16077,0,859,0.05,4479.7
Pesaro e Urbino,382,11/03/2021,194,16271,0,859,0.05,4533.75
Pesaro e Urbino,383,12/03/2021,207,16478,3,862,0.05,4591.43
Pesaro e Urbino,384,13/03/2021,153,16631,1,863,0.05,4634.06
Pesaro e Urbino,385,14/03/2021,135,16766,1,864,0.05,4671.68
Pesaro e Urbino,386,15/03/2021,26,16792,1,865,0.05,4678.92
Pesaro e Urbino,387,16/03/2021,124,16916,1,866,0.05,4713.47
Pesaro e Urbino,388,17/03/2021,98,17014,1,867,0.05,4740.78
Pesaro e Urbino,389,18/03/2021,230,17244,1,868,0.05,4804.87
Pesaro e Urbino,390,19/03/2021,202,17446,1,869,0.05,4861.15
Pesaro e Urbino,391,20/03/2021,227,17673,1,870,0.05,4924.4
Pesaro e Urbino,392,21/03/2021,205,17878,5,875,0.05,4981.53
Pesaro e Urbino,393,22/03/2021,24,17902,1,876,0.05,4988.21
Pesaro e Urbino,394,23/03/2021,95,17997,1,877,0.05,5014.68
Pesaro e Urbino,395,24/03/2021,117,18114,1,878,0.05,5047.29
Pesaro e Urbino,396,25/03/2021,138,18252,1,879,0.05,5085.74
Pesaro e Urbino,397,26/03/2021,175,18427,1,880,0.05,5134.5
Pesaro e Urbino,398,27/03/2021,176,18603,3,883,0.05,5183.54
Pesaro e Urbino,399,28/03/2021,85,18688,0,883,0.05,5207.22
Pesaro e Urbino,400,29/03/2021,51,18739,1,884,0.05,5221.44
Pesaro e Urbino,401,30/03/2021,100,18839,0,884,0.05,5249.3
Pesaro e Urbino,402,31/03/2021,125,18964,1,885,0.05,5284.13
Pesaro e Urbino,403,01/04/2021,115,19079,7,892,0.05,5316.17
Pesaro e Urbino,404,02/04/2021,198,19277,0,892,0.05,5371.34
Pesaro e Urbino,405,03/04/2021,151,19428,0,892,0.05,5413.42
Pesaro e Urbino,406,04/04/2021,111,19539,2,894,0.05,5444.35
Pesaro e Urbino,407,05/04/2021,7,19546,3,897,0.05,5446.3
Pesaro e Urbino,408,06/04/2021,10,19556,1,898,0.05,5449.08
Pesaro e Urbino,409,07/04/2021,128,19684,2,900,0.05,5484.75
Pesaro e Urbino,410,08/04/2021,152,19836,2,902,0.04,5527.1
Pesaro e Urbino,411,09/04/2021,96,19932,0,902,0.04,5553.85
Pesaro e Urbino,412,10/04/2021,107,20039,3,905,0.04,5583.67
Pesaro e Urbino,413,11/04/2021,123,20162,3,908,0.04,5617.94
Pesaro e Urbino,414,12/04/2021,10,20172,1,909,0.04,5620.73
Pesaro e Urbino,415,13/04/2021,65,20237,0,909,0.04,5638.84
Pesaro e Urbino,416,14/04/2021,81,20318,7,916,0.04,5661.41
Pesaro e Urbino,417,15/04/2021,87,20405,0,916,0.04,5685.65
Pesaro e Urbino,418,16/04/2021,91,20496,2,918,0.04,5711.01
Pesaro e Urbino,419,17/04/2021,89,20585,2,920,0.04,5735.8
Pesaro e Urbino,420,18/04/2021,113,20698,5,925,0.04,5767.29
Pesaro e Urbino,421,19/04/2021,4,20702,4,929,0.04,5768.41
Pesaro e Urbino,422,20/04/2021,67,20769,1,930,0.04,5787.07
Pesaro e Urbino,423,21/04/2021,100,20869,1,931,0.04,5814.94
Pesaro e Urbino,424,22/04/2021,85,20954,2,933,0.04,5838.62
Pesaro e Urbino,425,23/04/2021,79,21033,2,935,0.04,5860.64
Pesaro e Urbino,426,24/04/2021,94,21127,1,936,0.04,5886.83
Pesaro e Urbino,427,25/04/2021,59,21186,2,938,0.04,5903.27
Pesaro e Urbino,428,26/04/2021,32,21218,0,938,0.04,5912.18
Pesaro e Urbino,429,27/04/2021,65,21283,0,938,0.04,5930.3
Pesaro e Urbino,430,28/04/2021,86,21369,5,943,0.04,5954.26
Pesaro e Urbino,431,29/04/2021,95,21464,0,943,0.04,5980.73
Pesaro e Urbino,432,30/04/2021,126,21590,1,944,0.04,6015.84
Pesaro e Urbino,433,01/05/2021,80,21670,0,944,0.04,6038.13
Pesaro e Urbino,434,02/05/2021,11,21681,1,945,0.04,6041.19
Pesaro e Urbino,435,03/05/2021,30,21711,1,946,0.04,6049.55
Pesaro e Urbino,436,04/05/2021,56,21767,1,947,0.04,6065.16
Pesaro e Urbino,437,05/05/2021,55,21822,0,947,0.04,6080.48
Pesaro e Urbino,438,06/05/2021,122,21944,1,948,0.04,6114.48
Pesaro e Urbino,439,07/05/2021,145,22089,0,948,0.04,6154.88
Pesaro e Urbino,440,08/05/2021,84,22173,1,949,0.04,6178.29
Pesaro e Urbino,441,09/05/2021,67,22240,1,950,0.04,6196.95
Pesaro e Urbino,442,10/05/2021,6,22246,1,951,0.04,6198.63
Pesaro e Urbino,443,11/05/2021,51,22297,1,952,0.04,6212.84
Pesaro e Urbino,444,12/05/2021,84,22381,0,952,0.04,6236.24
Pesaro e Urbino,445,13/05/2021,91,22472,1,953,0.04,6261.6
Pesaro e Urbino,446,14/05/2021,65,22537,0,953,0.04,6279.71
Pesaro e Urbino,447,15/05/2021,68,22605,1,954,0.04,6298.66
Pesaro e Urbino,448,16/05/2021,76,22681,1,955,0.04,6319.83
Pesaro e Urbino,449,17/05/2021,11,22692,0,955,0.04,6322.9
Pesaro e Urbino,450,18/05/2021,32,22724,1,956,0.04,6331.82
Pesaro e Urbino,451,19/05/2021,52,22776,0,956,0.04,6346.3
Pesaro e Urbino,452,20/05/2021,66,22842,1,957,0.04,6364.7
Pesaro e Urbino,453,21/05/2021,86,22928,0,957,0.04,6388.66
Pesaro e Urbino,454,22/05/2021,39,22967,0,957,0.04,6399.53
Pesaro e Urbino,455,23/05/2021,34,23001,1,958,0.04,6409
Pesaro e Urbino,456,24/05/2021,5,23006,0,958,0.04,6410.39
Pesaro e Urbino,457,25/05/2021,22,23028,1,959,0.04,6416.52
Pesaro e Urbino,458,26/05/2021,33,23061,1,960,0.04,6425.72
Pesaro e Urbino,459,27/05/2021,40,23101,1,961,0.04,6436.86
Pesaro e Urbino,460,28/05/2021,45,23146,1,962,0.04,6449.4
Pesaro e Urbino,461,29/05/2021,22,23168,1,963,0.04,6455.53
Pesaro e Urbino,462,30/05/2021,16,23184,1,964,0.04,6459.99
Pesaro e Urbino,463,31/05/2021,15,23199,0,964,0.04,6464.17
Pesaro e Urbino,464,01/06/2021,14,23213,0,964,0.04,6468.07
Pesaro e Urbino,465,02/06/2021,34,23247,0,964,0.04,6477.54
Pesaro e Urbino,466,03/06/2021,12,23259,0,964,0.04,6480.89
Pesaro e Urbino,467,04/06/2021,26,23285,1,965,0.04,6488.13
Pesaro e Urbino,468,05/06/2021,7,23292,0,965,0.04,6490.08
Pesaro e Urbino,469,06/06/2021,13,23305,0,965,0.04,6493.71
Pesaro e Urbino,470,07/06/2021,2,23307,1,966,0.04,6494.26
Pesaro e Urbino,471,08/06/2021,9,23316,1,967,0.04,6496.77
Pesaro e Urbino,472,09/06/2021,27,23343,0,967,0.04,6504.29
Pesaro e Urbino,473,10/06/2021,6,23349,0,967,0.04,6505.97
Pesaro e Urbino,474,11/06/2021,4,23353,0,967,0.04,6507.08
Pesaro e Urbino,475,12/06/2021,3,23356,0,967,0.04,6507.92
Pesaro e Urbino,476,13/06/2021,6,23362,0,967,0.04,6509.59
Pesaro e Urbino,477,14/06/2021,1,23363,0,967,0.04,6509.87
Pesaro e Urbino,478,15/06/2021,2,23365,0,967,0.04,6510.42
Pesaro e Urbino,479,16/06/2021,6,23371,0,967,0.04,6512.1
Pesaro e Urbino,480,17/06/2021,5,23376,0,967,0.04,6513.49
Pesaro e Urbino,481,18/06/2021,4,23380,0,967,0.04,6514.6
Pesaro e Urbino,482,19/06/2021,7,23387,0,967,0.04,6516.55
Pesaro e Urbino,483,20/06/2021,6,23393,0,967,0.04,6518.23
Pesaro e Urbino,484,21/06/2021,0,23393,0,967,0.04,6518.23
Pesaro e Urbino,485,22/06/2021,5,23398,0,967,0.04,6519.62
Pesaro e Urbino,486,23/06/2021,1,23399,0,967,0.04,6519.9
Pesaro e Urbino,487,24/06/2021,6,23405,0,967,0.04,6521.57
Pesaro e Urbino,488,25/06/2021,3,23408,0,967,0.04,6522.41
Pesaro e Urbino,489,26/06/2021,2,23410,0,967,0.04,6522.96
Pesaro e Urbino,490,27/06/2021,2,23412,0,967,0.04,6523.52
Pesaro e Urbino,491,28/06/2021,2,23414,0,967,0.04,6524.08
Pesaro e Urbino,492,29/06/2021,2,23416,0,967,0.04,6524.63
Pesaro e Urbino,493,30/06/2021,2,23418,0,967,0.04,6525.19
Pesaro e Urbino,494,01/07/2021,2,23420,0,967,0.04,6525.75
Pesaro e Urbino,495,02/07/2021,5,23425,0,967,0.04,6527.14
Pesaro e Urbino,496,03/07/2021,2,23427,0,967,0.04,6527.7
Pesaro e Urbino,497,04/07/2021,1,23428,0,967,0.04,6527.98
Pesaro e Urbino,498,05/07/2021,1,23429,0,967,0.04,6528.26
Pesaro e Urbino,499,06/07/2021,1,23430,0,967,0.04,6528.54
Pesaro e Urbino,500,07/07/2021,10,23440,0,967,0.04,6531.32
Pesaro e Urbino,501,08/07/2021,8,23448,0,967,0.04,6533.55
Pesaro e Urbino,502,09/07/2021,1,23449,0,967,0.04,6533.83
Pesaro e Urbino,503,10/07/2021,4,23453,0,967,0.04,6534.94
Pesaro e Urbino,504,11/07/2021,9,23462,0,967,0.04,6537.45
Pesaro e Urbino,505,12/07/2021,0,23462,0,967,0.04,6537.45
Pesaro e Urbino,506,13/07/2021,7,23469,0,967,0.04,6539.4
Pesaro e Urbino,507,14/07/2021,16,23485,0,967,0.04,6543.86
Pesaro e Urbino,508,15/07/2021,8,23493,0,967,0.04,6546.09
Pesaro e Urbino,509,16/07/2021,18,23511,0,967,0.04,6551.11
Pesaro e Urbino,510,17/07/2021,19,23530,0,967,0.04,6556.4
Pesaro e Urbino,511,18/07/2021,8,23538,0,967,0.04,6558.63
Pesaro e Urbino,512,19/07/2021,14,23552,0,967,0.04,6562.53
Pesaro e Urbino,513,20/07/2021,10,23562,0,967,0.04,6565.32
Pesaro e Urbino,514,21/07/2021,13,23575,0,967,0.04,6568.94
Pesaro e Urbino,515,22/07/2021,25,23600,0,967,0.04,6575.9
Pesaro e Urbino,516,23/07/2021,22,23622,0,967,0.04,6582.03
Pesaro e Urbino,517,24/07/2021,27,23649,0,967,0.04,6589.56
Pesaro e Urbino,518,25/07/2021,6,23655,0,967,0.04,6591.23
Pesaro e Urbino,519,26/07/2021,33,23688,0,967,0.04,6600.42
Pesaro e Urbino,520,27/07/2021,4,23692,0,967,0.04,6601.54
Pesaro e Urbino,521,28/07/2021,41,23733,0,967,0.04,6612.96
Pesaro e Urbino,522,29/07/2021,22,23755,0,967,0.04,6619.09
Pesaro e Urbino,523,30/07/2021,48,23803,0,967,0.04,6632.47
