Province,Day,Date,New_cases,Curr_pos_cases,Deaths,Tot_deaths,Lethality_rate,Cumul_rates
Matera,1,24/02/2020,0,0,0,0,0,0
Matera,2,25/02/2020,0,0,0,0,0,0
Matera,3,26/02/2020,0,0,0,0,0,0
Matera,4,27/02/2020,0,0,0,0,0,0
Matera,5,28/02/2020,0,0,0,0,0,0
Matera,6,29/02/2020,0,0,0,0,0,0
Matera,7,01/03/2020,0,0,0,0,0,0
Matera,8,02/03/2020,0,0,0,0,0,0
Matera,9,03/03/2020,0,0,0,0,0,0
Matera,10,04/03/2020,0,0,0,0,0,0
Matera,11,05/03/2020,0,0,0,0,0,0
Matera,12,06/03/2020,1,1,0,0,0,0.51
Matera,13,07/03/2020,0,1,0,0,0,0.51
Matera,14,08/03/2020,1,2,0,0,0,1.01
Matera,15,09/03/2020,1,3,0,0,0,1.52
Matera,16,10/03/2020,0,3,0,0,0,1.52
Matera,17,11/03/2020,0,3,0,0,0,1.52
Matera,18,12/03/2020,0,3,0,0,0,1.52
Matera,19,13/03/2020,0,3,0,0,0,1.52
Matera,20,14/03/2020,0,3,0,0,0,1.52
Matera,21,15/03/2020,1,4,0,0,0,2.02
Matera,22,16/03/2020,0,4,0,0,0,2.02
Matera,23,17/03/2020,0,4,0,0,0,2.02
Matera,24,18/03/2020,1,5,0,0,0,2.53
Matera,25,19/03/2020,2,7,0,0,0,3.54
Matera,26,20/03/2020,2,9,0,0,0,4.55
Matera,27,21/03/2020,-1,8,0,0,0,4.04
Matera,28,22/03/2020,8,16,0,0,0,8.08
Matera,29,23/03/2020,2,18,0,0,0,9.1
Matera,30,24/03/2020,7,25,0,0,0,12.63
Matera,31,25/03/2020,11,36,0,0,0,18.19
Matera,32,26/03/2020,12,48,0,0,0,24.25
Matera,33,27/03/2020,5,53,0,0,0,26.78
Matera,34,28/03/2020,23,76,0,0,0,38.4
Matera,35,29/03/2020,8,84,0,0,0,42.44
Matera,36,30/03/2020,8,92,0,0,0,46.49
Matera,37,31/03/2020,12,104,0,0,0,52.55
Matera,38,01/04/2020,10,114,1,1,0.01,57.6
Matera,39,02/04/2020,4,118,0,1,0.01,59.62
Matera,40,03/04/2020,6,124,0,1,0.01,62.66
Matera,41,04/04/2020,1,125,0,1,0.01,63.16
Matera,42,05/04/2020,11,136,1,2,0.01,68.72
Matera,43,06/04/2020,7,143,0,2,0.01,72.26
Matera,44,07/04/2020,1,144,0,2,0.01,72.76
Matera,45,08/04/2020,1,145,0,2,0.01,73.27
Matera,46,09/04/2020,1,146,0,2,0.01,73.77
Matera,47,10/04/2020,1,147,0,2,0.01,74.28
Matera,48,11/04/2020,4,151,0,2,0.01,76.3
Matera,49,12/04/2020,2,153,1,3,0.02,77.31
Matera,50,13/04/2020,2,155,0,3,0.02,78.32
Matera,51,14/04/2020,0,155,0,3,0.02,78.32
Matera,52,15/04/2020,0,155,0,3,0.02,78.32
Matera,53,16/04/2020,14,169,0,3,0.02,85.39
Matera,54,17/04/2020,1,170,0,3,0.02,85.9
Matera,55,18/04/2020,2,172,1,4,0.02,86.91
Matera,56,19/04/2020,2,174,1,5,0.03,87.92
Matera,57,20/04/2020,0,174,0,5,0.03,87.92
Matera,58,21/04/2020,3,177,0,5,0.03,89.44
Matera,59,22/04/2020,4,181,0,5,0.03,91.46
Matera,60,23/04/2020,2,183,0,5,0.03,92.47
Matera,61,24/04/2020,2,185,0,5,0.03,93.48
Matera,62,25/04/2020,1,186,0,5,0.03,93.98
Matera,63,26/04/2020,2,188,0,5,0.03,94.99
Matera,64,27/04/2020,0,188,0,5,0.03,94.99
Matera,65,28/04/2020,0,188,0,5,0.03,94.99
Matera,66,29/04/2020,0,188,0,5,0.03,94.99
Matera,67,30/04/2020,1,189,0,5,0.03,95.5
Matera,68,01/05/2020,1,190,0,5,0.03,96
Matera,69,02/05/2020,2,192,0,5,0.03,97.01
Matera,70,03/05/2020,6,198,0,5,0.03,100.05
Matera,71,04/05/2020,0,198,0,5,0.03,100.05
Matera,72,05/05/2020,2,200,0,5,0.03,101.06
Matera,73,06/05/2020,2,202,0,5,0.03,102.07
Matera,74,07/05/2020,0,202,1,6,0.03,102.07
Matera,75,08/05/2020,0,202,0,6,0.03,102.07
Matera,76,09/05/2020,0,202,1,7,0.04,102.07
Matera,77,10/05/2020,2,204,0,7,0.03,103.08
Matera,78,11/05/2020,1,205,0,7,0.03,103.58
Matera,79,12/05/2020,1,206,0,7,0.03,104.09
Matera,80,13/05/2020,0,206,0,7,0.03,104.09
Matera,81,14/05/2020,0,206,0,7,0.03,104.09
Matera,82,15/05/2020,0,206,0,7,0.03,104.09
Matera,83,16/05/2020,0,206,0,7,0.03,104.09
Matera,84,17/05/2020,1,207,0,7,0.03,104.59
Matera,85,18/05/2020,0,207,0,7,0.03,104.59
Matera,86,19/05/2020,0,207,0,7,0.03,104.59
Matera,87,20/05/2020,0,207,0,7,0.03,104.59
Matera,88,21/05/2020,1,208,0,7,0.03,105.1
Matera,89,22/05/2020,0,208,0,7,0.03,105.1
Matera,90,23/05/2020,0,208,0,7,0.03,105.1
Matera,91,24/05/2020,0,208,0,7,0.03,105.1
Matera,92,25/05/2020,0,208,0,7,0.03,105.1
Matera,93,26/05/2020,0,208,0,7,0.03,105.1
Matera,94,27/05/2020,0,208,0,7,0.03,105.1
Matera,95,28/05/2020,0,208,0,7,0.03,105.1
Matera,96,29/05/2020,0,208,0,7,0.03,105.1
Matera,97,30/05/2020,0,208,0,7,0.03,105.1
Matera,98,31/05/2020,0,208,0,7,0.03,105.1
Matera,99,01/06/2020,0,208,0,7,0.03,105.1
Matera,100,02/06/2020,0,208,0,7,0.03,105.1
Matera,101,03/06/2020,0,208,0,7,0.03,105.1
Matera,102,04/06/2020,0,208,0,7,0.03,105.1
Matera,103,05/06/2020,0,208,0,7,0.03,105.1
Matera,104,06/06/2020,0,208,0,7,0.03,105.1
Matera,105,07/06/2020,0,208,0,7,0.03,105.1
Matera,106,08/06/2020,0,208,0,7,0.03,105.1
Matera,107,09/06/2020,1,209,0,7,0.03,105.6
Matera,108,10/06/2020,0,209,0,7,0.03,105.6
Matera,109,11/06/2020,1,210,0,7,0.03,106.11
Matera,110,12/06/2020,0,210,0,7,0.03,106.11
Matera,111,13/06/2020,0,210,0,7,0.03,106.11
Matera,112,14/06/2020,0,210,0,7,0.03,106.11
Matera,113,15/06/2020,0,210,0,7,0.03,106.11
Matera,114,16/06/2020,0,210,0,7,0.03,106.11
Matera,115,17/06/2020,0,210,0,7,0.03,106.11
Matera,116,18/06/2020,0,210,0,7,0.03,106.11
Matera,117,19/06/2020,0,210,0,7,0.03,106.11
Matera,118,20/06/2020,0,210,0,7,0.03,106.11
Matera,119,21/06/2020,0,210,0,7,0.03,106.11
Matera,120,22/06/2020,0,210,0,7,0.03,106.11
Matera,121,23/06/2020,0,210,0,7,0.03,106.11
Matera,122,24/06/2020,0,210,0,7,0.03,106.11
Matera,123,25/06/2020,0,210,0,7,0.03,106.11
Matera,124,26/06/2020,0,210,0,7,0.03,106.11
Matera,125,27/06/2020,0,210,0,7,0.03,106.11
Matera,126,28/06/2020,0,210,0,7,0.03,106.11
Matera,127,29/06/2020,1,211,0,7,0.03,106.61
Matera,128,30/06/2020,0,211,0,7,0.03,106.61
Matera,129,01/07/2020,0,211,0,7,0.03,106.61
Matera,130,02/07/2020,0,211,0,7,0.03,106.61
Matera,131,03/07/2020,0,211,0,7,0.03,106.61
Matera,132,04/07/2020,0,211,0,7,0.03,106.61
Matera,133,05/07/2020,0,211,0,7,0.03,106.61
Matera,134,06/07/2020,0,211,0,7,0.03,106.61
Matera,135,07/07/2020,0,211,0,7,0.03,106.61
Matera,136,08/07/2020,0,211,0,7,0.03,106.61
Matera,137,09/07/2020,0,211,0,7,0.03,106.61
Matera,138,10/07/2020,0,211,0,7,0.03,106.61
Matera,139,11/07/2020,0,211,0,7,0.03,106.61
Matera,140,12/07/2020,0,211,0,7,0.03,106.61
Matera,141,13/07/2020,0,211,0,7,0.03,106.61
Matera,142,14/07/2020,0,211,0,7,0.03,106.61
Matera,143,15/07/2020,-1,210,0,7,0.03,106.11
Matera,144,16/07/2020,0,210,0,7,0.03,106.11
Matera,145,17/07/2020,0,210,0,7,0.03,106.11
Matera,146,18/07/2020,0,210,0,7,0.03,106.11
Matera,147,19/07/2020,0,210,0,7,0.03,106.11
Matera,148,20/07/2020,0,210,0,7,0.03,106.11
Matera,149,21/07/2020,0,210,0,7,0.03,106.11
Matera,150,22/07/2020,2,212,0,7,0.03,107.12
Matera,151,23/07/2020,1,213,0,7,0.03,107.63
Matera,152,24/07/2020,0,213,0,7,0.03,107.63
Matera,153,25/07/2020,0,213,0,7,0.03,107.63
Matera,154,26/07/2020,0,213,0,7,0.03,107.63
Matera,155,27/07/2020,0,213,0,7,0.03,107.63
Matera,156,28/07/2020,0,213,0,7,0.03,107.63
Matera,157,29/07/2020,0,213,0,7,0.03,107.63
Matera,158,30/07/2020,0,213,0,7,0.03,107.63
Matera,159,31/07/2020,0,213,0,7,0.03,107.63
Matera,160,01/08/2020,0,213,0,7,0.03,107.63
Matera,161,02/08/2020,0,213,0,7,0.03,107.63
Matera,162,03/08/2020,0,213,0,7,0.03,107.63
Matera,163,04/08/2020,0,213,0,7,0.03,107.63
Matera,164,05/08/2020,0,213,0,7,0.03,107.63
Matera,165,06/08/2020,0,213,0,7,0.03,107.63
Matera,166,07/08/2020,0,213,0,7,0.03,107.63
Matera,167,08/08/2020,0,213,0,7,0.03,107.63
Matera,168,09/08/2020,0,213,0,7,0.03,107.63
Matera,169,10/08/2020,0,213,0,7,0.03,107.63
Matera,170,11/08/2020,0,213,0,7,0.03,107.63
Matera,171,12/08/2020,0,213,0,7,0.03,107.63
Matera,172,13/08/2020,0,213,0,7,0.03,107.63
Matera,173,14/08/2020,0,213,0,7,0.03,107.63
Matera,174,15/08/2020,0,213,0,7,0.03,107.63
Matera,175,16/08/2020,0,213,0,7,0.03,107.63
Matera,176,17/08/2020,0,213,0,7,0.03,107.63
Matera,177,18/08/2020,4,217,0,7,0.03,109.65
Matera,178,19/08/2020,1,218,0,7,0.03,110.15
Matera,179,20/08/2020,2,220,0,7,0.03,111.16
Matera,180,21/08/2020,0,220,0,7,0.03,111.16
Matera,181,22/08/2020,0,220,0,7,0.03,111.16
Matera,182,23/08/2020,2,222,0,7,0.03,112.17
Matera,183,24/08/2020,0,222,0,7,0.03,112.17
Matera,184,25/08/2020,2,224,0,7,0.03,113.18
Matera,185,26/08/2020,1,225,0,7,0.03,113.69
Matera,186,27/08/2020,1,226,0,7,0.03,114.19
Matera,187,28/08/2020,2,228,0,7,0.03,115.2
Matera,188,29/08/2020,1,229,0,7,0.03,115.71
Matera,189,30/08/2020,0,229,0,7,0.03,115.71
Matera,190,31/08/2020,0,229,0,7,0.03,115.71
Matera,191,01/09/2020,-1,228,0,7,0.03,115.2
Matera,192,02/09/2020,0,228,0,7,0.03,115.2
Matera,193,03/09/2020,5,233,0,7,0.03,117.73
Matera,194,04/09/2020,4,237,0,7,0.03,119.75
Matera,195,05/09/2020,6,243,0,7,0.03,122.78
Matera,196,06/09/2020,4,247,0,7,0.03,124.8
Matera,197,07/09/2020,0,247,0,7,0.03,124.8
Matera,198,08/09/2020,2,249,0,7,0.03,125.82
Matera,199,09/09/2020,7,256,0,7,0.03,129.35
Matera,200,10/09/2020,0,256,0,7,0.03,129.35
Matera,201,11/09/2020,6,262,0,7,0.03,132.38
Matera,202,12/09/2020,-7,255,0,7,0.03,128.85
Matera,203,13/09/2020,1,256,0,7,0.03,129.35
Matera,204,14/09/2020,0,256,0,7,0.03,129.35
Matera,205,15/09/2020,0,256,0,7,0.03,129.35
Matera,206,16/09/2020,6,262,0,7,0.03,132.38
Matera,207,17/09/2020,1,263,0,7,0.03,132.89
Matera,208,18/09/2020,0,263,0,7,0.03,132.89
Matera,209,19/09/2020,1,264,0,7,0.03,133.39
Matera,210,20/09/2020,1,265,0,7,0.03,133.9
Matera,211,21/09/2020,0,265,0,7,0.03,133.9
Matera,212,22/09/2020,11,276,0,7,0.03,139.46
Matera,213,23/09/2020,2,278,0,7,0.03,140.47
Matera,214,24/09/2020,2,280,0,7,0.03,141.48
Matera,215,25/09/2020,0,280,0,7,0.03,141.48
Matera,216,26/09/2020,2,282,0,7,0.03,142.49
Matera,217,27/09/2020,1,283,0,7,0.03,143
Matera,218,28/09/2020,0,283,0,7,0.03,143
Matera,219,29/09/2020,1,284,0,7,0.03,143.5
Matera,220,30/09/2020,0,284,0,7,0.03,143.5
Matera,221,01/10/2020,2,286,0,7,0.02,144.51
Matera,222,02/10/2020,1,287,0,7,0.02,145.02
Matera,223,03/10/2020,1,288,0,7,0.02,145.52
Matera,224,04/10/2020,2,290,0,7,0.02,146.53
Matera,225,05/10/2020,0,290,0,7,0.02,146.53
Matera,226,06/10/2020,0,290,1,8,0.03,146.53
Matera,227,07/10/2020,1,291,0,8,0.03,147.04
Matera,228,08/10/2020,8,299,0,8,0.03,151.08
Matera,229,09/10/2020,14,313,0,8,0.03,158.15
Matera,230,10/10/2020,18,331,0,8,0.02,167.25
Matera,231,11/10/2020,8,339,0,8,0.02,171.29
Matera,232,12/10/2020,1,340,0,8,0.02,171.8
Matera,233,13/10/2020,0,340,0,8,0.02,171.8
Matera,234,14/10/2020,3,343,0,8,0.02,173.31
Matera,235,15/10/2020,12,355,0,8,0.02,179.38
Matera,236,16/10/2020,37,392,0,8,0.02,198.07
Matera,237,17/10/2020,7,399,0,8,0.02,201.61
Matera,238,18/10/2020,8,407,0,8,0.02,205.65
Matera,239,19/10/2020,7,414,0,8,0.02,209.19
Matera,240,20/10/2020,3,417,0,8,0.02,210.7
Matera,241,21/10/2020,33,450,0,8,0.02,227.38
Matera,242,22/10/2020,7,457,0,8,0.02,230.91
Matera,243,23/10/2020,38,495,0,8,0.02,250.11
Matera,244,24/10/2020,15,510,0,8,0.02,257.69
Matera,245,25/10/2020,13,523,0,8,0.01,264.26
Matera,246,26/10/2020,0,523,0,8,0.01,264.26
Matera,247,27/10/2020,17,540,0,8,0.01,272.85
Matera,248,28/10/2020,41,581,0,8,0.01,293.57
Matera,249,29/10/2020,17,598,0,8,0.01,302.16
Matera,250,30/10/2020,30,628,1,9,0.01,317.32
Matera,251,31/10/2020,69,697,0,9,0.01,352.18
Matera,252,01/11/2020,94,791,0,9,0.01,399.68
Matera,253,02/11/2020,38,829,0,9,0.01,418.88
Matera,254,03/11/2020,38,867,0,9,0.01,438.08
Matera,255,04/11/2020,137,1004,1,10,0.01,507.3
Matera,256,05/11/2020,29,1033,1,11,0.01,521.96
Matera,257,06/11/2020,111,1144,0,11,0.01,578.04
Matera,258,07/11/2020,28,1172,0,11,0.01,592.19
Matera,259,08/11/2020,103,1275,0,11,0.01,644.24
Matera,260,09/11/2020,70,1345,0,11,0.01,679.61
Matera,261,10/11/2020,75,1420,0,11,0.01,717.5
Matera,262,11/11/2020,67,1487,0,11,0.01,751.36
Matera,263,12/11/2020,47,1534,0,11,0.01,775.1
Matera,264,13/11/2020,120,1654,0,11,0.01,835.74
Matera,265,14/11/2020,81,1735,0,11,0.01,876.67
Matera,266,15/11/2020,54,1789,0,11,0.01,903.95
Matera,267,16/11/2020,34,1823,0,11,0.01,921.13
Matera,268,17/11/2020,62,1885,8,19,0.01,952.46
Matera,269,18/11/2020,108,1993,0,19,0.01,1007.03
Matera,270,19/11/2020,69,2062,1,20,0.01,1041.89
Matera,271,20/11/2020,59,2121,3,23,0.01,1071.7
Matera,272,21/11/2020,87,2208,0,23,0.01,1115.66
Matera,273,22/11/2020,67,2275,0,23,0.01,1149.52
Matera,274,23/11/2020,29,2304,0,23,0.01,1164.17
Matera,275,24/11/2020,125,2429,9,32,0.01,1227.33
Matera,276,25/11/2020,126,2555,2,34,0.01,1291
Matera,277,26/11/2020,112,2667,0,34,0.01,1347.59
Matera,278,27/11/2020,42,2709,2,36,0.01,1368.81
Matera,279,28/11/2020,74,2783,0,36,0.01,1406.2
Matera,280,29/11/2020,50,2833,5,41,0.01,1431.47
Matera,281,30/11/2020,44,2877,0,41,0.01,1453.7
Matera,282,01/12/2020,37,2914,0,41,0.01,1472.39
Matera,283,02/12/2020,26,2940,0,41,0.01,1485.53
Matera,284,03/12/2020,43,2983,0,41,0.01,1507.26
Matera,285,04/12/2020,31,3014,2,43,0.01,1522.92
Matera,286,05/12/2020,61,3075,0,43,0.01,1553.74
Matera,287,06/12/2020,19,3094,2,45,0.01,1563.34
Matera,288,07/12/2020,43,3137,0,45,0.01,1585.07
Matera,289,08/12/2020,16,3153,1,46,0.01,1593.16
Matera,290,09/12/2020,15,3168,0,46,0.01,1600.74
Matera,291,10/12/2020,13,3181,2,48,0.01,1607.3
Matera,292,11/12/2020,15,3196,0,48,0.01,1614.88
Matera,293,12/12/2020,9,3205,1,49,0.01,1619.43
Matera,294,13/12/2020,16,3221,1,50,0.02,1627.52
Matera,295,14/12/2020,20,3241,2,52,0.02,1637.62
Matera,296,15/12/2020,16,3257,0,52,0.02,1645.71
Matera,297,16/12/2020,29,3286,0,52,0.02,1660.36
Matera,298,17/12/2020,47,3333,0,52,0.02,1684.11
