Province,Day,Date,New_cases,Curr_pos_cases,Deaths,Tot_deaths,Lethality_rate,Cumul_rates
Potenza,1,24/02/2020,0,0,0,0,0,0
Potenza,2,25/02/2020,0,0,0,0,0,0
Potenza,3,26/02/2020,0,0,0,0,0,0
Potenza,4,27/02/2020,0,0,0,0,0,0
Potenza,5,28/02/2020,0,0,0,0,0,0
Potenza,6,29/02/2020,0,0,0,0,0,0
Potenza,7,01/03/2020,0,0,0,0,0,0
Potenza,8,02/03/2020,0,0,0,0,0,0
Potenza,9,03/03/2020,1,1,0,0,0,0.27
Potenza,10,04/03/2020,0,1,0,0,0,0.27
Potenza,11,05/03/2020,0,1,0,0,0,0.27
Potenza,12,06/03/2020,1,2,0,0,0,0.55
Potenza,13,07/03/2020,0,2,0,0,0,0.55
Potenza,14,08/03/2020,0,2,0,0,0,0.55
Potenza,15,09/03/2020,0,2,0,0,0,0.55
Potenza,16,10/03/2020,2,4,0,0,0,1.1
Potenza,17,11/03/2020,1,5,0,0,0,1.37
Potenza,18,12/03/2020,0,5,0,0,0,1.37
Potenza,19,13/03/2020,2,7,0,0,0,1.92
Potenza,20,14/03/2020,0,7,0,0,0,1.92
Potenza,21,15/03/2020,0,7,0,0,0,1.92
Potenza,22,16/03/2020,1,8,0,0,0,2.19
Potenza,23,17/03/2020,8,16,0,0,0,4.38
Potenza,24,18/03/2020,6,22,0,0,0,6.03
Potenza,25,19/03/2020,8,30,0,0,0,8.22
Potenza,26,20/03/2020,13,43,0,0,0,11.78
Potenza,27,21/03/2020,15,58,0,0,0,15.89
Potenza,28,22/03/2020,7,65,0,0,0,17.81
Potenza,29,23/03/2020,7,72,1,1,0.01,19.73
Potenza,30,24/03/2020,-5,67,0,1,0.01,18.36
Potenza,31,25/03/2020,3,70,0,1,0.01,19.18
Potenza,32,26/03/2020,16,86,0,1,0.01,23.56
Potenza,33,27/03/2020,12,98,2,3,0.03,26.85
Potenza,34,28/03/2020,8,106,0,3,0.03,29.04
Potenza,35,29/03/2020,12,118,1,4,0.03,32.33
Potenza,36,30/03/2020,4,122,1,5,0.04,33.43
Potenza,37,31/03/2020,0,122,2,7,0.06,33.43
Potenza,38,01/04/2020,1,123,1,8,0.06,33.7
Potenza,39,02/04/2020,5,128,1,9,0.07,35.07
Potenza,40,03/04/2020,9,137,1,10,0.07,37.54
Potenza,41,04/04/2020,2,139,0,10,0.07,38.09
Potenza,42,05/04/2020,3,142,1,11,0.08,38.91
Potenza,43,06/04/2020,2,144,0,11,0.08,39.46
Potenza,44,07/04/2020,3,147,1,12,0.08,40.28
Potenza,45,08/04/2020,5,152,0,12,0.08,41.65
Potenza,46,09/04/2020,5,157,1,13,0.08,43.02
Potenza,47,10/04/2020,4,161,0,13,0.08,44.11
Potenza,48,11/04/2020,0,161,2,15,0.09,44.11
Potenza,49,12/04/2020,1,162,0,15,0.09,44.39
Potenza,50,13/04/2020,2,164,0,15,0.09,44.94
Potenza,51,14/04/2020,0,164,1,16,0.1,44.94
Potenza,52,15/04/2020,1,165,2,18,0.11,45.21
Potenza,53,16/04/2020,2,167,1,19,0.11,45.76
Potenza,54,17/04/2020,0,167,0,19,0.11,45.76
Potenza,55,18/04/2020,0,167,0,19,0.11,45.76
Potenza,56,19/04/2020,1,168,0,19,0.11,46.03
Potenza,57,20/04/2020,0,168,0,19,0.11,46.03
Potenza,58,21/04/2020,5,173,0,19,0.11,47.4
Potenza,59,22/04/2020,0,173,0,19,0.11,47.4
Potenza,60,23/04/2020,0,173,0,19,0.11,47.4
Potenza,61,24/04/2020,2,175,0,19,0.11,47.95
Potenza,62,25/04/2020,0,175,1,20,0.11,47.95
Potenza,63,26/04/2020,3,178,0,20,0.11,48.77
Potenza,64,27/04/2020,0,178,0,20,0.11,48.77
Potenza,65,28/04/2020,0,178,0,20,0.11,48.77
Potenza,66,29/04/2020,0,178,0,20,0.11,48.77
Potenza,67,30/04/2020,0,178,0,20,0.11,48.77
Potenza,68,01/05/2020,10,188,0,20,0.11,51.51
Potenza,69,02/05/2020,0,188,0,20,0.11,51.51
Potenza,70,03/05/2020,0,188,0,20,0.11,51.51
Potenza,71,04/05/2020,0,188,0,20,0.11,51.51
Potenza,72,05/05/2020,8,196,0,20,0.1,53.7
Potenza,73,06/05/2020,1,197,0,20,0.1,53.98
Potenza,74,07/05/2020,-16,181,0,20,0.11,49.59
Potenza,75,08/05/2020,-1,180,0,20,0.11,49.32
Potenza,76,09/05/2020,0,180,0,20,0.11,49.32
Potenza,77,10/05/2020,1,181,0,20,0.11,49.59
Potenza,78,11/05/2020,0,181,0,20,0.11,49.59
Potenza,79,12/05/2020,0,181,0,20,0.11,49.59
Potenza,80,13/05/2020,2,183,0,20,0.11,50.14
Potenza,81,14/05/2020,0,183,0,20,0.11,50.14
Potenza,82,15/05/2020,0,183,0,20,0.11,50.14
Potenza,83,16/05/2020,1,184,0,20,0.11,50.42
Potenza,84,17/05/2020,1,185,0,20,0.11,50.69
Potenza,85,18/05/2020,0,185,0,20,0.11,50.69
Potenza,86,19/05/2020,1,186,0,20,0.11,50.96
Potenza,87,20/05/2020,0,186,0,20,0.11,50.96
Potenza,88,21/05/2020,0,186,0,20,0.11,50.96
Potenza,89,22/05/2020,0,186,0,20,0.11,50.96
Potenza,90,23/05/2020,4,190,0,20,0.1,52.06
Potenza,91,24/05/2020,1,191,0,20,0.1,52.33
Potenza,92,25/05/2020,0,191,0,20,0.1,52.33
Potenza,93,26/05/2020,0,191,0,20,0.1,52.33
Potenza,94,27/05/2020,0,191,0,20,0.1,52.33
Potenza,95,28/05/2020,0,191,0,20,0.1,52.33
Potenza,96,29/05/2020,0,191,0,20,0.1,52.33
Potenza,97,30/05/2020,0,191,0,20,0.1,52.33
Potenza,98,31/05/2020,0,191,0,20,0.1,52.33
Potenza,99,01/06/2020,0,191,0,20,0.1,52.33
Potenza,100,02/06/2020,0,191,0,20,0.1,52.33
Potenza,101,03/06/2020,0,191,0,20,0.1,52.33
Potenza,102,04/06/2020,0,191,0,20,0.1,52.33
Potenza,103,05/06/2020,0,191,0,20,0.1,52.33
Potenza,104,06/06/2020,0,191,0,20,0.1,52.33
Potenza,105,07/06/2020,0,191,0,20,0.1,52.33
Potenza,106,08/06/2020,0,191,0,20,0.1,52.33
Potenza,107,09/06/2020,0,191,0,20,0.1,52.33
Potenza,108,10/06/2020,0,191,0,20,0.1,52.33
Potenza,109,11/06/2020,0,191,0,20,0.1,52.33
Potenza,110,12/06/2020,0,191,0,20,0.1,52.33
Potenza,111,13/06/2020,0,191,0,20,0.1,52.33
Potenza,112,14/06/2020,0,191,0,20,0.1,52.33
Potenza,113,15/06/2020,0,191,0,20,0.1,52.33
Potenza,114,16/06/2020,0,191,0,20,0.1,52.33
Potenza,115,17/06/2020,0,191,0,20,0.1,52.33
Potenza,116,18/06/2020,0,191,0,20,0.1,52.33
Potenza,117,19/06/2020,0,191,0,20,0.1,52.33
Potenza,118,20/06/2020,0,191,0,20,0.1,52.33
Potenza,119,21/06/2020,0,191,0,20,0.1,52.33
Potenza,120,22/06/2020,0,191,0,20,0.1,52.33
Potenza,121,23/06/2020,-2,189,0,20,0.11,51.79
Potenza,122,24/06/2020,0,189,0,20,0.11,51.79
Potenza,123,25/06/2020,0,189,0,20,0.11,51.79
Potenza,124,26/06/2020,0,189,0,20,0.11,51.79
Potenza,125,27/06/2020,0,189,0,20,0.11,51.79
Potenza,126,28/06/2020,0,189,0,20,0.11,51.79
Potenza,127,29/06/2020,0,189,0,20,0.11,51.79
Potenza,128,30/06/2020,0,189,0,20,0.11,51.79
Potenza,129,01/07/2020,0,189,0,20,0.11,51.79
Potenza,130,02/07/2020,0,189,0,20,0.11,51.79
Potenza,131,03/07/2020,0,189,0,20,0.11,51.79
Potenza,132,04/07/2020,0,189,0,20,0.11,51.79
Potenza,133,05/07/2020,0,189,0,20,0.11,51.79
Potenza,134,06/07/2020,0,189,0,20,0.11,51.79
Potenza,135,07/07/2020,0,189,0,20,0.11,51.79
Potenza,136,08/07/2020,1,190,0,20,0.1,52.06
Potenza,137,09/07/2020,0,190,0,20,0.1,52.06
Potenza,138,10/07/2020,0,190,0,20,0.1,52.06
Potenza,139,11/07/2020,1,191,0,20,0.1,52.33
Potenza,140,12/07/2020,0,191,0,20,0.1,52.33
Potenza,141,13/07/2020,0,191,0,20,0.1,52.33
Potenza,142,14/07/2020,0,191,0,20,0.1,52.33
Potenza,143,15/07/2020,0,191,0,20,0.1,52.33
Potenza,144,16/07/2020,0,191,0,20,0.1,52.33
Potenza,145,17/07/2020,0,191,0,20,0.1,52.33
Potenza,146,18/07/2020,0,191,0,20,0.1,52.33
Potenza,147,19/07/2020,0,191,1,21,0.11,52.33
Potenza,148,20/07/2020,0,191,0,21,0.11,52.33
Potenza,149,21/07/2020,0,191,0,21,0.11,52.33
Potenza,150,22/07/2020,1,192,0,21,0.11,52.61
Potenza,151,23/07/2020,0,192,0,21,0.11,52.61
Potenza,152,24/07/2020,0,192,0,21,0.11,52.61
Potenza,153,25/07/2020,0,192,0,21,0.11,52.61
Potenza,154,26/07/2020,0,192,0,21,0.11,52.61
Potenza,155,27/07/2020,0,192,0,21,0.11,52.61
Potenza,156,28/07/2020,0,192,0,21,0.11,52.61
Potenza,157,29/07/2020,0,192,0,21,0.11,52.61
Potenza,158,30/07/2020,0,192,0,21,0.11,52.61
Potenza,159,31/07/2020,0,192,0,21,0.11,52.61
Potenza,160,01/08/2020,0,192,0,21,0.11,52.61
Potenza,161,02/08/2020,0,192,0,21,0.11,52.61
Potenza,162,03/08/2020,0,192,0,21,0.11,52.61
Potenza,163,04/08/2020,0,192,0,21,0.11,52.61
Potenza,164,05/08/2020,0,192,0,21,0.11,52.61
Potenza,165,06/08/2020,0,192,0,21,0.11,52.61
Potenza,166,07/08/2020,0,192,0,21,0.11,52.61
Potenza,167,08/08/2020,0,192,0,21,0.11,52.61
Potenza,168,09/08/2020,0,192,0,21,0.11,52.61
Potenza,169,10/08/2020,0,192,0,21,0.11,52.61
Potenza,170,11/08/2020,0,192,0,21,0.11,52.61
Potenza,171,12/08/2020,0,192,0,21,0.11,52.61
Potenza,172,13/08/2020,1,193,0,21,0.11,52.88
Potenza,173,14/08/2020,4,197,0,21,0.11,53.98
Potenza,174,15/08/2020,3,200,0,21,0.1,54.8
Potenza,175,16/08/2020,-1,199,0,21,0.11,54.53
Potenza,176,17/08/2020,0,199,0,21,0.11,54.53
Potenza,177,18/08/2020,-2,197,0,21,0.11,53.98
Potenza,178,19/08/2020,0,197,0,21,0.11,53.98
Potenza,179,20/08/2020,0,197,0,21,0.11,53.98
Potenza,180,21/08/2020,0,197,0,21,0.11,53.98
Potenza,181,22/08/2020,0,197,0,21,0.11,53.98
Potenza,182,23/08/2020,2,199,0,21,0.11,54.53
Potenza,183,24/08/2020,0,199,0,21,0.11,54.53
Potenza,184,25/08/2020,0,199,0,21,0.11,54.53
Potenza,185,26/08/2020,0,199,0,21,0.11,54.53
Potenza,186,27/08/2020,3,202,0,21,0.1,55.35
Potenza,187,28/08/2020,0,202,0,21,0.1,55.35
Potenza,188,29/08/2020,2,204,0,21,0.1,55.9
Potenza,189,30/08/2020,0,204,0,21,0.1,55.9
Potenza,190,31/08/2020,0,204,0,21,0.1,55.9
Potenza,191,01/09/2020,1,205,0,21,0.1,56.17
Potenza,192,02/09/2020,2,207,0,21,0.1,56.72
Potenza,193,03/09/2020,0,207,0,21,0.1,56.72
Potenza,194,04/09/2020,3,210,0,21,0.1,57.54
Potenza,195,05/09/2020,0,210,0,21,0.1,57.54
Potenza,196,06/09/2020,5,215,0,21,0.1,58.91
Potenza,197,07/09/2020,1,216,0,21,0.1,59.18
Potenza,198,08/09/2020,5,221,0,21,0.1,60.55
Potenza,199,09/09/2020,15,236,0,21,0.09,64.66
Potenza,200,10/09/2020,0,236,0,21,0.09,64.66
Potenza,201,11/09/2020,1,237,0,21,0.09,64.94
Potenza,202,12/09/2020,-2,235,0,21,0.09,64.39
Potenza,203,13/09/2020,1,236,0,21,0.09,64.66
Potenza,204,14/09/2020,0,236,0,21,0.09,64.66
Potenza,205,15/09/2020,0,236,0,21,0.09,64.66
Potenza,206,16/09/2020,1,237,0,21,0.09,64.94
Potenza,207,17/09/2020,4,241,0,21,0.09,66.03
Potenza,208,18/09/2020,0,241,0,21,0.09,66.03
Potenza,209,19/09/2020,1,242,0,21,0.09,66.31
Potenza,210,20/09/2020,3,245,0,21,0.09,67.13
Potenza,211,21/09/2020,1,246,0,21,0.09,67.4
Potenza,212,22/09/2020,3,249,0,21,0.08,68.23
Potenza,213,23/09/2020,12,261,0,21,0.08,71.51
Potenza,214,24/09/2020,7,268,0,21,0.08,73.43
Potenza,215,25/09/2020,13,281,0,21,0.07,76.99
Potenza,216,26/09/2020,20,301,0,21,0.07,82.47
Potenza,217,27/09/2020,43,344,1,22,0.06,94.26
Potenza,218,28/09/2020,7,351,0,22,0.06,96.17
Potenza,219,29/09/2020,30,381,0,22,0.06,104.4
Potenza,220,30/09/2020,0,381,0,22,0.06,104.4
Potenza,221,01/10/2020,28,409,0,22,0.05,112.07
Potenza,222,02/10/2020,12,421,1,23,0.06,115.36
Potenza,223,03/10/2020,43,464,0,23,0.05,127.14
Potenza,224,04/10/2020,5,469,0,23,0.05,128.51
Potenza,225,05/10/2020,14,483,0,23,0.05,132.34
Potenza,226,06/10/2020,4,487,1,24,0.05,133.44
Potenza,227,07/10/2020,4,491,0,24,0.05,134.54
Potenza,228,08/10/2020,12,503,0,24,0.05,137.82
Potenza,229,09/10/2020,8,511,0,24,0.05,140.02
Potenza,230,10/10/2020,19,530,0,24,0.04,145.22
Potenza,231,11/10/2020,5,535,0,24,0.04,146.59
Potenza,232,12/10/2020,10,545,0,24,0.04,149.33
Potenza,233,13/10/2020,8,553,2,26,0.05,151.52
Potenza,234,14/10/2020,4,557,0,26,0.05,152.62
Potenza,235,15/10/2020,21,578,0,26,0.04,158.37
Potenza,236,16/10/2020,18,596,1,27,0.04,163.31
Potenza,237,17/10/2020,49,645,0,27,0.04,176.73
Potenza,238,18/10/2020,38,683,1,28,0.04,187.14
Potenza,239,19/10/2020,14,697,0,28,0.04,190.98
Potenza,240,20/10/2020,14,711,0,28,0.04,194.82
Potenza,241,21/10/2020,51,762,0,28,0.04,208.79
Potenza,242,22/10/2020,73,835,3,31,0.04,228.79
Potenza,243,23/10/2020,50,885,0,31,0.04,242.49
Potenza,244,24/10/2020,34,919,2,33,0.04,251.81
Potenza,245,25/10/2020,63,982,0,33,0.03,269.07
Potenza,246,26/10/2020,8,990,0,33,0.03,271.26
Potenza,247,27/10/2020,60,1050,3,36,0.03,287.7
Potenza,248,28/10/2020,77,1127,0,36,0.03,308.8
Potenza,249,29/10/2020,69,1196,0,36,0.03,327.71
Potenza,250,30/10/2020,59,1255,0,36,0.03,343.87
Potenza,251,31/10/2020,45,1300,0,36,0.03,356.2
Potenza,252,01/11/2020,54,1354,0,36,0.03,371
Potenza,253,02/11/2020,73,1427,3,39,0.03,391
Potenza,254,03/11/2020,62,1489,3,42,0.03,407.99
Potenza,255,04/11/2020,87,1576,1,43,0.03,431.83
Potenza,256,05/11/2020,104,1680,1,44,0.03,460.32
Potenza,257,06/11/2020,133,1813,4,48,0.03,496.77
Potenza,258,07/11/2020,74,1887,4,52,0.03,517.04
Potenza,259,08/11/2020,141,2028,0,52,0.03,555.68
Potenza,260,09/11/2020,62,2090,0,52,0.03,572.67
Potenza,261,10/11/2020,149,2239,3,55,0.03,613.49
Potenza,262,11/11/2020,101,2340,0,55,0.02,641.17
Potenza,263,12/11/2020,137,2477,1,56,0.02,678.7
Potenza,264,13/11/2020,180,2657,1,57,0.02,728.02
Potenza,265,14/11/2020,182,2839,0,57,0.02,777.89
Potenza,266,15/11/2020,100,2939,0,57,0.02,805.29
Potenza,267,16/11/2020,92,3031,0,57,0.02,830.5
Potenza,268,17/11/2020,204,3235,6,63,0.02,886.4
Potenza,269,18/11/2020,128,3363,2,65,0.02,921.47
Potenza,270,19/11/2020,201,3564,2,67,0.02,976.55
Potenza,271,20/11/2020,159,3723,3,70,0.02,1020.11
Potenza,272,21/11/2020,168,3891,0,70,0.02,1066.14
Potenza,273,22/11/2020,137,4028,4,74,0.02,1103.68
Potenza,274,23/11/2020,29,4057,0,74,0.02,1111.63
Potenza,275,24/11/2020,131,4188,5,79,0.02,1147.52
Potenza,276,25/11/2020,200,4388,1,80,0.02,1202.32
Potenza,277,26/11/2020,122,4510,3,83,0.02,1235.75
Potenza,278,27/11/2020,163,4673,1,84,0.02,1280.41
Potenza,279,28/11/2020,136,4809,3,87,0.02,1317.68
Potenza,280,29/11/2020,119,4928,6,93,0.02,1350.28
Potenza,281,30/11/2020,48,4976,0,93,0.02,1363.44
Potenza,282,01/12/2020,117,5093,0,93,0.02,1395.5
Potenza,283,02/12/2020,128,5221,0,93,0.02,1430.57
Potenza,284,03/12/2020,81,5302,3,96,0.02,1452.76
Potenza,285,04/12/2020,108,5410,6,102,0.02,1482.35
Potenza,286,05/12/2020,70,5480,0,102,0.02,1501.53
Potenza,287,06/12/2020,62,5542,9,111,0.02,1518.52
Potenza,288,07/12/2020,61,5603,0,111,0.02,1535.24
Potenza,289,08/12/2020,43,5646,1,112,0.02,1547.02
Potenza,290,09/12/2020,19,5665,6,118,0.02,1552.22
Potenza,291,10/12/2020,33,5698,4,122,0.02,1561.27
Potenza,292,11/12/2020,89,5787,1,123,0.02,1585.65
Potenza,293,12/12/2020,74,5861,4,127,0.02,1605.93
Potenza,294,13/12/2020,33,5894,5,132,0.02,1614.97
Potenza,295,14/12/2020,45,5939,3,135,0.02,1627.3
Potenza,296,15/12/2020,44,5983,0,135,0.02,1639.36
Potenza,297,16/12/2020,66,6049,0,135,0.02,1657.44
Potenza,298,17/12/2020,121,6170,0,135,0.02,1690.6
Potenza,299,18/12/2020,55,6225,0,135,0.02,1705.67
Potenza,300,19/12/2020,52,6277,3,138,0.02,1719.91
Potenza,301,20/12/2020,62,6339,0,138,0.02,1736.9
Potenza,302,21/12/2020,21,6360,3,141,0.02,1742.66
Potenza,303,22/12/2020,60,6420,3,144,0.02,1759.1
Potenza,304,23/12/2020,70,6490,4,148,0.02,1778.28
Potenza,305,24/12/2020,115,6605,4,152,0.02,1809.79
Potenza,306,25/12/2020,53,6658,0,152,0.02,1824.31
Potenza,307,26/12/2020,21,6679,2,154,0.02,1830.06
Potenza,308,27/12/2020,6,6685,4,158,0.02,1831.71
Potenza,309,28/12/2020,7,6692,1,159,0.02,1833.63
Potenza,310,29/12/2020,56,6748,5,164,0.02,1848.97
Potenza,311,30/12/2020,83,6831,1,165,0.02,1871.71
Potenza,312,31/12/2020,112,6943,1,166,0.02,1902.4
Potenza,313,01/01/2021,133,7076,0,166,0.02,1938.84
Potenza,314,02/01/2021,18,7094,3,169,0.02,1943.77
Potenza,315,03/01/2021,70,7164,3,172,0.02,1962.95
Potenza,316,04/01/2021,24,7188,1,173,0.02,1969.53
Potenza,317,05/01/2021,43,7231,0,173,0.02,1981.31
Potenza,318,06/01/2021,170,7401,1,174,0.02,2027.89
Potenza,319,07/01/2021,52,7453,0,174,0.02,2042.14
Potenza,320,08/01/2021,114,7567,0,174,0.02,2073.38
Potenza,321,09/01/2021,125,7692,0,174,0.02,2107.63
Potenza,322,10/01/2021,101,7793,0,174,0.02,2135.3
