Province,Day,Date,New_cases,Curr_pos_cases,Deaths,Tot_deaths,Lethality_rate,Cumul_rates
Bolzano,1,24/02/2020,0,0,0,0,0,0
Bolzano,2,25/02/2020,1,1,0,0,0,0.19
Bolzano,3,26/02/2020,0,1,0,0,0,0.19
Bolzano,4,27/02/2020,0,1,0,0,0,0.19
Bolzano,5,28/02/2020,0,1,0,0,0,0.19
Bolzano,6,29/02/2020,0,1,0,0,0,0.19
Bolzano,7,01/03/2020,0,1,0,0,0,0.19
Bolzano,8,02/03/2020,0,1,0,0,0,0.19
Bolzano,9,03/03/2020,0,1,0,0,0,0.19
Bolzano,10,04/03/2020,0,1,0,0,0,0.19
Bolzano,11,05/03/2020,0,1,0,0,0,0.19
Bolzano,12,06/03/2020,3,4,0,0,0,0.75
Bolzano,13,07/03/2020,5,9,0,0,0,1.69
Bolzano,14,08/03/2020,0,9,0,0,0,1.69
Bolzano,15,09/03/2020,0,9,0,0,0,1.69
Bolzano,16,10/03/2020,29,38,0,0,0,7.15
Bolzano,17,11/03/2020,37,75,0,0,0,14.12
Bolzano,18,12/03/2020,29,104,1,1,0.01,19.58
Bolzano,19,13/03/2020,21,125,1,2,0.02,23.53
Bolzano,20,14/03/2020,48,173,1,3,0.02,32.57
Bolzano,21,15/03/2020,31,204,2,5,0.03,38.41
Bolzano,22,16/03/2020,37,241,1,6,0.03,45.37
Bolzano,23,17/03/2020,50,291,2,8,0.03,54.78
Bolzano,24,18/03/2020,85,376,1,9,0.02,70.79
Bolzano,25,19/03/2020,60,436,5,14,0.03,82.08
Bolzano,26,20/03/2020,112,548,3,17,0.03,103.17
Bolzano,27,21/03/2020,73,621,3,20,0.03,116.91
Bolzano,28,22/03/2020,57,678,3,23,0.03,127.64
Bolzano,29,23/03/2020,46,724,6,29,0.04,136.3
Bolzano,30,24/03/2020,57,781,9,38,0.05,147.03
Bolzano,31,25/03/2020,77,858,5,43,0.05,161.53
Bolzano,32,26/03/2020,48,906,5,48,0.05,170.56
Bolzano,33,27/03/2020,97,1003,12,60,0.06,188.83
Bolzano,34,28/03/2020,106,1109,4,64,0.06,208.78
Bolzano,35,29/03/2020,105,1214,0,64,0.05,228.55
Bolzano,36,30/03/2020,111,1325,10,74,0.06,249.45
Bolzano,37,31/03/2020,46,1371,2,76,0.06,258.11
Bolzano,38,01/04/2020,47,1418,40,116,0.08,266.95
Bolzano,39,02/04/2020,61,1479,13,129,0.09,278.44
Bolzano,40,03/04/2020,80,1559,10,139,0.09,293.5
Bolzano,41,04/04/2020,33,1592,7,146,0.09,299.71
Bolzano,42,05/04/2020,52,1644,12,158,0.1,309.5
Bolzano,43,06/04/2020,78,1722,6,164,0.1,324.19
Bolzano,44,07/04/2020,89,1811,10,174,0.1,340.94
Bolzano,45,08/04/2020,24,1835,9,183,0.1,345.46
Bolzano,46,09/04/2020,68,1903,4,187,0.1,358.26
Bolzano,47,10/04/2020,52,1955,4,191,0.1,368.05
Bolzano,48,11/04/2020,2,1957,9,200,0.1,368.43
Bolzano,49,12/04/2020,141,2098,5,205,0.1,394.97
Bolzano,50,13/04/2020,51,2149,7,212,0.1,404.57
Bolzano,51,14/04/2020,35,2184,2,214,0.1,411.16
Bolzano,52,15/04/2020,40,2224,9,223,0.1,418.69
Bolzano,53,16/04/2020,43,2267,2,225,0.1,426.79
Bolzano,54,17/04/2020,29,2296,9,234,0.1,432.25
Bolzano,55,18/04/2020,29,2325,5,239,0.1,437.71
Bolzano,56,19/04/2020,55,2380,6,245,0.1,448.06
Bolzano,57,20/04/2020,14,2394,4,249,0.1,450.7
Bolzano,58,21/04/2020,16,2410,2,251,0.1,453.71
Bolzano,59,22/04/2020,6,2416,5,256,0.11,454.84
Bolzano,60,23/04/2020,19,2435,5,261,0.11,458.42
Bolzano,61,24/04/2020,21,2456,2,263,0.11,462.37
Bolzano,62,25/04/2020,20,2476,2,265,0.11,466.13
Bolzano,63,26/04/2020,5,2481,4,269,0.11,467.08
Bolzano,64,27/04/2020,15,2496,1,270,0.11,469.9
Bolzano,65,28/04/2020,2,2498,2,272,0.11,470.28
Bolzano,66,29/04/2020,9,2507,2,274,0.11,471.97
Bolzano,67,30/04/2020,11,2518,1,275,0.11,474.04
Bolzano,68,01/05/2020,10,2528,3,278,0.11,475.92
Bolzano,69,02/05/2020,7,2535,1,279,0.11,477.24
Bolzano,70,03/05/2020,1,2536,2,281,0.11,477.43
Bolzano,71,04/05/2020,5,2541,3,284,0.11,478.37
Bolzano,72,05/05/2020,1,2542,1,285,0.11,478.56
Bolzano,73,06/05/2020,1,2543,1,286,0.11,478.75
Bolzano,74,07/05/2020,9,2552,0,286,0.11,480.44
Bolzano,75,08/05/2020,6,2558,3,289,0.11,481.57
Bolzano,76,09/05/2020,9,2567,1,290,0.11,483.27
Bolzano,77,10/05/2020,2,2569,0,290,0.11,483.64
Bolzano,78,11/05/2020,3,2572,0,290,0.11,484.21
Bolzano,79,12/05/2020,0,2572,0,290,0.11,484.21
Bolzano,80,13/05/2020,3,2575,0,290,0.11,484.77
Bolzano,81,14/05/2020,3,2578,0,290,0.11,485.34
Bolzano,82,15/05/2020,0,2578,0,290,0.11,485.34
Bolzano,83,16/05/2020,0,2578,0,290,0.11,485.34
Bolzano,84,17/05/2020,3,2581,0,290,0.11,485.9
Bolzano,85,18/05/2020,1,2582,1,291,0.11,486.09
Bolzano,86,19/05/2020,5,2587,0,291,0.11,487.03
Bolzano,87,20/05/2020,0,2587,0,291,0.11,487.03
Bolzano,88,21/05/2020,0,2587,0,291,0.11,487.03
Bolzano,89,22/05/2020,3,2590,0,291,0.11,487.6
Bolzano,90,23/05/2020,0,2590,0,291,0.11,487.6
Bolzano,91,24/05/2020,3,2593,0,291,0.11,488.16
Bolzano,92,25/05/2020,0,2593,0,291,0.11,488.16
Bolzano,93,26/05/2020,0,2593,0,291,0.11,488.16
Bolzano,94,27/05/2020,0,2593,0,291,0.11,488.16
Bolzano,95,28/05/2020,2,2595,0,291,0.11,488.54
Bolzano,96,29/05/2020,0,2595,0,291,0.11,488.54
Bolzano,97,30/05/2020,1,2596,0,291,0.11,488.73
Bolzano,98,31/05/2020,1,2597,0,291,0.11,488.91
Bolzano,99,01/06/2020,1,2598,0,291,0.11,489.1
Bolzano,100,02/06/2020,0,2598,0,291,0.11,489.1
Bolzano,101,03/06/2020,0,2598,0,291,0.11,489.1
Bolzano,102,04/06/2020,0,2598,1,292,0.11,489.1
Bolzano,103,05/06/2020,1,2599,0,292,0.11,489.29
Bolzano,104,06/06/2020,1,2600,0,292,0.11,489.48
Bolzano,105,07/06/2020,3,2603,0,292,0.11,490.04
Bolzano,106,08/06/2020,1,2604,0,292,0.11,490.23
Bolzano,107,09/06/2020,0,2604,0,292,0.11,490.23
Bolzano,108,10/06/2020,0,2604,0,292,0.11,490.23
Bolzano,109,11/06/2020,2,2606,0,292,0.11,490.61
Bolzano,110,12/06/2020,2,2608,-1,291,0.11,490.98
Bolzano,111,13/06/2020,2,2610,0,291,0.11,491.36
Bolzano,112,14/06/2020,3,2613,0,291,0.11,491.93
Bolzano,113,15/06/2020,-2,2611,1,292,0.11,491.55
Bolzano,114,16/06/2020,0,2611,0,292,0.11,491.55
Bolzano,115,17/06/2020,0,2611,0,292,0.11,491.55
Bolzano,116,18/06/2020,2,2613,0,292,0.11,491.93
Bolzano,117,19/06/2020,2,2615,0,292,0.11,492.3
Bolzano,118,20/06/2020,3,2618,0,292,0.11,492.87
Bolzano,119,21/06/2020,4,2622,0,292,0.11,493.62
Bolzano,120,22/06/2020,11,2633,0,292,0.11,495.69
Bolzano,121,23/06/2020,0,2633,0,292,0.11,495.69
Bolzano,122,24/06/2020,1,2634,0,292,0.11,495.88
Bolzano,123,25/06/2020,0,2634,0,292,0.11,495.88
Bolzano,124,26/06/2020,0,2634,0,292,0.11,495.88
Bolzano,125,27/06/2020,2,2636,0,292,0.11,496.26
Bolzano,126,28/06/2020,1,2637,0,292,0.11,496.44
Bolzano,127,29/06/2020,2,2639,0,292,0.11,496.82
Bolzano,128,30/06/2020,0,2639,0,292,0.11,496.82
Bolzano,129,01/07/2020,3,2642,0,292,0.11,497.39
Bolzano,130,02/07/2020,0,2642,0,292,0.11,497.39
Bolzano,131,03/07/2020,0,2642,0,292,0.11,497.39
Bolzano,132,04/07/2020,3,2645,0,292,0.11,497.95
Bolzano,133,05/07/2020,2,2647,0,292,0.11,498.33
Bolzano,134,06/07/2020,0,2647,0,292,0.11,498.33
Bolzano,135,07/07/2020,1,2648,0,292,0.11,498.51
Bolzano,136,08/07/2020,2,2650,0,292,0.11,498.89
Bolzano,137,09/07/2020,3,2653,0,292,0.11,499.46
Bolzano,138,10/07/2020,5,2658,0,292,0.11,500.4
Bolzano,139,11/07/2020,3,2661,0,292,0.11,500.96
Bolzano,140,12/07/2020,5,2666,0,292,0.11,501.9
Bolzano,141,13/07/2020,7,2673,0,292,0.11,503.22
Bolzano,142,14/07/2020,1,2674,0,292,0.11,503.41
Bolzano,143,15/07/2020,3,2677,0,292,0.11,503.97
Bolzano,144,16/07/2020,1,2678,0,292,0.11,504.16
Bolzano,145,17/07/2020,4,2682,0,292,0.11,504.92
Bolzano,146,18/07/2020,1,2683,0,292,0.11,505.1
Bolzano,147,19/07/2020,1,2684,0,292,0.11,505.29
Bolzano,148,20/07/2020,0,2684,0,292,0.11,505.29
Bolzano,149,21/07/2020,1,2685,0,292,0.11,505.48
Bolzano,150,22/07/2020,0,2685,0,292,0.11,505.48
Bolzano,151,23/07/2020,1,2686,0,292,0.11,505.67
Bolzano,152,24/07/2020,1,2687,0,292,0.11,505.86
Bolzano,153,25/07/2020,6,2693,0,292,0.11,506.99
Bolzano,154,26/07/2020,5,2698,0,292,0.11,507.93
Bolzano,155,27/07/2020,2,2700,0,292,0.11,508.3
Bolzano,156,28/07/2020,-8,2692,0,292,0.11,506.8
Bolzano,157,29/07/2020,4,2696,0,292,0.11,507.55
Bolzano,158,30/07/2020,6,2702,0,292,0.11,508.68
Bolzano,159,31/07/2020,15,2717,0,292,0.11,511.5
Bolzano,160,01/08/2020,8,2725,0,292,0.11,513.01
Bolzano,161,02/08/2020,3,2728,0,292,0.11,513.58
Bolzano,162,03/08/2020,6,2734,0,292,0.11,514.71
Bolzano,163,04/08/2020,6,2740,0,292,0.11,515.83
Bolzano,164,05/08/2020,5,2745,0,292,0.11,516.78
Bolzano,165,06/08/2020,12,2757,0,292,0.11,519.04
Bolzano,166,07/08/2020,4,2761,0,292,0.11,519.79
Bolzano,167,08/08/2020,5,2766,0,292,0.11,520.73
Bolzano,168,09/08/2020,7,2773,0,292,0.1,522.05
Bolzano,169,10/08/2020,1,2774,0,292,0.1,522.24
Bolzano,170,11/08/2020,1,2775,0,292,0.1,522.42
Bolzano,171,12/08/2020,4,2779,0,292,0.1,523.18
Bolzano,172,13/08/2020,2,2781,0,292,0.1,523.55
Bolzano,173,14/08/2020,3,2784,0,292,0.1,524.12
Bolzano,174,15/08/2020,9,2793,0,292,0.1,525.81
Bolzano,175,16/08/2020,9,2802,0,292,0.1,527.51
Bolzano,176,17/08/2020,2,2804,0,292,0.1,527.88
Bolzano,177,18/08/2020,0,2804,0,292,0.1,527.88
Bolzano,178,19/08/2020,7,2811,0,292,0.1,529.2
Bolzano,179,20/08/2020,21,2832,0,292,0.1,533.15
Bolzano,180,21/08/2020,5,2837,0,292,0.1,534.1
Bolzano,181,22/08/2020,19,2856,0,292,0.1,537.67
Bolzano,182,23/08/2020,13,2869,0,292,0.1,540.12
Bolzano,183,24/08/2020,15,2884,0,292,0.1,542.94
Bolzano,184,25/08/2020,9,2893,0,292,0.1,544.64
Bolzano,185,26/08/2020,5,2898,0,292,0.1,545.58
Bolzano,186,27/08/2020,9,2907,0,292,0.1,547.27
Bolzano,187,28/08/2020,8,2915,0,292,0.1,548.78
Bolzano,188,29/08/2020,9,2924,0,292,0.1,550.47
Bolzano,189,30/08/2020,8,2932,0,292,0.1,551.98
Bolzano,190,31/08/2020,3,2935,0,292,0.1,552.55
Bolzano,191,01/09/2020,13,2948,0,292,0.1,554.99
Bolzano,192,02/09/2020,10,2958,0,292,0.1,556.88
Bolzano,193,03/09/2020,4,2962,0,292,0.1,557.63
Bolzano,194,04/09/2020,11,2973,0,292,0.1,559.7
Bolzano,195,05/09/2020,23,2996,0,292,0.1,564.03
Bolzano,196,06/09/2020,7,3003,0,292,0.1,565.35
Bolzano,197,07/09/2020,0,3003,0,292,0.1,565.35
Bolzano,198,08/09/2020,4,3007,0,292,0.1,566.1
Bolzano,199,09/09/2020,10,3017,0,292,0.1,567.98
Bolzano,200,10/09/2020,20,3037,0,292,0.1,571.75
Bolzano,201,11/09/2020,26,3063,0,292,0.1,576.64
Bolzano,202,12/09/2020,25,3088,0,292,0.1,581.35
Bolzano,203,13/09/2020,40,3128,0,292,0.09,588.88
Bolzano,204,14/09/2020,7,3135,0,292,0.09,590.2
Bolzano,205,15/09/2020,21,3156,0,292,0.09,594.15
Bolzano,206,16/09/2020,12,3168,0,292,0.09,596.41
Bolzano,207,17/09/2020,15,3183,0,292,0.09,599.23
Bolzano,208,18/09/2020,72,3255,0,292,0.09,612.79
Bolzano,209,19/09/2020,26,3281,0,292,0.09,617.68
Bolzano,210,20/09/2020,20,3301,0,292,0.09,621.45
Bolzano,211,21/09/2020,20,3321,0,292,0.09,625.21
Bolzano,212,22/09/2020,8,3329,0,292,0.09,626.72
Bolzano,213,23/09/2020,37,3366,0,292,0.09,633.69
Bolzano,214,24/09/2020,20,3386,0,292,0.09,637.45
Bolzano,215,25/09/2020,52,3438,0,292,0.09,647.24
Bolzano,216,26/09/2020,29,3467,0,292,0.08,652.7
Bolzano,217,27/09/2020,22,3489,0,292,0.08,656.84
Bolzano,218,28/09/2020,25,3514,0,292,0.08,661.55
Bolzano,219,29/09/2020,25,3539,0,292,0.08,666.26
Bolzano,220,30/09/2020,0,3539,0,292,0.08,666.26
Bolzano,221,01/10/2020,29,3568,0,292,0.08,671.71
Bolzano,222,02/10/2020,21,3589,0,292,0.08,675.67
Bolzano,223,03/10/2020,24,3613,0,292,0.08,680.19
Bolzano,224,04/10/2020,32,3645,0,292,0.08,686.21
Bolzano,225,05/10/2020,17,3662,0,292,0.08,689.41
Bolzano,226,06/10/2020,17,3679,0,292,0.08,692.61
Bolzano,227,07/10/2020,-3679,0,0,292,Inf,0
Bolzano,228,08/10/2020,3803,3803,0,292,0.08,715.96
Bolzano,229,09/10/2020,85,3888,0,292,0.07,731.96
Bolzano,230,10/10/2020,92,3980,0,292,0.07,749.28
Bolzano,231,11/10/2020,84,4064,1,293,0.07,765.09
Bolzano,232,12/10/2020,45,4109,0,293,0.07,773.56
Bolzano,233,13/10/2020,34,4143,0,293,0.07,779.96
Bolzano,234,14/10/2020,124,4267,0,293,0.07,803.31
Bolzano,235,15/10/2020,98,4365,0,293,0.07,821.76
Bolzano,236,16/10/2020,128,4493,0,293,0.06,845.86
Bolzano,237,17/10/2020,155,4648,0,293,0.06,875.04
Bolzano,238,18/10/2020,171,4819,0,293,0.06,907.23
Bolzano,239,19/10/2020,85,4904,1,294,0.06,923.23
Bolzano,240,20/10/2020,209,5113,1,295,0.06,962.58
Bolzano,241,21/10/2020,189,5302,1,296,0.06,998.16
Bolzano,242,22/10/2020,247,5549,0,296,0.05,1044.66
Bolzano,243,23/10/2020,269,5818,0,296,0.05,1095.3
Bolzano,244,24/10/2020,277,6095,0,296,0.05,1147.45
Bolzano,245,25/10/2020,339,6434,0,296,0.05,1211.27
Bolzano,246,26/10/2020,321,6755,3,299,0.04,1271.7
Bolzano,247,27/10/2020,242,6997,1,300,0.04,1317.26
Bolzano,248,28/10/2020,190,7187,4,304,0.04,1353.03
Bolzano,249,29/10/2020,298,7485,2,306,0.04,1409.13
Bolzano,250,30/10/2020,350,7835,2,308,0.04,1475.02
Bolzano,251,31/10/2020,547,8382,4,312,0.04,1578
Bolzano,252,01/11/2020,534,8916,3,315,0.04,1678.53
Bolzano,253,02/11/2020,437,9353,4,319,0.03,1760.8
Bolzano,254,03/11/2020,495,9848,1,320,0.03,1853.99
Bolzano,255,04/11/2020,249,10097,2,322,0.03,1900.87
Bolzano,256,05/11/2020,762,10859,4,326,0.03,2044.32
Bolzano,257,06/11/2020,713,11572,4,330,0.03,2178.55
Bolzano,258,07/11/2020,773,12345,0,330,0.03,2324.08
Bolzano,259,08/11/2020,781,13126,4,334,0.03,2471.11
Bolzano,260,09/11/2020,583,13709,4,338,0.03,2580.87
Bolzano,261,10/11/2020,375,14084,5,343,0.02,2651.47
Bolzano,262,11/11/2020,386,14470,9,352,0.02,2724.13
Bolzano,263,12/11/2020,694,15164,6,358,0.02,2854.79
Bolzano,264,13/11/2020,820,15984,9,367,0.02,3009.16
Bolzano,265,14/11/2020,690,16674,5,372,0.02,3139.06
Bolzano,266,15/11/2020,628,17302,19,391,0.02,3257.29
Bolzano,267,16/11/2020,544,17846,7,398,0.02,3359.7
Bolzano,268,17/11/2020,258,18104,9,407,0.02,3408.27
Bolzano,269,18/11/2020,581,18685,11,418,0.02,3517.65
Bolzano,270,19/11/2020,696,19381,13,431,0.02,3648.68
Bolzano,271,20/11/2020,736,20117,8,439,0.02,3787.24
Bolzano,272,21/11/2020,548,20665,16,455,0.02,3890.41
Bolzano,273,22/11/2020,535,21200,7,462,0.02,3991.13
Bolzano,274,23/11/2020,260,21460,5,467,0.02,4040.08
Bolzano,275,24/11/2020,160,21620,16,483,0.02,4070.2
Bolzano,276,25/11/2020,341,21961,8,491,0.02,4134.4
Bolzano,277,26/11/2020,292,22253,11,502,0.02,4189.37
Bolzano,278,27/11/2020,410,22663,11,513,0.02,4266.55
Bolzano,279,28/11/2020,494,23157,3,516,0.02,4359.56
Bolzano,280,29/11/2020,437,23594,7,523,0.02,4441.83
Bolzano,281,30/11/2020,183,23777,1,524,0.02,4476.28
Bolzano,282,01/12/2020,94,23871,3,527,0.02,4493.97
Bolzano,283,02/12/2020,317,24188,8,535,0.02,4553.65
Bolzano,284,03/12/2020,374,24562,16,551,0.02,4624.06
Bolzano,285,04/12/2020,285,24847,11,562,0.02,4677.72
Bolzano,286,05/12/2020,266,25113,3,565,0.02,4727.79
Bolzano,287,06/12/2020,248,25361,6,571,0.02,4774.48
Bolzano,288,07/12/2020,115,25476,5,576,0.02,4796.13
Bolzano,289,08/12/2020,79,25555,11,587,0.02,4811
Bolzano,290,09/12/2020,232,25787,10,597,0.02,4854.68
Bolzano,291,10/12/2020,244,26031,8,605,0.02,4900.62
Bolzano,292,11/12/2020,252,26283,17,622,0.02,4948.06
Bolzano,293,12/12/2020,250,26533,5,627,0.02,4995.12
Bolzano,294,13/12/2020,251,26784,4,631,0.02,5042.38
Bolzano,295,14/12/2020,68,26852,11,642,0.02,5055.18
Bolzano,296,15/12/2020,88,26940,8,650,0.02,5071.75
Bolzano,297,16/12/2020,285,27225,11,661,0.02,5125.4
