Province,Day,Date,New_cases,Curr_pos_cases,Deaths,Tot_deaths,Lethality_rate,Cumul_rates
Trento,1,24/02/2020,0,0,0,0,0,0
Trento,2,25/02/2020,0,0,0,0,0,0
Trento,3,26/02/2020,0,0,0,0,0,0
Trento,4,27/02/2020,0,0,0,0,0,0
Trento,5,28/02/2020,0,0,0,0,0,0
Trento,6,29/02/2020,0,0,0,0,0,0
Trento,7,01/03/2020,0,0,0,0,0,0
Trento,8,02/03/2020,0,0,0,0,0,0
Trento,9,03/03/2020,4,4,0,0,0,0.74
Trento,10,04/03/2020,1,5,0,0,0,0.92
Trento,11,05/03/2020,2,7,0,0,0,1.29
Trento,12,06/03/2020,3,10,0,0,0,1.85
Trento,13,07/03/2020,4,14,0,0,0,2.59
Trento,14,08/03/2020,9,23,0,0,0,4.25
Trento,15,09/03/2020,10,33,0,0,0,6.1
Trento,16,10/03/2020,19,52,0,0,0,9.61
Trento,17,11/03/2020,25,77,0,0,0,14.23
Trento,18,12/03/2020,30,107,1,1,0.01,19.77
Trento,19,13/03/2020,56,163,1,2,0.01,30.12
Trento,20,14/03/2020,43,206,0,2,0.01,38.07
Trento,21,15/03/2020,172,378,4,6,0.02,69.86
Trento,22,16/03/2020,0,378,0,6,0.02,69.86
Trento,23,17/03/2020,7,385,1,7,0.02,71.15
Trento,24,18/03/2020,70,455,0,7,0.01,84.09
Trento,25,19/03/2020,68,523,5,12,0.02,96.66
Trento,26,20/03/2020,119,642,1,13,0.02,118.65
Trento,27,21/03/2020,140,782,15,28,0.04,144.52
Trento,28,22/03/2020,172,954,7,35,0.04,176.31
Trento,29,23/03/2020,69,1023,6,41,0.04,189.06
Trento,30,24/03/2020,87,1110,15,56,0.05,205.14
Trento,31,25/03/2020,112,1222,18,74,0.06,225.84
Trento,32,26/03/2020,75,1297,12,86,0.07,239.7
Trento,33,27/03/2020,94,1391,16,102,0.07,257.07
Trento,34,28/03/2020,114,1505,18,120,0.08,278.14
Trento,35,29/03/2020,89,1594,9,129,0.08,294.59
Trento,36,30/03/2020,88,1682,18,147,0.09,310.85
Trento,37,31/03/2020,64,1746,17,164,0.09,322.68
Trento,38,01/04/2020,124,1870,9,173,0.09,345.59
Trento,39,02/04/2020,133,2003,14,187,0.09,370.17
Trento,40,03/04/2020,106,2109,17,204,0.1,389.76
Trento,41,04/04/2020,111,2220,6,210,0.1,410.28
Trento,42,05/04/2020,65,2285,7,217,0.1,422.29
Trento,43,06/04/2020,63,2348,13,230,0.1,433.93
Trento,44,07/04/2020,128,2476,14,244,0.1,457.59
Trento,45,08/04/2020,126,2602,11,255,0.1,480.87
Trento,46,09/04/2020,106,2708,13,268,0.1,500.46
Trento,47,10/04/2020,108,2816,7,275,0.1,520.42
Trento,48,11/04/2020,154,2970,9,284,0.1,548.88
Trento,49,12/04/2020,83,3053,9,293,0.1,564.22
Trento,50,13/04/2020,73,3126,7,300,0.1,577.71
Trento,51,14/04/2020,15,3141,10,310,0.1,580.49
Trento,52,15/04/2020,79,3220,8,318,0.1,595.09
Trento,53,16/04/2020,74,3294,4,322,0.1,608.76
Trento,54,17/04/2020,82,3376,20,342,0.1,623.92
Trento,55,18/04/2020,55,3431,6,348,0.1,634.08
Trento,56,19/04/2020,101,3532,12,360,0.1,652.75
Trento,57,20/04/2020,58,3590,6,366,0.1,663.47
Trento,58,21/04/2020,24,3614,10,376,0.1,667.9
Trento,59,22/04/2020,32,3646,5,381,0.1,673.82
Trento,60,23/04/2020,81,3727,1,382,0.1,688.78
Trento,61,24/04/2020,49,3776,7,389,0.1,697.84
Trento,62,25/04/2020,62,3838,11,400,0.1,709.3
Trento,63,26/04/2020,56,3894,5,405,0.1,719.65
Trento,64,27/04/2020,101,3995,2,407,0.1,738.31
Trento,65,28/04/2020,30,4025,5,412,0.1,743.86
Trento,66,29/04/2020,44,4069,4,416,0.1,751.99
Trento,67,30/04/2020,47,4116,2,418,0.1,760.68
Trento,68,01/05/2020,16,4132,5,423,0.1,763.63
Trento,69,02/05/2020,49,4181,2,425,0.1,772.69
Trento,70,03/05/2020,66,4247,4,429,0.1,784.89
Trento,71,04/05/2020,11,4258,1,430,0.1,786.92
Trento,72,05/05/2020,3,4261,3,433,0.1,787.47
Trento,73,06/05/2020,19,4280,4,437,0.1,790.98
Trento,74,07/05/2020,3,4283,1,438,0.1,791.54
Trento,75,08/05/2020,2,4285,0,438,0.1,791.91
Trento,76,09/05/2020,7,4292,0,438,0.1,793.2
Trento,77,10/05/2020,3,4295,3,441,0.1,793.76
Trento,78,11/05/2020,2,4297,2,443,0.1,794.13
Trento,79,12/05/2020,6,4303,2,445,0.1,795.23
Trento,80,13/05/2020,9,4312,1,446,0.1,796.9
Trento,81,14/05/2020,3,4315,2,448,0.1,797.45
Trento,82,15/05/2020,3,4318,3,451,0.1,798.01
Trento,83,16/05/2020,8,4326,2,453,0.1,799.49
Trento,84,17/05/2020,12,4338,0,453,0.1,801.7
Trento,85,18/05/2020,13,4351,0,453,0.1,804.11
Trento,86,19/05/2020,7,4358,2,455,0.1,805.4
Trento,87,20/05/2020,10,4368,0,455,0.1,807.25
Trento,88,21/05/2020,10,4378,0,455,0.1,809.1
Trento,89,22/05/2020,10,4388,0,455,0.1,810.94
Trento,90,23/05/2020,7,4395,1,456,0.1,812.24
Trento,91,24/05/2020,9,4404,1,457,0.1,813.9
Trento,92,25/05/2020,1,4405,1,458,0.1,814.09
Trento,93,26/05/2020,10,4415,3,461,0.1,815.93
Trento,94,27/05/2020,7,4422,1,462,0.1,817.23
Trento,95,28/05/2020,3,4425,0,462,0.1,817.78
Trento,96,29/05/2020,3,4428,0,462,0.1,818.34
Trento,97,30/05/2020,1,4429,0,462,0.1,818.52
Trento,98,31/05/2020,1,4430,0,462,0.1,818.71
Trento,99,01/06/2020,2,4432,0,462,0.1,819.08
Trento,100,02/06/2020,0,4432,1,463,0.1,819.08
Trento,101,03/06/2020,1,4433,0,463,0.1,819.26
Trento,102,04/06/2020,0,4433,1,464,0.1,819.26
Trento,103,05/06/2020,0,4433,0,464,0.1,819.26
Trento,104,06/06/2020,1,4434,0,464,0.1,819.44
Trento,105,07/06/2020,1,4435,0,464,0.1,819.63
Trento,106,08/06/2020,1,4436,0,464,0.1,819.81
Trento,107,09/06/2020,3,4439,0,464,0.1,820.37
Trento,108,10/06/2020,0,4439,0,464,0.1,820.37
Trento,109,11/06/2020,2,4441,0,464,0.1,820.74
Trento,110,12/06/2020,2,4443,0,464,0.1,821.11
Trento,111,13/06/2020,3,4446,0,464,0.1,821.66
Trento,112,14/06/2020,1,4447,0,464,0.1,821.85
Trento,113,15/06/2020,1,4448,1,465,0.1,822.03
Trento,114,16/06/2020,0,4448,0,465,0.1,822.03
Trento,115,17/06/2020,1,4449,0,465,0.1,822.22
Trento,116,18/06/2020,8,4457,0,465,0.1,823.7
Trento,117,19/06/2020,1,4458,1,466,0.1,823.88
Trento,118,20/06/2020,0,4458,0,466,0.1,823.88
Trento,119,21/06/2020,5,4463,0,466,0.1,824.8
Trento,120,22/06/2020,1,4464,0,466,0.1,824.99
Trento,121,23/06/2020,1,4465,0,466,0.1,825.17
Trento,122,24/06/2020,387,4852,-61,405,0.08,896.7
Trento,123,25/06/2020,3,4855,0,405,0.08,897.25
Trento,124,26/06/2020,4,4859,0,405,0.08,897.99
Trento,125,27/06/2020,1,4860,0,405,0.08,898.17
Trento,126,28/06/2020,3,4863,0,405,0.08,898.73
Trento,127,29/06/2020,0,4863,0,405,0.08,898.73
Trento,128,30/06/2020,0,4863,0,405,0.08,898.73
Trento,129,01/07/2020,1,4864,0,405,0.08,898.91
Trento,130,02/07/2020,1,4865,0,405,0.08,899.1
Trento,131,03/07/2020,6,4871,0,405,0.08,900.21
Trento,132,04/07/2020,2,4873,0,405,0.08,900.58
Trento,133,05/07/2020,0,4873,0,405,0.08,900.58
Trento,134,06/07/2020,0,4873,0,405,0.08,900.58
Trento,135,07/07/2020,3,4876,0,405,0.08,901.13
Trento,136,08/07/2020,0,4876,0,405,0.08,901.13
Trento,137,09/07/2020,0,4876,0,405,0.08,901.13
Trento,138,10/07/2020,3,4879,0,405,0.08,901.69
Trento,139,11/07/2020,2,4881,0,405,0.08,902.05
Trento,140,12/07/2020,0,4881,0,405,0.08,902.05
Trento,141,13/07/2020,0,4881,0,405,0.08,902.05
Trento,142,14/07/2020,0,4881,0,405,0.08,902.05
Trento,143,15/07/2020,0,4881,0,405,0.08,902.05
Trento,144,16/07/2020,0,4881,0,405,0.08,902.05
Trento,145,17/07/2020,0,4881,0,405,0.08,902.05
Trento,146,18/07/2020,3,4884,0,405,0.08,902.61
Trento,147,19/07/2020,1,4885,0,405,0.08,902.79
Trento,148,20/07/2020,4,4889,0,405,0.08,903.53
Trento,149,21/07/2020,2,4891,0,405,0.08,903.9
Trento,150,22/07/2020,20,4911,0,405,0.08,907.6
Trento,151,23/07/2020,30,4941,0,405,0.08,913.14
Trento,152,24/07/2020,16,4957,0,405,0.08,916.1
Trento,153,25/07/2020,2,4959,0,405,0.08,916.47
Trento,154,26/07/2020,6,4965,0,405,0.08,917.58
Trento,155,27/07/2020,1,4966,0,405,0.08,917.76
Trento,156,28/07/2020,0,4966,0,405,0.08,917.76
Trento,157,29/07/2020,4,4970,0,405,0.08,918.5
Trento,158,30/07/2020,3,4973,0,405,0.08,919.06
Trento,159,31/07/2020,2,4975,0,405,0.08,919.43
Trento,160,01/08/2020,0,4975,0,405,0.08,919.43
Trento,161,02/08/2020,4,4979,0,405,0.08,920.17
Trento,162,03/08/2020,2,4981,0,405,0.08,920.54
Trento,163,04/08/2020,2,4983,0,405,0.08,920.91
Trento,164,05/08/2020,1,4984,0,405,0.08,921.09
Trento,165,06/08/2020,4,4988,0,405,0.08,921.83
Trento,166,07/08/2020,4,4992,0,405,0.08,922.57
Trento,167,08/08/2020,1,4993,0,405,0.08,922.75
Trento,168,09/08/2020,2,4995,0,405,0.08,923.12
Trento,169,10/08/2020,1,4996,0,405,0.08,923.31
Trento,170,11/08/2020,2,4998,0,405,0.08,923.68
Trento,171,12/08/2020,0,4998,0,405,0.08,923.68
Trento,172,13/08/2020,2,5000,0,405,0.08,924.05
Trento,173,14/08/2020,3,5003,0,405,0.08,924.6
Trento,174,15/08/2020,0,5003,0,405,0.08,924.6
Trento,175,16/08/2020,0,5003,0,405,0.08,924.6
Trento,176,17/08/2020,1,5004,0,405,0.08,924.79
Trento,177,18/08/2020,2,5006,0,405,0.08,925.16
Trento,178,19/08/2020,2,5008,0,405,0.08,925.53
Trento,179,20/08/2020,4,5012,0,405,0.08,926.26
Trento,180,21/08/2020,4,5016,0,405,0.08,927
Trento,181,22/08/2020,9,5025,0,405,0.08,928.67
Trento,182,23/08/2020,3,5028,0,405,0.08,929.22
Trento,183,24/08/2020,1,5029,0,405,0.08,929.41
Trento,184,25/08/2020,3,5032,0,405,0.08,929.96
Trento,185,26/08/2020,7,5039,0,405,0.08,931.25
Trento,186,27/08/2020,15,5054,0,405,0.08,934.03
Trento,187,28/08/2020,16,5070,0,405,0.08,936.98
Trento,188,29/08/2020,14,5084,0,405,0.08,939.57
Trento,189,30/08/2020,8,5092,0,405,0.08,941.05
Trento,190,31/08/2020,4,5096,0,405,0.08,941.79
Trento,191,01/09/2020,3,5099,0,405,0.08,942.34
Trento,192,02/09/2020,33,5132,0,405,0.08,948.44
Trento,193,03/09/2020,91,5223,0,405,0.08,965.26
Trento,194,04/09/2020,23,5246,0,405,0.08,969.51
Trento,195,05/09/2020,53,5299,0,405,0.08,979.31
Trento,196,06/09/2020,33,5332,0,405,0.08,985.4
Trento,197,07/09/2020,17,5349,0,405,0.08,988.55
Trento,198,08/09/2020,3,5352,0,405,0.08,989.1
Trento,199,09/09/2020,7,5359,0,405,0.08,990.39
Trento,200,10/09/2020,82,5441,0,405,0.07,1005.55
Trento,201,11/09/2020,29,5470,0,405,0.07,1010.91
Trento,202,12/09/2020,22,5492,0,405,0.07,1014.97
Trento,203,13/09/2020,9,5501,0,405,0.07,1016.64
Trento,204,14/09/2020,20,5521,0,405,0.07,1020.33
Trento,205,15/09/2020,20,5541,0,405,0.07,1024.03
Trento,206,16/09/2020,32,5573,0,405,0.07,1029.94
Trento,207,17/09/2020,76,5649,0,405,0.07,1043.99
Trento,208,18/09/2020,18,5667,0,405,0.07,1047.31
Trento,209,19/09/2020,22,5689,0,405,0.07,1051.38
Trento,210,20/09/2020,45,5734,0,405,0.07,1059.7
Trento,211,21/09/2020,2,5736,0,405,0.07,1060.07
Trento,212,22/09/2020,25,5761,0,405,0.07,1064.69
Trento,213,23/09/2020,22,5783,0,405,0.07,1068.75
Trento,214,24/09/2020,23,5806,0,405,0.07,1073
Trento,215,25/09/2020,23,5829,0,405,0.07,1077.25
Trento,216,26/09/2020,51,5880,0,405,0.07,1086.68
Trento,217,27/09/2020,42,5922,0,405,0.07,1094.44
Trento,218,28/09/2020,20,5942,1,406,0.07,1098.14
Trento,219,29/09/2020,50,5992,0,406,0.07,1107.38
Trento,220,30/09/2020,0,5992,0,406,0.07,1107.38
Trento,221,01/10/2020,48,6040,0,406,0.07,1116.25
Trento,222,02/10/2020,39,6079,0,406,0.07,1123.46
Trento,223,03/10/2020,62,6141,0,406,0.07,1134.91
Trento,224,04/10/2020,34,6175,0,406,0.07,1141.2
Trento,225,05/10/2020,49,6224,0,406,0.06,1150.25
Trento,226,06/10/2020,40,6264,0,406,0.06,1157.65
Trento,227,07/10/2020,32,6296,0,406,0.06,1163.56
Trento,228,08/10/2020,59,6355,0,406,0.06,1174.46
Trento,229,09/10/2020,39,6394,0,406,0.06,1181.67
Trento,230,10/10/2020,50,6444,1,407,0.06,1190.91
Trento,231,11/10/2020,39,6483,0,407,0.06,1198.12
Trento,232,12/10/2020,2,6485,1,408,0.06,1198.49
Trento,233,13/10/2020,28,6513,2,410,0.06,1203.66
Trento,234,14/10/2020,29,6542,2,412,0.06,1209.02
Trento,235,15/10/2020,62,6604,2,414,0.06,1220.48
Trento,236,16/10/2020,111,6715,1,415,0.06,1241
Trento,237,17/10/2020,82,6797,1,416,0.06,1256.15
Trento,238,18/10/2020,48,6845,0,416,0.06,1265.02
Trento,239,19/10/2020,79,6924,1,417,0.06,1279.62
Trento,240,20/10/2020,94,7018,0,417,0.06,1296.99
Trento,241,21/10/2020,148,7166,2,419,0.06,1324.34
Trento,242,22/10/2020,153,7319,3,422,0.06,1352.62
Trento,243,23/10/2020,207,7526,0,422,0.06,1390.88
Trento,244,24/10/2020,162,7688,1,423,0.06,1420.81
Trento,245,25/10/2020,104,7792,0,423,0.05,1440.03
Trento,246,26/10/2020,113,7905,1,424,0.05,1460.92
Trento,247,27/10/2020,257,8162,1,425,0.05,1508.41
Trento,248,28/10/2020,191,8353,5,430,0.05,1543.71
Trento,249,29/10/2020,173,8526,3,433,0.05,1575.68
Trento,250,30/10/2020,222,8748,2,435,0.05,1616.71
Trento,251,31/10/2020,390,9138,1,436,0.05,1688.79
Trento,252,01/11/2020,210,9348,3,439,0.05,1727.6
Trento,253,02/11/2020,187,9535,3,442,0.05,1762.16
Trento,254,03/11/2020,112,9647,3,445,0.05,1782.86
Trento,255,04/11/2020,225,9872,4,449,0.04,1824.44
Trento,256,05/11/2020,320,10192,3,452,0.04,1883.58
Trento,257,06/11/2020,261,10453,5,457,0.04,1931.81
Trento,258,07/11/2020,251,10704,0,457,0.04,1978.2
Trento,259,08/11/2020,182,10886,1,458,0.04,2011.84
Trento,260,09/11/2020,257,11143,6,464,0.04,2059.33
Trento,261,10/11/2020,243,11386,6,470,0.04,2104.24
Trento,262,11/11/2020,253,11639,8,478,0.04,2151
Trento,263,12/11/2020,253,11892,8,486,0.04,2197.75
Trento,264,13/11/2020,202,12094,12,498,0.04,2235.08
Trento,265,14/11/2020,206,12300,11,509,0.04,2273.16
Trento,266,15/11/2020,268,12568,8,517,0.04,2322.68
Trento,267,16/11/2020,181,12749,15,532,0.04,2356.14
Trento,268,17/11/2020,276,13025,3,535,0.04,2407.14
Trento,269,18/11/2020,236,13261,7,542,0.04,2450.76
Trento,270,19/11/2020,266,13527,7,549,0.04,2499.92
Trento,271,20/11/2020,234,13761,7,556,0.04,2543.16
Trento,272,21/11/2020,212,13973,14,570,0.04,2582.34
Trento,273,22/11/2020,159,14132,1,571,0.04,2611.73
Trento,274,23/11/2020,93,14225,7,578,0.04,2628.91
Trento,275,24/11/2020,143,14368,14,592,0.04,2655.34
Trento,276,25/11/2020,179,14547,7,599,0.04,2688.42
Trento,277,26/11/2020,297,14844,9,608,0.04,2743.31
Trento,278,27/11/2020,229,15073,8,616,0.04,2785.63
Trento,279,28/11/2020,219,15292,6,622,0.04,2826.11
Trento,280,29/11/2020,265,15557,12,634,0.04,2875.08
Trento,281,30/11/2020,176,15733,13,647,0.04,2907.61
Trento,282,01/12/2020,156,15889,8,655,0.04,2936.44
Trento,283,02/12/2020,278,16167,3,658,0.04,2987.81
Trento,284,03/12/2020,239,16406,9,667,0.04,3031.98
Trento,285,04/12/2020,255,16661,6,673,0.04,3079.11
Trento,286,05/12/2020,226,16887,9,682,0.04,3120.88
Trento,287,06/12/2020,216,17103,2,684,0.04,3160.8
Trento,288,07/12/2020,165,17268,16,700,0.04,3191.29
Trento,289,08/12/2020,149,17417,12,712,0.04,3218.83
Trento,290,09/12/2020,182,17599,16,728,0.04,3252.46
Trento,291,10/12/2020,217,17816,9,737,0.04,3292.56
Trento,292,11/12/2020,160,17976,10,747,0.04,3322.13
Trento,293,12/12/2020,222,18198,11,758,0.04,3363.16
Trento,294,13/12/2020,157,18355,2,760,0.04,3392.18
Trento,295,14/12/2020,114,18469,14,774,0.04,3413.24
Trento,296,15/12/2020,377,18846,14,788,0.04,3482.92
Trento,297,16/12/2020,244,19090,13,801,0.04,3528.01
Trento,298,17/12/2020,463,19553,13,814,0.04,3613.58
