Province,Day,Date,New_cases,Curr_pos_cases,Deaths,Tot_deaths,Lethality_rate,Cumul_rates
Aosta,1,24/02/2020,0,0,0,0,0,0
Aosta,2,25/02/2020,0,0,0,0,0,0
Aosta,3,26/02/2020,0,0,0,0,0,0
Aosta,4,27/02/2020,0,0,0,0,0,0
Aosta,5,28/02/2020,0,0,0,0,0,0
Aosta,6,29/02/2020,0,0,0,0,0,0
Aosta,7,01/03/2020,0,0,0,0,0,0
Aosta,8,02/03/2020,0,0,0,0,0,0
Aosta,9,03/03/2020,0,0,0,0,0,0
Aosta,10,04/03/2020,0,0,0,0,0,0
Aosta,11,05/03/2020,2,2,0,0,0,1.59
Aosta,12,06/03/2020,5,7,0,0,0,5.57
Aosta,13,07/03/2020,1,8,0,0,0,6.37
Aosta,14,08/03/2020,1,9,0,0,0,7.16
Aosta,15,09/03/2020,6,15,0,0,0,11.94
Aosta,16,10/03/2020,2,17,0,0,0,13.53
Aosta,17,11/03/2020,3,20,1,1,0.05,15.92
Aosta,18,12/03/2020,7,27,0,1,0.04,21.49
Aosta,19,13/03/2020,1,28,0,1,0.04,22.28
Aosta,20,14/03/2020,14,42,0,1,0.02,33.42
Aosta,21,15/03/2020,15,57,0,1,0.02,45.36
Aosta,22,16/03/2020,48,105,1,2,0.02,83.55
Aosta,23,17/03/2020,31,136,0,2,0.01,108.22
Aosta,24,18/03/2020,29,165,1,3,0.02,131.3
Aosta,25,19/03/2020,50,215,3,6,0.03,171.09
Aosta,26,20/03/2020,49,264,1,7,0.03,210.08
Aosta,27,21/03/2020,49,313,1,8,0.03,249.07
Aosta,28,22/03/2020,51,364,1,9,0.03,289.66
Aosta,29,23/03/2020,29,393,3,12,0.03,312.73
Aosta,30,24/03/2020,7,400,7,19,0.05,318.3
Aosta,31,25/03/2020,1,401,5,24,0.06,319.1
Aosta,32,26/03/2020,7,408,4,28,0.07,324.67
Aosta,33,27/03/2020,44,452,9,37,0.08,359.68
Aosta,34,28/03/2020,59,511,4,41,0.08,406.63
Aosta,35,29/03/2020,73,584,2,43,0.07,464.72
Aosta,36,30/03/2020,1,584,7,50,0.09,464.72
Aosta,37,31/03/2020,44,628,6,56,0.09,499.74
Aosta,38,01/04/2020,3,631,3,59,0.09,502.12
Aosta,39,02/04/2020,37,668,4,63,0.09,531.57
Aosta,40,03/04/2020,51,719,7,70,0.1,572.15
Aosta,41,04/04/2020,29,748,12,82,0.11,595.23
Aosta,42,05/04/2020,34,782,9,91,0.12,622.28
Aosta,43,06/04/2020,23,805,5,96,0.12,640.59
Aosta,44,07/04/2020,30,835,4,100,0.12,664.46
Aosta,45,08/04/2020,15,850,2,102,0.12,676.4
Aosta,46,09/04/2020,18,868,3,105,0.12,690.72
Aosta,47,10/04/2020,11,879,2,107,0.12,699.47
Aosta,48,11/04/2020,23,902,0,107,0.12,717.78
Aosta,49,12/04/2020,19,921,5,112,0.12,732.9
Aosta,50,13/04/2020,6,927,3,115,0.12,737.67
Aosta,51,14/04/2020,20,947,3,118,0.12,753.58
Aosta,52,15/04/2020,11,958,3,121,0.13,762.34
Aosta,53,16/04/2020,13,971,1,122,0.13,772.68
Aosta,54,17/04/2020,22,993,1,123,0.12,790.19
Aosta,55,18/04/2020,80,1073,1,124,0.12,853.85
Aosta,56,19/04/2020,15,1088,1,125,0.12,865.79
Aosta,57,20/04/2020,0,1088,2,127,0.12,865.79
Aosta,58,21/04/2020,5,1093,-1,126,0.12,869.77
Aosta,59,22/04/2020,2,1095,1,127,0.12,871.36
Aosta,60,23/04/2020,1,1096,0,127,0.12,872.15
Aosta,61,24/04/2020,4,1100,2,129,0.12,875.34
Aosta,62,25/04/2020,0,1100,1,130,0.12,875.34
Aosta,63,26/04/2020,6,1106,1,131,0.12,880.11
Aosta,64,27/04/2020,5,1111,2,133,0.12,884.09
Aosta,65,28/04/2020,8,1119,2,135,0.12,890.46
Aosta,66,29/04/2020,5,1124,2,137,0.12,894.43
Aosta,67,30/04/2020,4,1128,0,137,0.12,897.62
Aosta,68,01/05/2020,5,1133,0,137,0.12,901.6
Aosta,69,02/05/2020,3,1136,0,137,0.12,903.98
Aosta,70,03/05/2020,6,1142,1,138,0.12,908.76
Aosta,71,04/05/2020,1,1143,1,139,0.12,909.55
Aosta,72,05/05/2020,0,1143,0,139,0.12,909.55
Aosta,73,06/05/2020,3,1146,0,139,0.12,911.94
Aosta,74,07/05/2020,4,1150,0,139,0.12,915.12
Aosta,75,08/05/2020,1,1151,0,139,0.12,915.92
Aosta,76,09/05/2020,1,1152,0,139,0.12,916.72
Aosta,77,10/05/2020,5,1157,0,139,0.12,920.69
Aosta,78,11/05/2020,1,1158,0,139,0.12,921.49
Aosta,79,12/05/2020,2,1160,1,140,0.12,923.08
Aosta,80,13/05/2020,3,1163,1,141,0.12,925.47
Aosta,81,14/05/2020,3,1166,0,141,0.12,927.86
Aosta,82,15/05/2020,6,1172,1,142,0.12,932.63
Aosta,83,16/05/2020,1,1173,0,142,0.12,933.43
Aosta,84,17/05/2020,0,1173,1,143,0.12,933.43
Aosta,85,18/05/2020,1,1174,0,143,0.12,934.22
Aosta,86,19/05/2020,1,1175,0,143,0.12,935.02
Aosta,87,20/05/2020,0,1175,0,143,0.12,935.02
Aosta,88,21/05/2020,1,1176,0,143,0.12,935.81
Aosta,89,22/05/2020,1,1177,0,143,0.12,936.61
Aosta,90,23/05/2020,0,1177,0,143,0.12,936.61
Aosta,91,24/05/2020,1,1178,0,143,0.12,937.41
Aosta,92,25/05/2020,1,1179,0,143,0.12,938.2
Aosta,93,26/05/2020,2,1181,0,143,0.12,939.79
Aosta,94,27/05/2020,0,1181,0,143,0.12,939.79
Aosta,95,28/05/2020,1,1182,0,143,0.12,940.59
Aosta,96,29/05/2020,0,1182,0,143,0.12,940.59
Aosta,97,30/05/2020,1,1183,0,143,0.12,941.38
Aosta,98,31/05/2020,1,1184,0,143,0.12,942.18
Aosta,99,01/06/2020,3,1187,0,143,0.12,944.57
Aosta,100,02/06/2020,0,1187,0,143,0.12,944.57
Aosta,101,03/06/2020,0,1187,0,143,0.12,944.57
Aosta,102,04/06/2020,0,1187,0,143,0.12,944.57
Aosta,103,05/06/2020,0,1187,0,143,0.12,944.57
Aosta,104,06/06/2020,2,1189,1,144,0.12,946.16
Aosta,105,07/06/2020,2,1191,0,144,0.12,947.75
Aosta,106,08/06/2020,0,1191,0,144,0.12,947.75
Aosta,107,09/06/2020,0,1191,0,144,0.12,947.75
Aosta,108,10/06/2020,0,1191,0,144,0.12,947.75
Aosta,109,11/06/2020,0,1191,0,144,0.12,947.75
Aosta,110,12/06/2020,0,1191,0,144,0.12,947.75
Aosta,111,13/06/2020,0,1191,0,144,0.12,947.75
Aosta,112,14/06/2020,0,1191,0,144,0.12,947.75
Aosta,113,15/06/2020,0,1191,0,144,0.12,947.75
Aosta,114,16/06/2020,0,1191,0,144,0.12,947.75
Aosta,115,17/06/2020,0,1191,0,144,0.12,947.75
Aosta,116,18/06/2020,0,1191,1,145,0.12,947.75
Aosta,117,19/06/2020,0,1191,1,146,0.12,947.75
Aosta,118,20/06/2020,2,1193,0,146,0.12,949.34
Aosta,119,21/06/2020,0,1193,0,146,0.12,949.34
Aosta,120,22/06/2020,0,1193,0,146,0.12,949.34
Aosta,121,23/06/2020,0,1193,0,146,0.12,949.34
Aosta,122,24/06/2020,1,1194,0,146,0.12,950.14
Aosta,123,25/06/2020,0,1194,0,146,0.12,950.14
Aosta,124,26/06/2020,0,1194,0,146,0.12,950.14
Aosta,125,27/06/2020,0,1194,0,146,0.12,950.14
Aosta,126,28/06/2020,0,1194,0,146,0.12,950.14
Aosta,127,29/06/2020,0,1194,0,146,0.12,950.14
Aosta,128,30/06/2020,1,1195,0,146,0.12,950.93
Aosta,129,01/07/2020,0,1195,0,146,0.12,950.93
Aosta,130,02/07/2020,0,1195,0,146,0.12,950.93
Aosta,131,03/07/2020,1,1196,0,146,0.12,951.73
Aosta,132,04/07/2020,0,1196,0,146,0.12,951.73
Aosta,133,05/07/2020,0,1196,0,146,0.12,951.73
Aosta,134,06/07/2020,0,1196,0,146,0.12,951.73
Aosta,135,07/07/2020,0,1196,0,146,0.12,951.73
Aosta,136,08/07/2020,0,1196,0,146,0.12,951.73
Aosta,137,09/07/2020,0,1196,0,146,0.12,951.73
Aosta,138,10/07/2020,0,1196,0,146,0.12,951.73
Aosta,139,11/07/2020,0,1196,0,146,0.12,951.73
Aosta,140,12/07/2020,0,1196,0,146,0.12,951.73
Aosta,141,13/07/2020,0,1196,0,146,0.12,951.73
Aosta,142,14/07/2020,0,1196,0,146,0.12,951.73
Aosta,143,15/07/2020,0,1196,0,146,0.12,951.73
Aosta,144,16/07/2020,0,1196,0,146,0.12,951.73
Aosta,145,17/07/2020,0,1196,0,146,0.12,951.73
Aosta,146,18/07/2020,0,1196,0,146,0.12,951.73
Aosta,147,19/07/2020,0,1196,0,146,0.12,951.73
Aosta,148,20/07/2020,0,1196,0,146,0.12,951.73
Aosta,149,21/07/2020,0,1196,0,146,0.12,951.73
Aosta,150,22/07/2020,0,1196,0,146,0.12,951.73
Aosta,151,23/07/2020,0,1196,0,146,0.12,951.73
Aosta,152,24/07/2020,0,1196,0,146,0.12,951.73
Aosta,153,25/07/2020,0,1196,0,146,0.12,951.73
Aosta,154,26/07/2020,0,1196,0,146,0.12,951.73
Aosta,155,27/07/2020,0,1196,0,146,0.12,951.73
Aosta,156,28/07/2020,10,1206,0,146,0.12,959.69
Aosta,157,29/07/2020,2,1208,0,146,0.12,961.28
Aosta,158,30/07/2020,0,1208,0,146,0.12,961.28
Aosta,159,31/07/2020,0,1208,0,146,0.12,961.28
Aosta,160,01/08/2020,0,1208,0,146,0.12,961.28
Aosta,161,02/08/2020,1,1209,0,146,0.12,962.07
Aosta,162,03/08/2020,0,1209,0,146,0.12,962.07
Aosta,163,04/08/2020,0,1209,0,146,0.12,962.07
Aosta,164,05/08/2020,0,1209,0,146,0.12,962.07
Aosta,165,06/08/2020,1,1210,0,146,0.12,962.87
Aosta,166,07/08/2020,4,1214,0,146,0.12,966.05
Aosta,167,08/08/2020,2,1216,0,146,0.12,967.64
Aosta,168,09/08/2020,0,1216,0,146,0.12,967.64
Aosta,169,10/08/2020,1,1217,0,146,0.12,968.44
Aosta,170,11/08/2020,0,1217,0,146,0.12,968.44
Aosta,171,12/08/2020,0,1217,0,146,0.12,968.44
Aosta,172,13/08/2020,0,1217,0,146,0.12,968.44
Aosta,173,14/08/2020,0,1217,0,146,0.12,968.44
Aosta,174,15/08/2020,0,1217,0,146,0.12,968.44
Aosta,175,16/08/2020,0,1217,0,146,0.12,968.44
Aosta,176,17/08/2020,1,1218,0,146,0.12,969.24
Aosta,177,18/08/2020,0,1218,0,146,0.12,969.24
Aosta,178,19/08/2020,2,1220,0,146,0.12,970.83
Aosta,179,20/08/2020,1,1221,0,146,0.12,971.62
Aosta,180,21/08/2020,0,1221,0,146,0.12,971.62
Aosta,181,22/08/2020,0,1221,0,146,0.12,971.62
Aosta,182,23/08/2020,0,1221,0,146,0.12,971.62
Aosta,183,24/08/2020,0,1221,0,146,0.12,971.62
Aosta,184,25/08/2020,2,1223,0,146,0.12,973.21
Aosta,185,26/08/2020,0,1223,0,146,0.12,973.21
Aosta,186,27/08/2020,-5,1218,0,146,0.12,969.24
Aosta,187,28/08/2020,2,1220,0,146,0.12,970.83
Aosta,188,29/08/2020,4,1224,0,146,0.12,974.01
Aosta,189,30/08/2020,2,1226,0,146,0.12,975.6
Aosta,190,31/08/2020,9,1235,0,146,0.12,982.76
Aosta,191,01/09/2020,0,1235,0,146,0.12,982.76
Aosta,192,02/09/2020,2,1237,0,146,0.12,984.36
Aosta,193,03/09/2020,2,1239,0,146,0.12,985.95
Aosta,194,04/09/2020,0,1239,0,146,0.12,985.95
Aosta,195,05/09/2020,0,1239,0,146,0.12,985.95
Aosta,196,06/09/2020,0,1239,0,146,0.12,985.95
Aosta,197,07/09/2020,0,1239,0,146,0.12,985.95
Aosta,198,08/09/2020,4,1243,0,146,0.12,989.13
Aosta,199,09/09/2020,0,1243,0,146,0.12,989.13
Aosta,200,10/09/2020,0,1243,0,146,0.12,989.13
Aosta,201,11/09/2020,3,1246,0,146,0.12,991.52
Aosta,202,12/09/2020,1,1247,0,146,0.12,992.31
Aosta,203,13/09/2020,2,1249,0,146,0.12,993.9
Aosta,204,14/09/2020,14,1263,0,146,0.12,1005.05
Aosta,205,15/09/2020,3,1266,0,146,0.12,1007.43
Aosta,206,16/09/2020,1,1267,0,146,0.12,1008.23
Aosta,207,17/09/2020,1,1268,0,146,0.12,1009.02
Aosta,208,18/09/2020,8,1276,0,146,0.11,1015.39
Aosta,209,19/09/2020,0,1276,0,146,0.11,1015.39
Aosta,210,20/09/2020,3,1279,0,146,0.11,1017.78
Aosta,211,21/09/2020,2,1281,0,146,0.11,1019.37
Aosta,212,22/09/2020,1,1282,0,146,0.11,1020.16
Aosta,213,23/09/2020,2,1284,0,146,0.11,1021.76
Aosta,214,24/09/2020,3,1287,0,146,0.11,1024.14
Aosta,215,25/09/2020,1,1288,0,146,0.11,1024.94
Aosta,216,26/09/2020,11,1299,0,146,0.11,1033.69
Aosta,217,27/09/2020,0,1299,0,146,0.11,1033.69
Aosta,218,28/09/2020,1,1300,0,146,0.11,1034.49
Aosta,219,29/09/2020,14,1314,0,146,0.11,1045.63
Aosta,220,30/09/2020,-11,1303,0,146,0.11,1036.88
Aosta,221,01/10/2020,1,1304,0,146,0.11,1037.67
Aosta,222,02/10/2020,11,1315,0,146,0.11,1046.42
Aosta,223,03/10/2020,0,1315,0,146,0.11,1046.42
Aosta,224,04/10/2020,7,1322,0,146,0.11,1051.99
Aosta,225,05/10/2020,13,1335,0,146,0.11,1062.34
Aosta,226,06/10/2020,5,1340,0,146,0.11,1066.32
Aosta,227,07/10/2020,15,1355,0,146,0.11,1078.26
Aosta,228,08/10/2020,18,1373,0,146,0.11,1092.58
Aosta,229,09/10/2020,18,1391,0,146,0.1,1106.9
Aosta,230,10/10/2020,43,1434,0,146,0.1,1141.12
Aosta,231,11/10/2020,18,1452,0,146,0.1,1155.44
Aosta,232,12/10/2020,33,1485,0,146,0.1,1181.7
Aosta,233,13/10/2020,33,1518,0,146,0.1,1207.96
Aosta,234,14/10/2020,35,1553,0,146,0.09,1235.82
Aosta,235,15/10/2020,67,1620,0,146,0.09,1289.13
Aosta,236,16/10/2020,26,1646,0,146,0.09,1309.82
Aosta,237,17/10/2020,78,1724,0,146,0.09,1371.89
Aosta,238,18/10/2020,73,1797,0,146,0.08,1429.98
Aosta,239,19/10/2020,133,1930,0,146,0.08,1535.82
Aosta,240,20/10/2020,73,2003,0,146,0.07,1593.91
Aosta,241,21/10/2020,111,2114,0,146,0.07,1682.24
Aosta,242,22/10/2020,87,2201,3,149,0.07,1751.47
Aosta,243,23/10/2020,93,2294,0,149,0.06,1825.47
Aosta,244,24/10/2020,112,2406,3,152,0.06,1914.6
Aosta,245,25/10/2020,94,2500,0,152,0.06,1989.4
Aosta,246,26/10/2020,141,2641,1,153,0.06,2101.6
Aosta,247,27/10/2020,57,2698,2,155,0.06,2146.96
Aosta,248,28/10/2020,74,2772,1,156,0.06,2205.85
Aosta,249,29/10/2020,177,2949,5,161,0.06,2346.7
Aosta,250,30/10/2020,153,3102,4,165,0.05,2468.45
Aosta,251,31/10/2020,104,3206,2,167,0.05,2551.21
Aosta,252,01/11/2020,134,3340,6,173,0.05,2657.84
Aosta,253,02/11/2020,118,3458,5,178,0.05,2751.74
Aosta,254,03/11/2020,90,3548,1,179,0.05,2823.36
Aosta,255,04/11/2020,126,3674,1,180,0.05,2923.62
Aosta,256,05/11/2020,111,3785,8,188,0.05,3011.95
Aosta,257,06/11/2020,129,3914,6,194,0.05,3114.61
Aosta,258,07/11/2020,111,4025,0,194,0.05,3202.93
Aosta,259,08/11/2020,55,4080,3,197,0.05,3246.7
Aosta,260,09/11/2020,200,4280,2,199,0.05,3405.85
Aosta,261,10/11/2020,127,4407,11,210,0.05,3506.92
Aosta,262,11/11/2020,125,4532,7,217,0.05,3606.39
Aosta,263,12/11/2020,160,4692,6,223,0.05,3733.71
Aosta,264,13/11/2020,99,4791,3,226,0.05,3812.49
Aosta,265,14/11/2020,239,5030,6,232,0.05,4002.67
Aosta,266,15/11/2020,143,5173,8,240,0.05,4116.47
Aosta,267,16/11/2020,99,5272,5,245,0.05,4195.25
Aosta,268,17/11/2020,150,5422,4,249,0.05,4314.61
Aosta,269,18/11/2020,87,5509,2,251,0.05,4383.84
Aosta,270,19/11/2020,91,5600,12,263,0.05,4456.26
Aosta,271,20/11/2020,155,5755,7,270,0.05,4579.6
Aosta,272,21/11/2020,91,5846,3,273,0.05,4652.01
Aosta,273,22/11/2020,99,5945,4,277,0.05,4730.79
Aosta,274,23/11/2020,77,6022,5,282,0.05,4792.07
Aosta,275,24/11/2020,70,6092,2,284,0.05,4847.77
Aosta,276,25/11/2020,27,6119,5,289,0.05,4869.26
Aosta,277,26/11/2020,44,6163,5,294,0.05,4904.27
Aosta,278,27/11/2020,101,6264,0,294,0.05,4984.64
Aosta,279,28/11/2020,72,6336,8,302,0.05,5041.94
Aosta,280,29/11/2020,47,6383,1,303,0.05,5079.34
Aosta,281,30/11/2020,45,6428,4,307,0.05,5115.15
Aosta,282,01/12/2020,25,6453,2,309,0.05,5135.04
Aosta,283,02/12/2020,40,6493,5,314,0.05,5166.87
Aosta,284,03/12/2020,42,6535,2,316,0.05,5200.29
Aosta,285,04/12/2020,27,6562,2,318,0.05,5221.78
Aosta,286,05/12/2020,46,6608,4,322,0.05,5258.38
Aosta,287,06/12/2020,34,6642,3,325,0.05,5285.44
Aosta,288,07/12/2020,20,6662,2,327,0.05,5301.35
Aosta,289,08/12/2020,18,6680,4,331,0.05,5315.68
Aosta,290,09/12/2020,17,6697,4,335,0.05,5329.21
Aosta,291,10/12/2020,18,6715,1,336,0.05,5343.53
Aosta,292,11/12/2020,7,6722,3,339,0.05,5349.1
Aosta,293,12/12/2020,25,6747,4,343,0.05,5368.99
Aosta,294,13/12/2020,34,6781,2,345,0.05,5396.05
Aosta,295,14/12/2020,14,6795,0,345,0.05,5407.19
Aosta,296,15/12/2020,20,6815,3,348,0.05,5423.11
Aosta,297,16/12/2020,38,6853,4,352,0.05,5453.34
