Province,Day,Date,New_cases,Curr_pos_cases,Deaths,Tot_deaths,Lethality_rate,Cumul_rates
Padova,1,24/02/2020,0,0,0,0,0,0
Padova,2,25/02/2020,30,30,0,0,0,3.2
Padova,3,26/02/2020,10,40,0,0,0,4.26
Padova,4,27/02/2020,19,59,0,0,0,6.29
Padova,5,28/02/2020,9,68,0,0,0,7.25
Padova,6,29/02/2020,13,81,0,0,0,8.64
Padova,7,01/03/2020,24,105,0,0,0,11.2
Padova,8,02/03/2020,30,135,0,0,0,14.39
Padova,9,03/03/2020,9,144,0,0,0,15.35
Padova,10,04/03/2020,18,162,0,0,0,17.27
Padova,11,05/03/2020,13,175,0,0,0,18.66
Padova,12,06/03/2020,23,198,0,0,0,21.11
Padova,13,07/03/2020,18,216,0,0,0,23.03
Padova,14,08/03/2020,39,255,0,0,0,27.19
Padova,15,09/03/2020,18,273,0,0,0,29.11
Padova,16,10/03/2020,23,296,0,0,0,31.56
Padova,17,11/03/2020,77,373,0,0,0,39.77
Padova,18,12/03/2020,66,439,0,0,0,46.81
Padova,19,13/03/2020,84,523,0,0,0,55.76
Padova,20,14/03/2020,88,611,0,0,0,65.14
Padova,21,15/03/2020,47,658,0,0,0,70.16
Padova,22,16/03/2020,57,715,0,0,0,76.23
Padova,23,17/03/2020,66,781,0,0,0,83.27
Padova,24,18/03/2020,101,882,0,0,0,94.04
Padova,25,19/03/2020,42,924,0,0,0,98.52
Padova,26,20/03/2020,102,1026,0,0,0,109.39
Padova,27,21/03/2020,129,1155,0,0,0,123.15
Padova,28,22/03/2020,122,1277,0,0,0,136.15
Padova,29,23/03/2020,94,1371,0,0,0,146.18
Padova,30,24/03/2020,93,1464,0,0,0,156.09
Padova,31,25/03/2020,172,1636,0,0,0,174.43
Padova,32,26/03/2020,141,1777,0,0,0,189.46
Padova,33,27/03/2020,114,1891,0,0,0,201.62
Padova,34,28/03/2020,118,2009,0,0,0,214.2
Padova,35,29/03/2020,115,2124,0,0,0,226.46
Padova,36,30/03/2020,64,2188,0,0,0,233.29
Padova,37,31/03/2020,76,2264,0,0,0,241.39
Padova,38,01/04/2020,104,2368,0,0,0,252.48
Padova,39,02/04/2020,121,2489,0,0,0,265.38
Padova,40,03/04/2020,64,2553,0,0,0,272.2
Padova,41,04/04/2020,79,2632,0,0,0,280.62
Padova,42,05/04/2020,112,2744,0,0,0,292.57
Padova,43,06/04/2020,119,2863,0,0,0,305.25
Padova,44,07/04/2020,102,2965,0,0,0,316.13
Padova,45,08/04/2020,91,3056,0,0,0,325.83
Padova,46,09/04/2020,78,3134,0,0,0,334.15
Padova,47,10/04/2020,72,3206,0,0,0,341.82
Padova,48,11/04/2020,44,3250,0,0,0,346.52
Padova,49,12/04/2020,60,3310,0,0,0,352.91
Padova,50,13/04/2020,44,3354,0,0,0,357.6
Padova,51,14/04/2020,53,3407,0,0,0,363.26
Padova,52,15/04/2020,43,3450,0,0,0,367.84
Padova,53,16/04/2020,87,3537,0,0,0,377.12
Padova,54,17/04/2020,54,3591,0,0,0,382.87
Padova,55,18/04/2020,42,3633,0,0,0,387.35
Padova,56,19/04/2020,34,3667,4,4,0.001,390.98
Padova,57,20/04/2020,26,3693,5,9,0.002,393.75
Padova,58,21/04/2020,28,3721,5,14,0.004,396.73
Padova,59,22/04/2020,30,3751,4,18,0.005,399.93
Padova,60,23/04/2020,18,3769,3,21,0.006,401.85
Padova,61,24/04/2020,25,3794,10,31,0.008,404.52
Padova,62,25/04/2020,8,3802,5,36,0.009,405.37
Padova,63,26/04/2020,16,3818,1,37,0.01,407.08
Padova,64,27/04/2020,9,3827,4,41,0.011,408.04
Padova,65,28/04/2020,9,3836,2,43,0.011,409
Padova,66,29/04/2020,0,3836,2,45,0.012,409
Padova,67,30/04/2020,15,3851,4,49,0.013,410.59
Padova,68,01/05/2020,11,3862,5,54,0.014,411.77
Padova,69,02/05/2020,5,3867,2,56,0.014,412.3
Padova,70,03/05/2020,0,3867,1,57,0.015,412.3
Padova,71,04/05/2020,4,3871,1,58,0.015,412.73
Padova,72,05/05/2020,5,3876,1,59,0.015,413.26
Padova,73,06/05/2020,3,3879,1,60,0.015,413.58
Padova,74,07/05/2020,6,3885,0,60,0.015,414.22
Padova,75,08/05/2020,4,3889,0,60,0.015,414.65
Padova,76,09/05/2020,2,3891,0,60,0.015,414.86
Padova,77,10/05/2020,4,3895,0,60,0.015,415.29
Padova,78,11/05/2020,5,3900,1,61,0.016,415.82
Padova,79,12/05/2020,3,3903,4,65,0.017,416.14
Padova,80,13/05/2020,1,3904,3,68,0.017,416.25
Padova,81,14/05/2020,3,3907,4,72,0.018,416.57
Padova,82,15/05/2020,1,3908,0,72,0.018,416.67
Padova,83,16/05/2020,4,3912,0,72,0.018,417.1
Padova,84,17/05/2020,2,3914,0,72,0.018,417.31
Padova,85,18/05/2020,1,3915,0,72,0.018,417.42
Padova,86,19/05/2020,1,3916,4,76,0.019,417.52
Padova,87,20/05/2020,3,3919,2,78,0.02,417.84
Padova,88,21/05/2020,4,3923,0,78,0.02,418.27
Padova,89,22/05/2020,3,3926,1,79,0.02,418.59
Padova,90,23/05/2020,1,3927,0,79,0.02,418.7
Padova,91,24/05/2020,0,3927,2,81,0.021,418.7
Padova,92,25/05/2020,1,3928,0,81,0.021,418.8
Padova,93,26/05/2020,1,3929,0,81,0.021,418.91
Padova,94,27/05/2020,0,3929,3,84,0.021,418.91
Padova,95,28/05/2020,1,3930,2,86,0.022,419.02
Padova,96,29/05/2020,1,3931,0,86,0.022,419.12
Padova,97,30/05/2020,0,3931,1,87,0.022,419.12
Padova,98,31/05/2020,1,3932,2,89,0.023,419.23
Padova,99,01/06/2020,1,3933,0,89,0.023,419.34
Padova,100,02/06/2020,0,3933,3,92,0.023,419.34
Padova,101,03/06/2020,-1,3932,0,92,0.023,419.23
Padova,102,04/06/2020,0,3932,4,96,0.024,419.23
Padova,103,05/06/2020,0,3932,0,96,0.024,419.23
Padova,104,06/06/2020,1,3933,3,99,0.025,419.34
Padova,105,07/06/2020,0,3933,1,100,0.025,419.34
Padova,106,08/06/2020,0,3933,0,100,0.025,419.34
Padova,107,09/06/2020,1,3934,3,103,0.026,419.44
Padova,108,10/06/2020,1,3935,0,103,0.026,419.55
Padova,109,11/06/2020,-1,3934,0,103,0.026,419.44
Padova,110,12/06/2020,-1,3933,0,103,0.026,419.34
Padova,111,13/06/2020,9,3942,1,104,0.026,420.3
Padova,112,14/06/2020,0,3942,0,104,0.026,420.3
Padova,113,15/06/2020,1,3943,0,104,0.026,420.4
Padova,114,16/06/2020,0,3943,0,104,0.026,420.4
Padova,115,17/06/2020,0,3943,0,104,0.026,420.4
Padova,116,18/06/2020,1,3944,1,105,0.027,420.51
Padova,117,19/06/2020,0,3944,0,105,0.027,420.51
Padova,118,20/06/2020,0,3944,1,106,0.027,420.51
Padova,119,21/06/2020,0,3944,0,106,0.027,420.51
Padova,120,22/06/2020,0,3944,1,107,0.027,420.51
Padova,121,23/06/2020,-1,3943,0,107,0.027,420.4
Padova,122,24/06/2020,1,3944,0,107,0.027,420.51
Padova,123,25/06/2020,3,3947,0,107,0.027,420.83
Padova,124,26/06/2020,1,3948,0,107,0.027,420.94
Padova,125,27/06/2020,1,3949,0,107,0.027,421.04
Padova,126,28/06/2020,0,3949,1,108,0.027,421.04
Padova,127,29/06/2020,1,3950,0,108,0.027,421.15
Padova,128,30/06/2020,4,3954,1,109,0.028,421.58
Padova,129,01/07/2020,-1,3953,1,110,0.028,421.47
Padova,130,02/07/2020,5,3958,0,110,0.028,422
Padova,131,03/07/2020,0,3958,0,110,0.028,422
Padova,132,04/07/2020,1,3959,0,110,0.028,422.11
Padova,133,05/07/2020,2,3961,0,110,0.028,422.32
Padova,134,06/07/2020,1,3962,1,111,0.028,422.43
Padova,135,07/07/2020,3,3965,4,115,0.029,422.75
Padova,136,08/07/2020,4,3969,0,115,0.029,423.18
Padova,137,09/07/2020,6,3975,1,116,0.029,423.82
Padova,138,10/07/2020,4,3979,0,116,0.029,424.24
Padova,139,11/07/2020,2,3981,0,116,0.029,424.46
Padova,140,12/07/2020,4,3985,0,116,0.029,424.88
Padova,141,13/07/2020,2,3987,0,116,0.029,425.09
Padova,142,14/07/2020,4,3991,0,116,0.029,425.52
Padova,143,15/07/2020,8,3999,1,117,0.029,426.37
Padova,144,16/07/2020,12,4011,1,118,0.029,427.65
Padova,145,17/07/2020,17,4028,0,118,0.029,429.47
Padova,146,18/07/2020,15,4043,0,118,0.029,431.07
Padova,147,19/07/2020,31,4074,1,119,0.029,434.37
Padova,148,20/07/2020,34,4108,0,119,0.029,438
Padova,149,21/07/2020,11,4119,1,120,0.029,439.17
Padova,150,22/07/2020,17,4136,2,122,0.029,440.98
Padova,151,23/07/2020,21,4157,0,122,0.029,443.22
Padova,152,24/07/2020,12,4169,0,122,0.029,444.5
Padova,153,25/07/2020,14,4183,0,122,0.029,445.99
Padova,154,26/07/2020,14,4197,0,122,0.029,447.49
Padova,155,27/07/2020,3,4200,0,122,0.029,447.81
Padova,156,28/07/2020,4,4204,1,123,0.029,448.23
Padova,157,29/07/2020,7,4211,0,123,0.029,448.98
Padova,158,30/07/2020,13,4224,0,123,0.029,450.36
Padova,159,31/07/2020,18,4242,0,123,0.029,452.28
Padova,160,01/08/2020,10,4252,1,124,0.029,453.35
Padova,161,02/08/2020,20,4272,0,124,0.029,455.48
Padova,162,03/08/2020,10,4282,0,124,0.029,456.55
Padova,163,04/08/2020,4,4286,0,124,0.029,456.97
Padova,164,05/08/2020,12,4298,0,124,0.029,458.25
Padova,165,06/08/2020,13,4311,0,124,0.029,459.64
Padova,166,07/08/2020,23,4334,0,124,0.029,462.09
Padova,167,08/08/2020,11,4345,1,125,0.029,463.27
Padova,168,09/08/2020,12,4357,0,125,0.029,464.54
Padova,169,10/08/2020,3,4360,0,125,0.029,464.86
Padova,170,11/08/2020,15,4375,2,127,0.029,466.46
Padova,171,12/08/2020,8,4383,0,127,0.029,467.32
Padova,172,13/08/2020,26,4409,0,127,0.029,470.09
Padova,173,14/08/2020,13,4422,0,127,0.029,471.47
Padova,174,15/08/2020,11,4433,1,128,0.029,472.65
Padova,175,16/08/2020,14,4447,0,128,0.029,474.14
Padova,176,17/08/2020,10,4457,0,128,0.029,475.21
Padova,177,18/08/2020,9,4466,0,128,0.029,476.17
Padova,178,19/08/2020,10,4476,0,128,0.029,477.23
Padova,179,20/08/2020,14,4490,0,128,0.029,478.72
Padova,180,21/08/2020,19,4509,1,129,0.029,480.75
Padova,181,22/08/2020,24,4533,1,130,0.029,483.31
Padova,182,23/08/2020,23,4556,0,130,0.029,485.76
Padova,183,24/08/2020,15,4571,0,130,0.028,487.36
Padova,184,25/08/2020,19,4590,0,130,0.028,489.39
Padova,185,26/08/2020,32,4622,0,130,0.028,492.8
Padova,186,27/08/2020,23,4645,0,130,0.028,495.25
Padova,187,28/08/2020,11,4656,0,130,0.028,496.42
Padova,188,29/08/2020,20,4676,0,130,0.028,498.56
Padova,189,30/08/2020,34,4710,0,130,0.028,502.18
Padova,190,31/08/2020,13,4723,0,130,0.028,503.57
Padova,191,01/09/2020,4,4727,0,130,0.028,503.99
Padova,192,02/09/2020,19,4746,0,130,0.027,506.02
Padova,193,03/09/2020,26,4772,0,130,0.027,508.79
Padova,194,04/09/2020,29,4801,0,130,0.027,511.88
Padova,195,05/09/2020,19,4820,0,130,0.027,513.91
Padova,196,06/09/2020,30,4850,0,130,0.027,517.11
Padova,197,07/09/2020,2,4852,0,130,0.027,517.32
Padova,198,08/09/2020,6,4858,0,130,0.027,517.96
Padova,199,09/09/2020,14,4872,0,130,0.027,519.45
Padova,200,10/09/2020,11,4883,0,130,0.027,520.63
Padova,201,11/09/2020,14,4897,2,132,0.027,522.12
Padova,202,12/09/2020,13,4910,1,133,0.027,523.51
Padova,203,13/09/2020,14,4924,0,133,0.027,525
Padova,204,14/09/2020,7,4931,1,134,0.027,525.74
Padova,205,15/09/2020,6,4937,0,134,0.027,526.38
Padova,206,16/09/2020,24,4961,0,134,0.027,528.94
Padova,207,17/09/2020,9,4970,0,134,0.027,529.9
Padova,208,18/09/2020,17,4987,1,135,0.027,531.72
Padova,209,19/09/2020,32,5019,0,135,0.027,535.13
Padova,210,20/09/2020,35,5054,0,135,0.027,538.86
Padova,211,21/09/2020,14,5068,0,135,0.027,540.35
Padova,212,22/09/2020,23,5091,1,136,0.027,542.8
Padova,213,23/09/2020,13,5104,0,136,0.027,544.19
Padova,214,24/09/2020,69,5173,0,136,0.026,551.55
Padova,215,25/09/2020,35,5208,0,136,0.026,555.28
Padova,216,26/09/2020,30,5238,0,136,0.026,558.48
Padova,217,27/09/2020,27,5265,0,136,0.026,561.36
Padova,218,28/09/2020,31,5296,0,136,0.026,564.66
Padova,219,29/09/2020,15,5311,0,136,0.026,566.26
Padova,220,30/09/2020,28,5339,1,137,0.026,569.25
Padova,221,01/10/2020,38,5377,1,138,0.026,573.3
Padova,222,02/10/2020,6,5383,0,138,0.026,573.94
Padova,223,03/10/2020,40,5423,1,139,0.026,578.2
Padova,224,04/10/2020,24,5447,0,139,0.026,580.76
Padova,225,05/10/2020,33,5480,0,139,0.025,584.28
Padova,226,06/10/2020,33,5513,0,139,0.025,587.8
Padova,227,07/10/2020,23,5536,0,139,0.025,590.25
Padova,228,08/10/2020,41,5577,2,141,0.025,594.62
Padova,229,09/10/2020,93,5670,0,141,0.025,604.54
Padova,230,10/10/2020,91,5761,0,141,0.024,614.24
Padova,231,11/10/2020,79,5840,0,141,0.024,622.66
Padova,232,12/10/2020,62,5902,0,141,0.024,629.27
Padova,233,13/10/2020,78,5980,0,141,0.024,637.59
Padova,234,14/10/2020,91,6071,0,141,0.023,647.29
Padova,235,15/10/2020,85,6156,8,149,0.024,656.35
Padova,236,16/10/2020,131,6287,0,149,0.024,670.32
Padova,237,17/10/2020,130,6417,6,155,0.024,684.18
Padova,238,18/10/2020,186,6603,0,155,0.023,704.01
Padova,239,19/10/2020,156,6759,0,155,0.023,720.65
Padova,240,20/10/2020,78,6837,0,155,0.023,728.96
Padova,241,21/10/2020,180,7017,1,156,0.022,748.15
Padova,242,22/10/2020,311,7328,0,156,0.021,781.31
Padova,243,23/10/2020,221,7549,0,156,0.021,804.88
Padova,244,24/10/2020,388,7937,0,156,0.02,846.25
Padova,245,25/10/2020,240,8177,0,156,0.019,871.83
Padova,246,26/10/2020,353,8530,0,156,0.018,909.47
Padova,247,27/10/2020,296,8826,2,158,0.018,941.03
Padova,248,28/10/2020,305,9131,2,160,0.018,973.55
Padova,249,29/10/2020,483,9614,4,164,0.017,1025.05
Padova,250,30/10/2020,624,10238,3,167,0.016,1091.58
Padova,251,31/10/2020,734,10972,1,168,0.015,1169.84
Padova,252,01/11/2020,541,11513,1,169,0.015,1227.52
Padova,253,02/11/2020,504,12017,0,169,0.014,1281.26
Padova,254,03/11/2020,380,12397,3,172,0.014,1321.77
Padova,255,04/11/2020,551,12948,1,173,0.013,1380.52
Padova,256,05/11/2020,546,13494,6,179,0.013,1438.73
Padova,257,06/11/2020,459,13953,190,369,0.026,1487.67
Padova,258,07/11/2020,627,14580,4,373,0.026,1554.52
Padova,259,08/11/2020,487,15067,2,375,0.025,1606.45
Padova,260,09/11/2020,543,15610,0,375,0.024,1664.34
Padova,261,10/11/2020,548,16158,5,380,0.024,1722.77
Padova,262,11/11/2020,514,16672,2,382,0.023,1777.57
Padova,263,12/11/2020,617,17289,7,389,0.022,1843.36
Padova,264,13/11/2020,668,17957,4,393,0.022,1914.58
Padova,265,14/11/2020,576,18533,6,399,0.022,1975.99
Padova,266,15/11/2020,479,19012,6,405,0.021,2027.06
Padova,267,16/11/2020,590,19602,6,411,0.021,2089.97
Padova,268,17/11/2020,495,20097,11,422,0.021,2142.75
Padova,269,18/11/2020,413,20510,8,430,0.021,2186.78
Padova,270,19/11/2020,773,21283,9,439,0.021,2269.2
Padova,271,20/11/2020,724,22007,7,446,0.02,2346.39
Padova,272,21/11/2020,704,22711,8,454,0.02,2421.45
Padova,273,22/11/2020,589,23300,1,455,0.02,2484.25
Padova,274,23/11/2020,587,23887,6,461,0.019,2546.84
Padova,275,24/11/2020,327,24214,7,468,0.019,2581.7
Padova,276,25/11/2020,566,24780,5,473,0.019,2642.05
Padova,277,26/11/2020,587,25367,5,478,0.019,2704.64
Padova,278,27/11/2020,705,26072,9,487,0.019,2779.8
Padova,279,28/11/2020,650,26722,11,498,0.019,2849.11
Padova,280,29/11/2020,521,27243,3,501,0.018,2904.66
Padova,281,30/11/2020,428,27671,5,506,0.018,2950.29
Padova,282,01/12/2020,398,28069,13,519,0.018,2992.72
Padova,283,02/12/2020,524,28593,4,523,0.018,3048.59
Padova,284,03/12/2020,688,29281,21,544,0.019,3121.95
Padova,285,04/12/2020,672,29953,10,554,0.018,3193.6
Padova,286,05/12/2020,588,30541,8,562,0.018,3256.29
Padova,287,06/12/2020,532,31073,5,567,0.018,3313.01
Padova,288,07/12/2020,413,31486,7,574,0.018,3357.05
Padova,289,08/12/2020,535,32021,23,597,0.019,3414.09
Padova,290,09/12/2020,451,32472,6,603,0.019,3462.17
Padova,291,10/12/2020,653,33125,19,622,0.019,3531.8
Padova,292,11/12/2020,613,33738,6,628,0.019,3597.15
Padova,293,12/12/2020,806,34544,13,641,0.019,3683.09
Padova,294,13/12/2020,540,35084,3,644,0.018,3740.67
Padova,295,14/12/2020,618,35702,7,651,0.018,3806.56
Padova,296,15/12/2020,541,36243,14,665,0.018,3864.24
Padova,297,16/12/2020,552,36795,17,682,0.019,3923.09
Padova,298,17/12/2020,702,37497,19,701,0.019,3997.94
Padova,299,18/12/2020,782,38279,14,715,0.019,4081.32
Padova,300,19/12/2020,701,38980,13,728,0.019,4156.06
Padova,301,20/12/2020,664,39644,6,734,0.019,4226.85
Padova,302,21/12/2020,612,40256,9,743,0.018,4292.11
Padova,303,22/12/2020,578,40834,15,758,0.019,4353.73
Padova,304,23/12/2020,531,41365,11,769,0.019,4410.35
Padova,305,24/12/2020,554,41919,12,781,0.019,4469.41
Padova,306,25/12/2020,794,42713,13,794,0.019,4554.07
Padova,307,26/12/2020,532,43245,11,805,0.019,4610.79
Padova,308,27/12/2020,618,43863,14,819,0.019,4676.68
Padova,309,28/12/2020,639,44502,17,836,0.019,4744.82
Padova,310,29/12/2020,569,45071,28,864,0.019,4805.48
Padova,311,30/12/2020,516,45587,12,876,0.019,4860.5
Padova,312,31/12/2020,787,46374,22,898,0.019,4944.41
Padova,313,01/01/2021,412,46786,16,914,0.02,4988.34
Padova,314,02/01/2021,535,47321,11,925,0.02,5045.38
Padova,315,03/01/2021,789,48110,12,937,0.019,5129.5
Padova,316,04/01/2021,245,48355,12,949,0.02,5155.62
Padova,317,05/01/2021,938,49293,28,977,0.02,5255.63
Padova,318,06/01/2021,484,49777,26,1003,0.02,5307.24
Padova,319,07/01/2021,497,50274,7,1010,0.02,5360.23
Padova,320,08/01/2021,852,51126,19,1029,0.02,5451.07
Padova,321,09/01/2021,538,51664,13,1042,0.02,5508.43
Padova,322,10/01/2021,305,51969,15,1057,0.02,5540.95
Padova,323,11/01/2021,514,52483,17,1074,0.02,5595.75
Padova,324,12/01/2021,355,52838,14,1088,0.021,5633.6
Padova,325,13/01/2021,352,53190,17,1105,0.021,5671.13
Padova,326,14/01/2021,463,53653,9,1114,0.021,5720.5
Padova,327,15/01/2021,276,53929,21,1135,0.021,5749.92
Padova,328,16/01/2021,366,54295,4,1139,0.021,5788.95
Padova,329,17/01/2021,335,54630,6,1145,0.021,5824.67
Padova,330,18/01/2021,174,54804,0,1145,0.021,5843.22
