Province,Day,Date,New_cases,Curr_pos_cases,Deaths,Tot_deaths,Lethality_rate,Cumul_rates
Rovigo,1,24/02/2020,0,0,0,0,0,0
Rovigo,2,25/02/2020,0,0,0,0,0,0
Rovigo,3,26/02/2020,0,0,0,0,0,0
Rovigo,4,27/02/2020,0,0,0,0,0,0
Rovigo,5,28/02/2020,0,0,0,0,0,0
Rovigo,6,29/02/2020,0,0,0,0,0,0
Rovigo,7,01/03/2020,0,0,0,0,0,0
Rovigo,8,02/03/2020,0,0,0,0,0,0
Rovigo,9,03/03/2020,1,1,0,0,0,0.43
Rovigo,10,04/03/2020,3,4,0,0,0,1.7
Rovigo,11,05/03/2020,1,5,0,0,0,2.13
Rovigo,12,06/03/2020,0,5,0,0,0,2.13
Rovigo,13,07/03/2020,0,5,0,0,0,2.13
Rovigo,14,08/03/2020,0,5,0,0,0,2.13
Rovigo,15,09/03/2020,2,7,0,0,0,2.98
Rovigo,16,10/03/2020,3,10,0,0,0,4.26
Rovigo,17,11/03/2020,4,14,0,0,0,5.96
Rovigo,18,12/03/2020,-1,13,0,0,0,5.53
Rovigo,19,13/03/2020,3,16,0,0,0,6.81
Rovigo,20,14/03/2020,11,27,0,0,0,11.49
Rovigo,21,15/03/2020,0,27,0,0,0,11.49
Rovigo,22,16/03/2020,0,27,0,0,0,11.49
Rovigo,23,17/03/2020,1,28,0,0,0,11.92
Rovigo,24,18/03/2020,5,33,0,0,0,14.05
Rovigo,25,19/03/2020,19,52,0,0,0,22.13
Rovigo,26,20/03/2020,15,67,0,0,0,28.52
Rovigo,27,21/03/2020,1,68,0,0,0,28.94
Rovigo,28,22/03/2020,8,76,0,0,0,32.35
Rovigo,29,23/03/2020,4,80,0,0,0,34.05
Rovigo,30,24/03/2020,2,82,0,0,0,34.9
Rovigo,31,25/03/2020,5,87,0,0,0,37.03
Rovigo,32,26/03/2020,23,110,0,0,0,46.82
Rovigo,33,27/03/2020,12,122,0,0,0,51.93
Rovigo,34,28/03/2020,0,122,0,0,0,51.93
Rovigo,35,29/03/2020,3,125,0,0,0,53.21
Rovigo,36,30/03/2020,6,131,0,0,0,55.76
Rovigo,37,31/03/2020,5,136,0,0,0,57.89
Rovigo,38,01/04/2020,4,140,0,0,0,59.59
Rovigo,39,02/04/2020,12,152,0,0,0,64.7
Rovigo,40,03/04/2020,28,180,0,0,0,76.62
Rovigo,41,04/04/2020,4,184,0,0,0,78.32
Rovigo,42,05/04/2020,2,186,0,0,0,79.17
Rovigo,43,06/04/2020,17,203,0,0,0,86.41
Rovigo,44,07/04/2020,15,218,0,0,0,92.79
Rovigo,45,08/04/2020,14,232,0,0,0,98.75
Rovigo,46,09/04/2020,17,249,0,0,0,105.99
Rovigo,47,10/04/2020,22,271,0,0,0,115.35
Rovigo,48,11/04/2020,3,274,0,0,0,116.63
Rovigo,49,12/04/2020,6,280,0,0,0,119.18
Rovigo,50,13/04/2020,0,280,0,0,0,119.18
Rovigo,51,14/04/2020,7,287,0,0,0,122.16
Rovigo,52,15/04/2020,4,291,0,0,0,123.86
Rovigo,53,16/04/2020,6,297,0,0,0,126.42
Rovigo,54,17/04/2020,4,301,0,0,0,128.12
Rovigo,55,18/04/2020,5,306,0,0,0,130.25
Rovigo,56,19/04/2020,0,306,0,0,0,130.25
Rovigo,57,20/04/2020,1,307,2,2,0.01,130.67
Rovigo,58,21/04/2020,62,369,1,3,0.01,157.06
Rovigo,59,22/04/2020,31,400,0,3,0.01,170.26
Rovigo,60,23/04/2020,3,403,1,4,0.01,171.54
Rovigo,61,24/04/2020,10,413,3,7,0.02,175.79
Rovigo,62,25/04/2020,3,416,0,7,0.02,177.07
Rovigo,63,26/04/2020,1,417,0,7,0.02,177.49
Rovigo,64,27/04/2020,5,422,0,7,0.02,179.62
Rovigo,65,28/04/2020,2,424,1,8,0.02,180.47
Rovigo,66,29/04/2020,2,426,1,9,0.02,181.33
Rovigo,67,30/04/2020,1,427,1,10,0.02,181.75
Rovigo,68,01/05/2020,3,430,0,10,0.02,183.03
Rovigo,69,02/05/2020,0,430,0,10,0.02,183.03
Rovigo,70,03/05/2020,1,431,0,10,0.02,183.45
Rovigo,71,04/05/2020,-1,430,0,10,0.02,183.03
Rovigo,72,05/05/2020,-1,429,0,10,0.02,182.6
Rovigo,73,06/05/2020,1,430,0,10,0.02,183.03
Rovigo,74,07/05/2020,-1,429,0,10,0.02,182.6
Rovigo,75,08/05/2020,0,429,0,10,0.02,182.6
Rovigo,76,09/05/2020,1,430,0,10,0.02,183.03
Rovigo,77,10/05/2020,2,432,0,10,0.02,183.88
Rovigo,78,11/05/2020,1,433,0,10,0.02,184.3
Rovigo,79,12/05/2020,0,433,0,10,0.02,184.3
Rovigo,80,13/05/2020,2,435,1,11,0.03,185.16
Rovigo,81,14/05/2020,1,436,2,13,0.03,185.58
Rovigo,82,15/05/2020,1,437,0,13,0.03,186.01
Rovigo,83,16/05/2020,0,437,0,13,0.03,186.01
Rovigo,84,17/05/2020,1,438,0,13,0.03,186.43
Rovigo,85,18/05/2020,1,439,0,13,0.03,186.86
Rovigo,86,19/05/2020,1,440,0,13,0.03,187.28
Rovigo,87,20/05/2020,0,440,0,13,0.03,187.28
Rovigo,88,21/05/2020,0,440,0,13,0.03,187.28
Rovigo,89,22/05/2020,1,441,0,13,0.03,187.71
Rovigo,90,23/05/2020,0,441,0,13,0.03,187.71
Rovigo,91,24/05/2020,1,442,0,13,0.03,188.14
Rovigo,92,25/05/2020,0,442,0,13,0.03,188.14
Rovigo,93,26/05/2020,0,442,0,13,0.03,188.14
Rovigo,94,27/05/2020,0,442,0,13,0.03,188.14
Rovigo,95,28/05/2020,0,442,0,13,0.03,188.14
Rovigo,96,29/05/2020,0,442,0,13,0.03,188.14
Rovigo,97,30/05/2020,0,442,0,13,0.03,188.14
Rovigo,98,31/05/2020,0,442,0,13,0.03,188.14
Rovigo,99,01/06/2020,0,442,0,13,0.03,188.14
Rovigo,100,02/06/2020,0,442,0,13,0.03,188.14
Rovigo,101,03/06/2020,0,442,0,13,0.03,188.14
Rovigo,102,04/06/2020,0,442,0,13,0.03,188.14
Rovigo,103,05/06/2020,0,442,0,13,0.03,188.14
Rovigo,104,06/06/2020,0,442,0,13,0.03,188.14
Rovigo,105,07/06/2020,0,442,0,13,0.03,188.14
Rovigo,106,08/06/2020,1,443,0,13,0.03,188.56
Rovigo,107,09/06/2020,0,443,0,13,0.03,188.56
Rovigo,108,10/06/2020,0,443,0,13,0.03,188.56
Rovigo,109,11/06/2020,0,443,0,13,0.03,188.56
Rovigo,110,12/06/2020,-1,442,0,13,0.03,188.14
Rovigo,111,13/06/2020,1,443,0,13,0.03,188.56
Rovigo,112,14/06/2020,0,443,0,13,0.03,188.56
Rovigo,113,15/06/2020,0,443,0,13,0.03,188.56
Rovigo,114,16/06/2020,0,443,0,13,0.03,188.56
Rovigo,115,17/06/2020,0,443,1,14,0.03,188.56
Rovigo,116,18/06/2020,0,443,0,14,0.03,188.56
Rovigo,117,19/06/2020,0,443,0,14,0.03,188.56
Rovigo,118,20/06/2020,0,443,0,14,0.03,188.56
Rovigo,119,21/06/2020,0,443,0,14,0.03,188.56
Rovigo,120,22/06/2020,0,443,0,14,0.03,188.56
Rovigo,121,23/06/2020,2,445,1,15,0.03,189.41
Rovigo,122,24/06/2020,-1,444,0,15,0.03,188.99
Rovigo,123,25/06/2020,0,444,0,15,0.03,188.99
Rovigo,124,26/06/2020,0,444,36,51,0.12,188.99
Rovigo,125,27/06/2020,0,444,0,51,0.12,188.99
Rovigo,126,28/06/2020,0,444,0,51,0.12,188.99
Rovigo,127,29/06/2020,0,444,0,51,0.12,188.99
Rovigo,128,30/06/2020,0,444,0,51,0.12,188.99
Rovigo,129,01/07/2020,0,444,0,51,0.12,188.99
Rovigo,130,02/07/2020,0,444,0,51,0.12,188.99
Rovigo,131,03/07/2020,0,444,0,51,0.12,188.99
Rovigo,132,04/07/2020,0,444,0,51,0.12,188.99
Rovigo,133,05/07/2020,0,444,0,51,0.12,188.99
Rovigo,134,06/07/2020,0,444,0,51,0.12,188.99
Rovigo,135,07/07/2020,0,444,0,51,0.12,188.99
Rovigo,136,08/07/2020,0,444,0,51,0.12,188.99
Rovigo,137,09/07/2020,1,445,0,51,0.12,189.41
Rovigo,138,10/07/2020,1,446,0,51,0.11,189.84
Rovigo,139,11/07/2020,-1,445,0,51,0.12,189.41
Rovigo,140,12/07/2020,0,445,0,51,0.12,189.41
Rovigo,141,13/07/2020,0,445,0,51,0.12,189.41
Rovigo,142,14/07/2020,1,446,0,51,0.11,189.84
Rovigo,143,15/07/2020,0,446,0,51,0.11,189.84
Rovigo,144,16/07/2020,2,448,0,51,0.11,190.69
Rovigo,145,17/07/2020,0,448,0,51,0.11,190.69
Rovigo,146,18/07/2020,0,448,0,51,0.11,190.69
Rovigo,147,19/07/2020,3,451,0,51,0.11,191.97
Rovigo,148,20/07/2020,1,452,0,51,0.11,192.39
Rovigo,149,21/07/2020,0,452,0,51,0.11,192.39
Rovigo,150,22/07/2020,3,455,0,51,0.11,193.67
Rovigo,151,23/07/2020,2,457,0,51,0.11,194.52
Rovigo,152,24/07/2020,2,459,0,51,0.11,195.37
Rovigo,153,25/07/2020,0,459,0,51,0.11,195.37
Rovigo,154,26/07/2020,0,459,0,51,0.11,195.37
Rovigo,155,27/07/2020,0,459,0,51,0.11,195.37
Rovigo,156,28/07/2020,-1,458,0,51,0.11,194.95
Rovigo,157,29/07/2020,0,458,0,51,0.11,194.95
Rovigo,158,30/07/2020,0,458,0,51,0.11,194.95
Rovigo,159,31/07/2020,1,459,0,51,0.11,195.37
Rovigo,160,01/08/2020,2,461,0,51,0.11,196.22
Rovigo,161,02/08/2020,0,461,0,51,0.11,196.22
Rovigo,162,03/08/2020,0,461,0,51,0.11,196.22
Rovigo,163,04/08/2020,3,464,0,51,0.11,197.5
Rovigo,164,05/08/2020,0,464,0,51,0.11,197.5
Rovigo,165,06/08/2020,3,467,0,51,0.11,198.78
Rovigo,166,07/08/2020,2,469,0,51,0.11,199.63
Rovigo,167,08/08/2020,1,470,0,51,0.11,200.05
Rovigo,168,09/08/2020,3,473,0,51,0.11,201.33
Rovigo,169,10/08/2020,2,475,0,51,0.11,202.18
Rovigo,170,11/08/2020,0,475,0,51,0.11,202.18
Rovigo,171,12/08/2020,1,476,0,51,0.11,202.61
Rovigo,172,13/08/2020,4,480,0,51,0.11,204.31
Rovigo,173,14/08/2020,2,482,0,51,0.11,205.16
Rovigo,174,15/08/2020,8,490,0,51,0.1,208.57
Rovigo,175,16/08/2020,6,496,0,51,0.1,211.12
Rovigo,176,17/08/2020,0,496,0,51,0.1,211.12
Rovigo,177,18/08/2020,0,496,0,51,0.1,211.12
Rovigo,178,19/08/2020,5,501,0,51,0.1,213.25
Rovigo,179,20/08/2020,6,507,0,51,0.1,215.8
Rovigo,180,21/08/2020,4,511,0,51,0.1,217.51
Rovigo,181,22/08/2020,0,511,0,51,0.1,217.51
Rovigo,182,23/08/2020,5,516,0,51,0.1,219.63
Rovigo,183,24/08/2020,1,517,0,51,0.1,220.06
Rovigo,184,25/08/2020,1,518,0,51,0.1,220.48
Rovigo,185,26/08/2020,4,522,0,51,0.1,222.19
Rovigo,186,27/08/2020,1,523,0,51,0.1,222.61
Rovigo,187,28/08/2020,1,524,0,51,0.1,223.04
Rovigo,188,29/08/2020,4,528,0,51,0.1,224.74
Rovigo,189,30/08/2020,7,535,0,51,0.1,227.72
Rovigo,190,31/08/2020,-1,534,0,51,0.1,227.29
Rovigo,191,01/09/2020,0,534,0,51,0.1,227.29
Rovigo,192,02/09/2020,2,536,0,51,0.1,228.15
Rovigo,193,03/09/2020,7,543,0,51,0.09,231.13
Rovigo,194,04/09/2020,2,545,0,51,0.09,231.98
Rovigo,195,05/09/2020,20,565,0,51,0.09,240.49
Rovigo,196,06/09/2020,9,574,0,51,0.09,244.32
Rovigo,197,07/09/2020,1,575,0,51,0.09,244.75
Rovigo,198,08/09/2020,4,579,0,51,0.09,246.45
Rovigo,199,09/09/2020,5,584,0,51,0.09,248.58
Rovigo,200,10/09/2020,12,596,0,51,0.09,253.69
Rovigo,201,11/09/2020,6,602,0,51,0.09,256.24
Rovigo,202,12/09/2020,2,604,1,52,0.09,257.09
Rovigo,203,13/09/2020,5,609,0,52,0.09,259.22
Rovigo,204,14/09/2020,1,610,0,52,0.09,259.64
Rovigo,205,15/09/2020,3,613,1,53,0.09,260.92
Rovigo,206,16/09/2020,7,620,3,56,0.09,263.9
Rovigo,207,17/09/2020,6,626,0,56,0.09,266.45
Rovigo,208,18/09/2020,-1,625,1,57,0.09,266.03
Rovigo,209,19/09/2020,6,631,2,59,0.09,268.58
Rovigo,210,20/09/2020,9,640,0,59,0.09,272.41
Rovigo,211,21/09/2020,2,642,0,59,0.09,273.26
Rovigo,212,22/09/2020,0,642,0,59,0.09,273.26
Rovigo,213,23/09/2020,3,645,0,59,0.09,274.54
Rovigo,214,24/09/2020,4,649,0,59,0.09,276.24
Rovigo,215,25/09/2020,3,652,1,60,0.09,277.52
Rovigo,216,26/09/2020,1,653,0,60,0.09,277.95
Rovigo,217,27/09/2020,3,656,1,61,0.09,279.22
Rovigo,218,28/09/2020,0,656,0,61,0.09,279.22
Rovigo,219,29/09/2020,0,656,0,61,0.09,279.22
Rovigo,220,30/09/2020,3,659,0,61,0.09,280.5
Rovigo,221,01/10/2020,1,660,0,61,0.09,280.93
Rovigo,222,02/10/2020,7,667,0,61,0.09,283.91
Rovigo,223,03/10/2020,2,669,0,61,0.09,284.76
Rovigo,224,04/10/2020,6,675,0,61,0.09,287.31
Rovigo,225,05/10/2020,0,675,0,61,0.09,287.31
Rovigo,226,06/10/2020,1,676,0,61,0.09,287.74
Rovigo,227,07/10/2020,1,677,0,61,0.09,288.16
Rovigo,228,08/10/2020,4,681,1,62,0.09,289.86
Rovigo,229,09/10/2020,4,685,1,63,0.09,291.57
Rovigo,230,10/10/2020,2,687,0,63,0.09,292.42
Rovigo,231,11/10/2020,5,692,0,63,0.09,294.55
Rovigo,232,12/10/2020,1,693,0,63,0.09,294.97
Rovigo,233,13/10/2020,8,701,0,63,0.09,298.38
Rovigo,234,14/10/2020,3,704,0,63,0.09,299.65
Rovigo,235,15/10/2020,19,723,1,64,0.09,307.74
Rovigo,236,16/10/2020,7,730,1,65,0.09,310.72
Rovigo,237,17/10/2020,19,749,0,65,0.09,318.81
Rovigo,238,18/10/2020,17,766,0,65,0.09,326.04
Rovigo,239,19/10/2020,27,793,0,65,0.08,337.54
Rovigo,240,20/10/2020,4,797,0,65,0.08,339.24
Rovigo,241,21/10/2020,14,811,1,66,0.08,345.2
Rovigo,242,22/10/2020,11,822,0,66,0.08,349.88
Rovigo,243,23/10/2020,48,870,0,66,0.08,370.31
Rovigo,244,24/10/2020,22,892,0,66,0.07,379.68
Rovigo,245,25/10/2020,66,958,0,66,0.07,407.77
Rovigo,246,26/10/2020,15,973,0,66,0.07,414.15
Rovigo,247,27/10/2020,76,1049,1,67,0.06,446.5
Rovigo,248,28/10/2020,36,1085,0,67,0.06,461.83
Rovigo,249,29/10/2020,48,1133,0,67,0.06,482.26
Rovigo,250,30/10/2020,120,1253,0,67,0.05,533.33
Rovigo,251,31/10/2020,77,1330,0,67,0.05,566.11
Rovigo,252,01/11/2020,74,1404,0,67,0.05,597.61
Rovigo,253,02/11/2020,57,1461,0,67,0.05,621.87
Rovigo,254,03/11/2020,83,1544,1,68,0.04,657.2
Rovigo,255,04/11/2020,78,1622,1,69,0.04,690.4
Rovigo,256,05/11/2020,67,1689,0,69,0.04,718.92
Rovigo,257,06/11/2020,91,1780,4,73,0.04,757.65
Rovigo,258,07/11/2020,133,1913,0,73,0.04,814.26
Rovigo,259,08/11/2020,103,2016,0,73,0.04,858.1
Rovigo,260,09/11/2020,126,2142,1,74,0.04,911.73
Rovigo,261,10/11/2020,38,2180,2,76,0.04,927.91
Rovigo,262,11/11/2020,101,2281,2,78,0.03,970.9
Rovigo,263,12/11/2020,118,2399,0,78,0.03,1021.12
Rovigo,264,13/11/2020,95,2494,2,80,0.03,1061.56
Rovigo,265,14/11/2020,111,2605,2,82,0.03,1108.81
Rovigo,266,15/11/2020,79,2684,0,82,0.03,1142.43
Rovigo,267,16/11/2020,57,2741,0,82,0.03,1166.7
Rovigo,268,17/11/2020,86,2827,0,82,0.03,1203.3
Rovigo,269,18/11/2020,75,2902,1,83,0.03,1235.22
Rovigo,270,19/11/2020,54,2956,0,83,0.03,1258.21
Rovigo,271,20/11/2020,133,3089,1,84,0.03,1314.82
Rovigo,272,21/11/2020,109,3198,0,84,0.03,1361.22
Rovigo,273,22/11/2020,85,3283,0,84,0.03,1397.4
Rovigo,274,23/11/2020,64,3347,0,84,0.03,1424.64
Rovigo,275,24/11/2020,87,3434,1,85,0.03,1461.67
Rovigo,276,25/11/2020,113,3547,0,85,0.02,1509.77
Rovigo,277,26/11/2020,102,3649,0,85,0.02,1553.18
Rovigo,278,27/11/2020,64,3713,1,86,0.02,1580.42
Rovigo,279,28/11/2020,61,3774,1,87,0.02,1606.39
Rovigo,280,29/11/2020,63,3837,2,89,0.02,1633.2
Rovigo,281,30/11/2020,53,3890,2,91,0.02,1655.76
Rovigo,282,01/12/2020,99,3989,0,91,0.02,1697.9
Rovigo,283,02/12/2020,138,4127,2,93,0.02,1756.64
Rovigo,284,03/12/2020,116,4243,2,95,0.02,1806.02
Rovigo,285,04/12/2020,82,4325,3,98,0.02,1840.92
Rovigo,286,05/12/2020,81,4406,3,101,0.02,1875.4
Rovigo,287,06/12/2020,171,4577,0,101,0.02,1948.18
Rovigo,288,07/12/2020,66,4643,1,102,0.02,1976.27
Rovigo,289,08/12/2020,85,4728,7,109,0.02,2012.45
Rovigo,290,09/12/2020,105,4833,1,110,0.02,2057.15
Rovigo,291,10/12/2020,126,4959,3,113,0.02,2110.78
Rovigo,292,11/12/2020,150,5109,7,120,0.02,2174.63
Rovigo,293,12/12/2020,117,5226,1,121,0.02,2224.43
Rovigo,294,13/12/2020,140,5366,0,121,0.02,2284.02
Rovigo,295,14/12/2020,59,5425,0,121,0.02,2309.13
Rovigo,296,15/12/2020,86,5511,10,131,0.02,2345.74
Rovigo,297,16/12/2020,140,5651,2,131,0.02,2405.33
Rovigo,298,17/12/2020,150,5801,0,131,0.02,2469.17
