Province,Day,Date,New_cases,Curr_pos_cases,Deaths,Tot_deaths,Lethality_rate,Cumul_rates
Treviso,1,24/02/2020,0,0,0,0,0,0
Treviso,2,25/02/2020,1,1,0,0,0,0.11
Treviso,3,26/02/2020,1,2,0,0,0,0.23
Treviso,4,27/02/2020,20,22,0,0,0,2.48
Treviso,5,28/02/2020,1,23,0,0,0,2.59
Treviso,6,29/02/2020,12,35,0,0,0,3.94
Treviso,7,01/03/2020,8,43,0,0,0,4.84
Treviso,8,02/03/2020,29,72,0,0,0,8.11
Treviso,9,03/03/2020,10,82,0,0,0,9.24
Treviso,10,04/03/2020,4,86,0,0,0,9.69
Treviso,11,05/03/2020,3,89,0,0,0,10.02
Treviso,12,06/03/2020,14,103,0,0,0,11.6
Treviso,13,07/03/2020,7,110,0,0,0,12.39
Treviso,14,08/03/2020,16,126,0,0,0,14.19
Treviso,15,09/03/2020,10,136,0,0,0,15.32
Treviso,16,10/03/2020,22,158,0,0,0,17.8
Treviso,17,11/03/2020,27,185,0,0,0,20.84
Treviso,18,12/03/2020,94,279,0,0,0,31.43
Treviso,19,13/03/2020,48,327,0,0,0,36.83
Treviso,20,14/03/2020,49,376,0,0,0,42.35
Treviso,21,15/03/2020,37,413,0,0,0,46.52
Treviso,22,16/03/2020,39,452,0,0,0,50.91
Treviso,23,17/03/2020,50,502,0,0,0,56.54
Treviso,24,18/03/2020,89,591,0,0,0,66.57
Treviso,25,19/03/2020,46,637,0,0,0,71.75
Treviso,26,20/03/2020,82,719,0,0,0,80.99
Treviso,27,21/03/2020,87,806,0,0,0,90.79
Treviso,28,22/03/2020,129,935,0,0,0,105.32
Treviso,29,23/03/2020,64,999,0,0,0,112.52
Treviso,30,24/03/2020,92,1091,0,0,0,122.89
Treviso,31,25/03/2020,86,1177,0,0,0,132.57
Treviso,32,26/03/2020,77,1254,0,0,0,141.25
Treviso,33,27/03/2020,56,1310,0,0,0,147.55
Treviso,34,28/03/2020,49,1359,0,0,0,153.07
Treviso,35,29/03/2020,43,1402,0,0,0,157.92
Treviso,36,30/03/2020,47,1449,0,0,0,163.21
Treviso,37,31/03/2020,73,1522,0,0,0,171.43
Treviso,38,01/04/2020,32,1554,0,0,0,175.04
Treviso,39,02/04/2020,52,1606,0,0,0,180.9
Treviso,40,03/04/2020,51,1657,0,0,0,186.64
Treviso,41,04/04/2020,30,1687,0,0,0,190.02
Treviso,42,05/04/2020,25,1712,0,0,0,192.83
Treviso,43,06/04/2020,14,1726,0,0,0,194.41
Treviso,44,07/04/2020,12,1738,0,0,0,195.76
Treviso,45,08/04/2020,125,1863,0,0,0,209.84
Treviso,46,09/04/2020,43,1906,0,0,0,214.69
Treviso,47,10/04/2020,38,1944,0,0,0,218.97
Treviso,48,11/04/2020,29,1973,0,0,0,222.23
Treviso,49,12/04/2020,10,1983,0,0,0,223.36
Treviso,50,13/04/2020,0,1983,0,0,0,223.36
Treviso,51,14/04/2020,49,2032,0,0,0,228.88
Treviso,52,15/04/2020,1,2033,0,0,0,228.99
Treviso,53,16/04/2020,102,2135,0,0,0,240.48
Treviso,54,17/04/2020,102,2237,0,0,0,251.97
Treviso,55,18/04/2020,63,2300,0,0,0,259.07
Treviso,56,19/04/2020,15,2315,5,5,0,260.76
Treviso,57,20/04/2020,10,2325,6,11,0,261.88
Treviso,58,21/04/2020,26,2351,5,16,0.01,264.81
Treviso,59,22/04/2020,35,2386,4,20,0.01,268.75
Treviso,60,23/04/2020,9,2395,8,28,0.01,269.77
Treviso,61,24/04/2020,25,2420,11,39,0.02,272.58
Treviso,62,25/04/2020,19,2439,2,41,0.02,274.72
Treviso,63,26/04/2020,14,2453,0,41,0.02,276.3
Treviso,64,27/04/2020,23,2476,12,53,0.02,278.89
Treviso,65,28/04/2020,7,2483,2,55,0.02,279.68
Treviso,66,29/04/2020,4,2487,3,58,0.02,280.13
Treviso,67,30/04/2020,24,2511,3,61,0.02,282.83
Treviso,68,01/05/2020,7,2518,1,62,0.03,283.62
Treviso,69,02/05/2020,21,2539,9,71,0.03,285.99
Treviso,70,03/05/2020,12,2551,0,71,0.03,287.34
Treviso,71,04/05/2020,6,2557,1,72,0.03,288.01
Treviso,72,05/05/2020,3,2560,0,72,0.03,288.35
Treviso,73,06/05/2020,3,2563,2,74,0.03,288.69
Treviso,74,07/05/2020,2,2565,2,76,0.03,288.91
Treviso,75,08/05/2020,23,2588,1,77,0.03,291.51
Treviso,76,09/05/2020,19,2607,3,80,0.03,293.65
Treviso,77,10/05/2020,0,2607,3,83,0.03,293.65
Treviso,78,11/05/2020,2,2609,0,83,0.03,293.87
Treviso,79,12/05/2020,4,2613,3,86,0.03,294.32
Treviso,80,13/05/2020,5,2618,0,86,0.03,294.88
Treviso,81,14/05/2020,3,2621,11,97,0.04,295.22
Treviso,82,15/05/2020,4,2625,0,97,0.04,295.67
Treviso,83,16/05/2020,10,2635,0,97,0.04,296.8
Treviso,84,17/05/2020,2,2637,3,100,0.04,297.02
Treviso,85,18/05/2020,4,2641,0,100,0.04,297.47
Treviso,86,19/05/2020,3,2644,2,102,0.04,297.81
Treviso,87,20/05/2020,4,2648,2,104,0.04,298.26
Treviso,88,21/05/2020,2,2650,1,105,0.04,298.49
Treviso,89,22/05/2020,1,2651,2,107,0.04,298.6
Treviso,90,23/05/2020,3,2654,0,107,0.04,298.94
Treviso,91,24/05/2020,1,2655,0,107,0.04,299.05
Treviso,92,25/05/2020,0,2655,0,107,0.04,299.05
Treviso,93,26/05/2020,1,2656,0,107,0.04,299.16
Treviso,94,27/05/2020,0,2656,2,109,0.04,299.16
Treviso,95,28/05/2020,1,2657,0,109,0.04,299.28
Treviso,96,29/05/2020,0,2657,1,110,0.04,299.28
Treviso,97,30/05/2020,1,2658,0,110,0.04,299.39
Treviso,98,31/05/2020,0,2658,0,110,0.04,299.39
Treviso,99,01/06/2020,0,2658,0,110,0.04,299.39
Treviso,100,02/06/2020,0,2658,0,110,0.04,299.39
Treviso,101,03/06/2020,1,2659,0,110,0.04,299.5
Treviso,102,04/06/2020,0,2659,1,111,0.04,299.5
Treviso,103,05/06/2020,2,2661,0,111,0.04,299.73
Treviso,104,06/06/2020,2,2663,2,113,0.04,299.95
Treviso,105,07/06/2020,0,2663,1,114,0.04,299.95
Treviso,106,08/06/2020,2,2665,1,115,0.04,300.18
Treviso,107,09/06/2020,0,2665,0,115,0.04,300.18
Treviso,108,10/06/2020,0,2665,0,115,0.04,300.18
Treviso,109,11/06/2020,1,2666,2,117,0.04,300.29
Treviso,110,12/06/2020,-1,2665,0,117,0.04,300.18
Treviso,111,13/06/2020,1,2666,0,117,0.04,300.29
Treviso,112,14/06/2020,0,2666,1,118,0.04,300.29
Treviso,113,15/06/2020,0,2666,0,118,0.04,300.29
Treviso,114,16/06/2020,-1,2665,0,118,0.04,300.18
Treviso,115,17/06/2020,1,2666,0,118,0.04,300.29
Treviso,116,18/06/2020,0,2666,2,120,0.04,300.29
Treviso,117,19/06/2020,0,2666,2,122,0.05,300.29
Treviso,118,20/06/2020,1,2667,0,122,0.05,300.4
Treviso,119,21/06/2020,0,2667,0,122,0.05,300.4
Treviso,120,22/06/2020,2,2669,0,122,0.05,300.63
Treviso,121,23/06/2020,0,2669,0,122,0.05,300.63
Treviso,122,24/06/2020,0,2669,0,122,0.05,300.63
Treviso,123,25/06/2020,1,2670,0,122,0.05,300.74
Treviso,124,26/06/2020,0,2670,1,123,0.05,300.74
Treviso,125,27/06/2020,-1,2669,0,123,0.05,300.63
Treviso,126,28/06/2020,3,2672,0,123,0.05,300.97
Treviso,127,29/06/2020,0,2672,0,123,0.05,300.97
Treviso,128,30/06/2020,1,2673,0,123,0.05,301.08
Treviso,129,01/07/2020,0,2673,0,123,0.05,301.08
Treviso,130,02/07/2020,10,2683,1,124,0.05,302.21
Treviso,131,03/07/2020,3,2686,0,124,0.05,302.54
Treviso,132,04/07/2020,1,2687,0,124,0.05,302.66
Treviso,133,05/07/2020,0,2687,0,124,0.05,302.66
Treviso,134,06/07/2020,0,2687,0,124,0.05,302.66
Treviso,135,07/07/2020,1,2688,0,124,0.05,302.77
Treviso,136,08/07/2020,2,2690,0,124,0.05,302.99
Treviso,137,09/07/2020,2,2692,0,124,0.05,303.22
Treviso,138,10/07/2020,0,2692,0,124,0.05,303.22
Treviso,139,11/07/2020,4,2696,0,124,0.05,303.67
Treviso,140,12/07/2020,1,2697,0,124,0.05,303.78
Treviso,141,13/07/2020,0,2697,0,124,0.05,303.78
Treviso,142,14/07/2020,10,2707,0,124,0.05,304.91
Treviso,143,15/07/2020,8,2715,0,124,0.05,305.81
Treviso,144,16/07/2020,2,2717,0,124,0.05,306.04
Treviso,145,17/07/2020,3,2720,0,124,0.05,306.37
Treviso,146,18/07/2020,10,2730,1,125,0.05,307.5
Treviso,147,19/07/2020,2,2732,0,125,0.05,307.72
Treviso,148,20/07/2020,0,2732,0,125,0.05,307.72
Treviso,149,21/07/2020,6,2738,0,125,0.05,308.4
Treviso,150,22/07/2020,0,2738,1,126,0.05,308.4
Treviso,151,23/07/2020,-1,2737,1,127,0.05,308.29
Treviso,152,24/07/2020,3,2740,0,127,0.05,308.63
Treviso,153,25/07/2020,9,2749,0,127,0.05,309.64
Treviso,154,26/07/2020,0,2749,0,127,0.05,309.64
Treviso,155,27/07/2020,0,2749,0,127,0.05,309.64
Treviso,156,28/07/2020,9,2758,1,128,0.05,310.65
Treviso,157,29/07/2020,10,2768,0,128,0.05,311.78
Treviso,158,30/07/2020,82,2850,0,128,0.04,321.02
Treviso,159,31/07/2020,70,2920,0,128,0.04,328.9
Treviso,160,01/08/2020,12,2932,0,128,0.04,330.25
Treviso,161,02/08/2020,6,2938,0,128,0.04,330.93
Treviso,162,03/08/2020,0,2938,0,128,0.04,330.93
Treviso,163,04/08/2020,3,2941,0,128,0.04,331.27
Treviso,164,05/08/2020,5,2946,0,128,0.04,331.83
Treviso,165,06/08/2020,5,2951,0,128,0.04,332.39
Treviso,166,07/08/2020,131,3082,0,128,0.04,347.15
Treviso,167,08/08/2020,18,3100,0,128,0.04,349.18
Treviso,168,09/08/2020,12,3112,0,128,0.04,350.53
Treviso,169,10/08/2020,4,3116,0,128,0.04,350.98
Treviso,170,11/08/2020,11,3127,0,128,0.04,352.22
Treviso,171,12/08/2020,25,3152,0,128,0.04,355.03
Treviso,172,13/08/2020,23,3175,0,128,0.04,357.62
Treviso,173,14/08/2020,45,3220,0,128,0.04,362.69
Treviso,174,15/08/2020,55,3275,0,128,0.04,368.89
Treviso,175,16/08/2020,18,3293,0,128,0.04,370.91
Treviso,176,17/08/2020,5,3298,0,128,0.04,371.48
Treviso,177,18/08/2020,24,3322,0,128,0.04,374.18
Treviso,178,19/08/2020,22,3344,0,128,0.04,376.66
Treviso,179,20/08/2020,91,3435,0,128,0.04,386.91
Treviso,180,21/08/2020,44,3479,0,128,0.04,391.86
Treviso,181,22/08/2020,83,3562,0,128,0.04,401.21
Treviso,182,23/08/2020,49,3611,0,128,0.04,406.73
Treviso,183,24/08/2020,74,3685,0,128,0.04,415.07
Treviso,184,25/08/2020,47,3732,0,128,0.03,420.36
Treviso,185,26/08/2020,52,3784,0,128,0.03,426.22
Treviso,186,27/08/2020,31,3815,0,128,0.03,429.71
Treviso,187,28/08/2020,46,3861,0,128,0.03,434.89
Treviso,188,29/08/2020,39,3900,0,128,0.03,439.29
Treviso,189,30/08/2020,24,3924,0,128,0.03,441.99
Treviso,190,31/08/2020,15,3939,0,128,0.03,443.68
Treviso,191,01/09/2020,45,3984,0,128,0.03,448.75
Treviso,192,02/09/2020,47,4031,0,128,0.03,454.04
Treviso,193,03/09/2020,15,4046,0,128,0.03,455.73
Treviso,194,04/09/2020,121,4167,1,129,0.03,469.36
Treviso,195,05/09/2020,63,4230,1,130,0.03,476.46
Treviso,196,06/09/2020,57,4287,0,130,0.03,482.88
Treviso,197,07/09/2020,20,4307,0,130,0.03,485.13
Treviso,198,08/09/2020,41,4348,1,131,0.03,489.75
Treviso,199,09/09/2020,17,4365,1,132,0.03,491.66
Treviso,200,10/09/2020,47,4412,0,132,0.03,496.96
Treviso,201,11/09/2020,31,4443,1,133,0.03,500.45
Treviso,202,12/09/2020,51,4494,0,133,0.03,506.19
Treviso,203,13/09/2020,22,4516,0,133,0.03,508.67
Treviso,204,14/09/2020,13,4529,0,133,0.03,510.13
Treviso,205,15/09/2020,51,4580,1,134,0.03,515.88
Treviso,206,16/09/2020,23,4603,0,134,0.03,518.47
Treviso,207,17/09/2020,37,4640,0,134,0.03,522.64
Treviso,208,18/09/2020,46,4686,0,134,0.03,527.82
Treviso,209,19/09/2020,26,4712,0,134,0.03,530.75
Treviso,210,20/09/2020,27,4739,3,137,0.03,533.79
Treviso,211,21/09/2020,31,4770,0,137,0.03,537.28
Treviso,212,22/09/2020,45,4815,1,138,0.03,542.35
Treviso,213,23/09/2020,33,4848,2,140,0.03,546.07
Treviso,214,24/09/2020,33,4881,0,140,0.03,549.78
Treviso,215,25/09/2020,48,4929,1,141,0.03,555.19
Treviso,216,26/09/2020,70,4999,1,142,0.03,563.07
Treviso,217,27/09/2020,28,5027,0,142,0.03,566.23
Treviso,218,28/09/2020,54,5081,0,142,0.03,572.31
Treviso,219,29/09/2020,46,5127,1,143,0.03,577.49
Treviso,220,30/09/2020,42,5169,0,143,0.03,582.22
Treviso,221,01/10/2020,164,5333,3,146,0.03,600.69
Treviso,222,02/10/2020,53,5386,0,146,0.03,606.66
Treviso,223,03/10/2020,39,5425,1,147,0.03,611.06
Treviso,224,04/10/2020,51,5476,0,147,0.03,616.8
Treviso,225,05/10/2020,67,5543,0,147,0.03,624.35
Treviso,226,06/10/2020,40,5583,0,147,0.03,628.85
Treviso,227,07/10/2020,82,5665,1,148,0.03,638.09
Treviso,228,08/10/2020,106,5771,1,149,0.03,650.03
Treviso,229,09/10/2020,120,5891,0,149,0.03,663.55
Treviso,230,10/10/2020,66,5957,0,149,0.03,670.98
Treviso,231,11/10/2020,89,6046,0,149,0.03,681
Treviso,232,12/10/2020,71,6117,0,149,0.02,689
Treviso,233,13/10/2020,63,6180,3,152,0.03,696.1
Treviso,234,14/10/2020,134,6314,0,152,0.02,711.19
Treviso,235,15/10/2020,22,6336,1,153,0.02,713.67
Treviso,236,16/10/2020,129,6465,4,157,0.02,728.2
Treviso,237,17/10/2020,274,6739,0,157,0.02,759.06
Treviso,238,18/10/2020,172,6911,0,157,0.02,778.44
Treviso,239,19/10/2020,184,7095,0,157,0.02,799.16
Treviso,240,20/10/2020,98,7193,0,157,0.02,810.2
Treviso,241,21/10/2020,267,7460,1,158,0.02,840.27
Treviso,242,22/10/2020,240,7700,0,158,0.02,867.31
Treviso,243,23/10/2020,441,8141,0,158,0.02,916.98
Treviso,244,24/10/2020,346,8487,0,158,0.02,955.95
Treviso,245,25/10/2020,256,8743,0,158,0.02,984.79
Treviso,246,26/10/2020,268,9011,0,158,0.02,1014.97
Treviso,247,27/10/2020,323,9334,0,158,0.02,1051.36
Treviso,248,28/10/2020,427,9761,1,159,0.02,1099.45
Treviso,249,29/10/2020,418,10179,4,163,0.02,1146.53
Treviso,250,30/10/2020,745,10924,1,164,0.01,1230.45
Treviso,251,31/10/2020,544,11468,2,166,0.01,1291.72
Treviso,252,01/11/2020,324,11792,5,171,0.01,1328.22
Treviso,253,02/11/2020,377,12169,0,171,0.01,1370.68
Treviso,254,03/11/2020,576,12745,3,174,0.01,1435.56
Treviso,255,04/11/2020,527,13272,6,180,0.01,1494.92
Treviso,256,05/11/2020,643,13915,5,185,0.01,1567.35
Treviso,257,06/11/2020,741,14656,2,187,0.01,1650.81
Treviso,258,07/11/2020,651,15307,3,190,0.01,1724.14
Treviso,259,08/11/2020,485,15792,1,191,0.01,1778.77
Treviso,260,09/11/2020,513,16305,0,191,0.01,1836.55
Treviso,261,10/11/2020,523,16828,12,203,0.01,1895.46
Treviso,262,11/11/2020,486,17314,12,215,0.01,1950.2
Treviso,263,12/11/2020,849,18163,4,219,0.01,2045.83
Treviso,264,13/11/2020,704,18867,4,223,0.01,2125.13
Treviso,265,14/11/2020,607,19474,3,226,0.01,2193.5
Treviso,266,15/11/2020,370,19844,0,226,0.01,2235.17
Treviso,267,16/11/2020,400,20244,13,239,0.01,2280.23
Treviso,268,17/11/2020,481,20725,0,239,0.01,2334.41
Treviso,269,18/11/2020,589,21314,13,252,0.01,2400.75
Treviso,270,19/11/2020,824,22138,0,252,0.01,2493.56
Treviso,271,20/11/2020,708,22846,16,268,0.01,2573.31
Treviso,272,21/11/2020,548,23394,0,268,0.01,2635.04
Treviso,273,22/11/2020,514,23908,0,268,0.01,2692.93
Treviso,274,23/11/2020,406,24314,0,268,0.01,2738.66
Treviso,275,24/11/2020,473,24787,13,281,0.01,2791.94
Treviso,276,25/11/2020,9,24796,0,281,0.01,2792.95
Treviso,277,26/11/2020,1342,26138,5,286,0.01,2944.11
Treviso,278,27/11/2020,772,26910,5,291,0.01,3031.07
Treviso,279,28/11/2020,544,27454,10,301,0.01,3092.34
Treviso,280,29/11/2020,356,27810,9,310,0.01,3132.44
Treviso,281,30/11/2020,330,28140,1,311,0.01,3169.61
Treviso,282,01/12/2020,588,28728,0,311,0.01,3235.84
Treviso,283,02/12/2020,495,29223,2,313,0.01,3291.6
Treviso,284,03/12/2020,723,29946,7,320,0.01,3373.03
Treviso,285,04/12/2020,707,30653,17,337,0.01,3452.67
Treviso,286,05/12/2020,787,31440,17,354,0.01,3541.31
Treviso,287,06/12/2020,512,31952,4,358,0.01,3598.98
Treviso,288,07/12/2020,518,32470,5,363,0.01,3657.33
Treviso,289,08/12/2020,578,33048,11,374,0.01,3722.43
Treviso,290,09/12/2020,337,33385,1,375,0.01,3760.39
Treviso,291,10/12/2020,665,34050,24,399,0.01,3835.3
Treviso,292,11/12/2020,590,34640,6,405,0.01,3901.75
Treviso,293,12/12/2020,1261,35901,30,435,0.01,4043.79
Treviso,294,13/12/2020,808,36709,3,438,0.01,4134.8
Treviso,295,14/12/2020,862,37571,1,439,0.01,4231.89
Treviso,296,15/12/2020,621,38192,0,439,0.01,4301.84
