Province,Day,Date,New_cases,Curr_pos_cases,Deaths,Tot_deaths,Lethality_rate,Cumul_rates
Venezia,1,24/02/2020,0,0,0,0,0,0
Venezia,2,25/02/2020,7,7,0,0,0,0.82
Venezia,3,26/02/2020,1,8,0,0,0,0.94
Venezia,4,27/02/2020,6,14,0,0,0,1.64
Venezia,5,28/02/2020,1,15,0,0,0,1.76
Venezia,6,29/02/2020,4,19,0,0,0,2.23
Venezia,7,01/03/2020,5,24,0,0,0,2.81
Venezia,8,02/03/2020,24,48,0,0,0,5.62
Venezia,9,03/03/2020,0,48,0,0,0,5.62
Venezia,10,04/03/2020,11,59,0,0,0,6.91
Venezia,11,05/03/2020,14,73,0,0,0,8.55
Venezia,12,06/03/2020,12,85,0,0,0,9.96
Venezia,13,07/03/2020,15,100,0,0,0,11.72
Venezia,14,08/03/2020,26,126,0,0,0,14.77
Venezia,15,09/03/2020,4,130,0,0,0,15.23
Venezia,16,10/03/2020,22,152,0,0,0,17.81
Venezia,17,11/03/2020,27,179,0,0,0,20.98
Venezia,18,12/03/2020,26,205,0,0,0,24.02
Venezia,19,13/03/2020,43,248,0,0,0,29.06
Venezia,20,14/03/2020,34,282,0,0,0,33.05
Venezia,21,15/03/2020,46,328,0,0,0,38.44
Venezia,22,16/03/2020,28,356,0,0,0,41.72
Venezia,23,17/03/2020,22,378,0,0,0,44.3
Venezia,24,18/03/2020,48,426,0,0,0,49.92
Venezia,25,19/03/2020,49,475,0,0,0,55.66
Venezia,26,20/03/2020,99,574,0,0,0,67.27
Venezia,27,21/03/2020,92,666,0,0,0,78.05
Venezia,28,22/03/2020,66,732,0,0,0,85.78
Venezia,29,23/03/2020,67,799,0,0,0,93.63
Venezia,30,24/03/2020,38,837,0,0,0,98.09
Venezia,31,25/03/2020,37,874,0,0,0,102.42
Venezia,32,26/03/2020,46,920,0,0,0,107.81
Venezia,33,27/03/2020,35,955,0,0,0,111.91
Venezia,34,28/03/2020,64,1019,0,0,0,119.41
Venezia,35,29/03/2020,48,1067,0,0,0,125.04
Venezia,36,30/03/2020,40,1107,0,0,0,129.73
Venezia,37,31/03/2020,63,1170,0,0,0,137.11
Venezia,38,01/04/2020,61,1231,0,0,0,144.26
Venezia,39,02/04/2020,62,1293,0,0,0,151.52
Venezia,40,03/04/2020,28,1321,0,0,0,154.8
Venezia,41,04/04/2020,41,1362,0,0,0,159.61
Venezia,42,05/04/2020,63,1425,0,0,0,166.99
Venezia,43,06/04/2020,62,1487,0,0,0,174.26
Venezia,44,07/04/2020,56,1543,0,0,0,180.82
Venezia,45,08/04/2020,87,1630,0,0,0,191.01
Venezia,46,09/04/2020,121,1751,0,0,0,205.19
Venezia,47,10/04/2020,29,1780,0,0,0,208.59
Venezia,48,11/04/2020,103,1883,0,0,0,220.66
Venezia,49,12/04/2020,74,1957,0,0,0,229.33
Venezia,50,13/04/2020,26,1983,0,0,0,232.38
Venezia,51,14/04/2020,25,2008,0,0,0,235.31
Venezia,52,15/04/2020,5,2013,0,0,0,235.9
Venezia,53,16/04/2020,23,2036,0,0,0,238.59
Venezia,54,17/04/2020,60,2096,0,0,0,245.62
Venezia,55,18/04/2020,20,2116,0,0,0,247.97
Venezia,56,19/04/2020,27,2143,6,6,0,251.13
Venezia,57,20/04/2020,34,2177,3,9,0,255.12
Venezia,58,21/04/2020,14,2191,8,17,0.01,256.76
Venezia,59,22/04/2020,88,2279,5,22,0.01,267.07
Venezia,60,23/04/2020,29,2308,4,26,0.01,270.47
Venezia,61,24/04/2020,32,2340,5,31,0.01,274.22
Venezia,62,25/04/2020,2,2342,3,34,0.01,274.45
Venezia,63,26/04/2020,5,2347,6,40,0.02,275.04
Venezia,64,27/04/2020,19,2366,3,43,0.02,277.26
Venezia,65,28/04/2020,52,2418,4,47,0.02,283.36
Venezia,66,29/04/2020,7,2425,8,55,0.02,284.18
Venezia,67,30/04/2020,13,2438,3,58,0.02,285.7
Venezia,68,01/05/2020,33,2471,4,62,0.03,289.57
Venezia,69,02/05/2020,16,2487,3,65,0.03,291.44
Venezia,70,03/05/2020,15,2502,2,67,0.03,293.2
Venezia,71,04/05/2020,11,2513,3,70,0.03,294.49
Venezia,72,05/05/2020,6,2519,6,76,0.03,295.19
Venezia,73,06/05/2020,31,2550,6,82,0.03,298.83
Venezia,74,07/05/2020,18,2568,4,86,0.03,300.94
Venezia,75,08/05/2020,7,2575,4,90,0.04,301.76
Venezia,76,09/05/2020,5,2580,3,93,0.04,302.34
Venezia,77,10/05/2020,16,2596,1,94,0.04,304.22
Venezia,78,11/05/2020,3,2599,1,95,0.04,304.57
Venezia,79,12/05/2020,12,2611,3,98,0.04,305.97
Venezia,80,13/05/2020,6,2617,5,103,0.04,306.68
Venezia,81,14/05/2020,5,2622,0,103,0.04,307.26
Venezia,82,15/05/2020,4,2626,0,103,0.04,307.73
Venezia,83,16/05/2020,4,2630,0,103,0.04,308.2
Venezia,84,17/05/2020,2,2632,2,105,0.04,308.44
Venezia,85,18/05/2020,1,2633,1,106,0.04,308.55
Venezia,86,19/05/2020,3,2636,2,108,0.04,308.9
Venezia,87,20/05/2020,4,2640,3,111,0.04,309.37
Venezia,88,21/05/2020,4,2644,1,112,0.04,309.84
Venezia,89,22/05/2020,4,2648,1,113,0.04,310.31
Venezia,90,23/05/2020,1,2649,1,114,0.04,310.43
Venezia,91,24/05/2020,0,2649,1,115,0.04,310.43
Venezia,92,25/05/2020,3,2652,0,115,0.04,310.78
Venezia,93,26/05/2020,5,2657,0,115,0.04,311.37
Venezia,94,27/05/2020,3,2660,1,116,0.04,311.72
Venezia,95,28/05/2020,-3,2657,0,116,0.04,311.37
Venezia,96,29/05/2020,-1,2656,2,118,0.04,311.25
Venezia,97,30/05/2020,5,2661,2,120,0.04,311.83
Venezia,98,31/05/2020,0,2661,0,120,0.04,311.83
Venezia,99,01/06/2020,0,2661,0,120,0.04,311.83
Venezia,100,02/06/2020,4,2665,0,120,0.04,312.3
Venezia,101,03/06/2020,0,2665,0,120,0.04,312.3
Venezia,102,04/06/2020,2,2667,2,122,0.05,312.54
Venezia,103,05/06/2020,-1,2666,0,122,0.05,312.42
Venezia,104,06/06/2020,1,2667,2,124,0.05,312.54
Venezia,105,07/06/2020,1,2668,1,125,0.05,312.65
Venezia,106,08/06/2020,0,2668,0,125,0.05,312.65
Venezia,107,09/06/2020,0,2668,1,126,0.05,312.65
Venezia,108,10/06/2020,3,2671,0,126,0.05,313.01
Venezia,109,11/06/2020,2,2673,0,126,0.05,313.24
Venezia,110,12/06/2020,2,2675,3,129,0.05,313.47
Venezia,111,13/06/2020,-1,2674,1,130,0.05,313.36
Venezia,112,14/06/2020,4,2678,0,130,0.05,313.83
Venezia,113,15/06/2020,0,2678,0,130,0.05,313.83
Venezia,114,16/06/2020,0,2678,0,130,0.05,313.83
Venezia,115,17/06/2020,1,2679,1,131,0.05,313.94
Venezia,116,18/06/2020,0,2679,2,133,0.05,313.94
Venezia,117,19/06/2020,1,2680,0,133,0.05,314.06
Venezia,118,20/06/2020,0,2680,0,133,0.05,314.06
Venezia,119,21/06/2020,0,2680,0,133,0.05,314.06
Venezia,120,22/06/2020,0,2680,0,133,0.05,314.06
Venezia,121,23/06/2020,1,2681,0,133,0.05,314.18
Venezia,122,24/06/2020,0,2681,0,133,0.05,314.18
Venezia,123,25/06/2020,0,2681,1,134,0.05,314.18
Venezia,124,26/06/2020,0,2681,0,134,0.05,314.18
Venezia,125,27/06/2020,1,2682,0,134,0.05,314.3
Venezia,126,28/06/2020,0,2682,0,134,0.05,314.3
Venezia,127,29/06/2020,0,2682,0,134,0.05,314.3
Venezia,128,30/06/2020,0,2682,0,134,0.05,314.3
Venezia,129,01/07/2020,0,2682,1,135,0.05,314.3
Venezia,130,02/07/2020,0,2682,0,135,0.05,314.3
Venezia,131,03/07/2020,1,2683,0,135,0.05,314.41
Venezia,132,04/07/2020,0,2683,0,135,0.05,314.41
Venezia,133,05/07/2020,1,2684,0,135,0.05,314.53
Venezia,134,06/07/2020,0,2684,0,135,0.05,314.53
Venezia,135,07/07/2020,6,2690,1,136,0.05,315.23
Venezia,136,08/07/2020,-1,2689,0,136,0.05,315.12
Venezia,137,09/07/2020,3,2692,1,137,0.05,315.47
Venezia,138,10/07/2020,4,2696,0,137,0.05,315.94
Venezia,139,11/07/2020,2,2698,0,137,0.05,316.17
Venezia,140,12/07/2020,1,2699,0,137,0.05,316.29
Venezia,141,13/07/2020,1,2700,0,137,0.05,316.4
Venezia,142,14/07/2020,1,2701,0,137,0.05,316.52
Venezia,143,15/07/2020,1,2702,0,137,0.05,316.64
Venezia,144,16/07/2020,0,2702,0,137,0.05,316.64
Venezia,145,17/07/2020,32,2734,0,137,0.05,320.39
Venezia,146,18/07/2020,2,2736,0,137,0.05,320.62
Venezia,147,19/07/2020,5,2741,0,137,0.05,321.21
Venezia,148,20/07/2020,4,2745,0,137,0.05,321.68
Venezia,149,21/07/2020,1,2746,1,138,0.05,321.8
Venezia,150,22/07/2020,13,2759,0,138,0.05,323.32
Venezia,151,23/07/2020,7,2766,2,140,0.05,324.14
Venezia,152,24/07/2020,8,2774,0,140,0.05,325.08
Venezia,153,25/07/2020,4,2778,0,140,0.05,325.55
Venezia,154,26/07/2020,3,2781,0,140,0.05,325.9
Venezia,155,27/07/2020,3,2784,0,140,0.05,326.25
Venezia,156,28/07/2020,4,2788,1,141,0.05,326.72
Venezia,157,29/07/2020,13,2801,0,141,0.05,328.24
Venezia,158,30/07/2020,15,2816,0,141,0.05,330
Venezia,159,31/07/2020,23,2839,0,141,0.05,332.69
Venezia,160,01/08/2020,9,2848,0,141,0.05,333.75
Venezia,161,02/08/2020,10,2858,0,141,0.05,334.92
Venezia,162,03/08/2020,5,2863,1,142,0.05,335.51
Venezia,163,04/08/2020,8,2871,1,143,0.05,336.44
Venezia,164,05/08/2020,13,2884,0,143,0.05,337.97
Venezia,165,06/08/2020,18,2902,0,143,0.05,340.08
Venezia,166,07/08/2020,14,2916,0,143,0.05,341.72
Venezia,167,08/08/2020,18,2934,1,144,0.05,343.83
Venezia,168,09/08/2020,9,2943,0,144,0.05,344.88
Venezia,169,10/08/2020,11,2954,0,144,0.05,346.17
Venezia,170,11/08/2020,6,2960,0,144,0.05,346.87
Venezia,171,12/08/2020,9,2969,2,146,0.05,347.93
Venezia,172,13/08/2020,11,2980,0,146,0.05,349.22
Venezia,173,14/08/2020,27,3007,0,146,0.05,352.38
Venezia,174,15/08/2020,11,3018,0,146,0.05,353.67
Venezia,175,16/08/2020,10,3028,0,146,0.05,354.84
Venezia,176,17/08/2020,5,3033,0,146,0.05,355.43
Venezia,177,18/08/2020,5,3038,0,146,0.05,356.01
Venezia,178,19/08/2020,9,3047,0,146,0.05,357.07
Venezia,179,20/08/2020,6,3053,0,146,0.05,357.77
Venezia,180,21/08/2020,13,3066,1,147,0.05,359.29
Venezia,181,22/08/2020,12,3078,0,147,0.05,360.7
Venezia,182,23/08/2020,15,3093,0,147,0.05,362.46
Venezia,183,24/08/2020,9,3102,0,147,0.05,363.51
Venezia,184,25/08/2020,19,3121,0,147,0.05,365.74
Venezia,185,26/08/2020,14,3135,0,147,0.05,367.38
Venezia,186,27/08/2020,26,3161,0,147,0.05,370.43
Venezia,187,28/08/2020,25,3186,1,148,0.05,373.36
Venezia,188,29/08/2020,37,3223,1,149,0.05,377.69
Venezia,189,30/08/2020,15,3238,0,149,0.05,379.45
Venezia,190,31/08/2020,15,3253,0,149,0.05,381.21
Venezia,191,01/09/2020,13,3266,1,150,0.05,382.73
Venezia,192,02/09/2020,40,3306,1,151,0.05,387.42
Venezia,193,03/09/2020,20,3326,0,151,0.04,389.76
Venezia,194,04/09/2020,30,3356,1,152,0.04,393.28
Venezia,195,05/09/2020,19,3375,0,152,0.04,395.51
Venezia,196,06/09/2020,12,3387,0,152,0.04,396.91
Venezia,197,07/09/2020,16,3403,0,152,0.04,398.79
Venezia,198,08/09/2020,25,3428,0,152,0.04,401.72
Venezia,199,09/09/2020,23,3451,1,153,0.04,404.41
Venezia,200,10/09/2020,10,3461,0,153,0.04,405.58
Venezia,201,11/09/2020,38,3499,0,153,0.04,410.04
Venezia,202,12/09/2020,18,3517,0,153,0.04,412.15
Venezia,203,13/09/2020,26,3543,0,153,0.04,415.19
Venezia,204,14/09/2020,9,3552,0,153,0.04,416.25
Venezia,205,15/09/2020,16,3568,0,153,0.04,418.12
Venezia,206,16/09/2020,22,3590,1,154,0.04,420.7
Venezia,207,17/09/2020,16,3606,0,154,0.04,422.58
Venezia,208,18/09/2020,25,3631,1,155,0.04,425.51
Venezia,209,19/09/2020,35,3666,0,155,0.04,429.61
Venezia,210,20/09/2020,32,3698,0,155,0.04,433.36
Venezia,211,21/09/2020,13,3711,0,155,0.04,434.88
Venezia,212,22/09/2020,15,3726,0,155,0.04,436.64
Venezia,213,23/09/2020,29,3755,0,155,0.04,440.04
Venezia,214,24/09/2020,43,3798,1,156,0.04,445.08
Venezia,215,25/09/2020,34,3832,0,156,0.04,449.06
Venezia,216,26/09/2020,40,3872,0,156,0.04,453.75
Venezia,217,27/09/2020,33,3905,0,156,0.04,457.61
Venezia,218,28/09/2020,39,3944,0,156,0.04,462.18
Venezia,219,29/09/2020,34,3978,0,156,0.04,466.17
Venezia,220,30/09/2020,22,4000,0,156,0.04,468.75
Venezia,221,01/10/2020,120,4120,0,156,0.04,482.81
Venezia,222,02/10/2020,39,4159,0,156,0.04,487.38
Venezia,223,03/10/2020,70,4229,1,157,0.04,495.58
Venezia,224,04/10/2020,49,4278,0,157,0.04,501.33
Venezia,225,05/10/2020,79,4357,0,157,0.04,510.58
Venezia,226,06/10/2020,38,4395,2,159,0.04,515.04
Venezia,227,07/10/2020,83,4478,0,159,0.04,524.76
Venezia,228,08/10/2020,88,4566,0,159,0.04,535.08
Venezia,229,09/10/2020,131,4697,0,159,0.03,550.43
Venezia,230,10/10/2020,123,4820,0,159,0.03,564.84
Venezia,231,11/10/2020,50,4870,0,159,0.03,570.7
Venezia,232,12/10/2020,90,4960,0,159,0.03,581.25
Venezia,233,13/10/2020,82,5042,2,161,0.03,590.86
Venezia,234,14/10/2020,134,5176,0,161,0.03,606.56
Venezia,235,15/10/2020,56,5232,2,163,0.03,613.12
Venezia,236,16/10/2020,107,5339,1,164,0.03,625.66
Venezia,237,17/10/2020,46,5385,0,164,0.03,631.05
Venezia,238,18/10/2020,35,5420,2,166,0.03,635.15
Venezia,239,19/10/2020,3,5423,0,166,0.03,635.5
Venezia,240,20/10/2020,38,5461,6,172,0.03,639.96
Venezia,241,21/10/2020,495,5956,1,173,0.03,697.96
Venezia,242,22/10/2020,169,6125,5,178,0.03,717.77
Venezia,243,23/10/2020,172,6297,0,178,0.03,737.93
Venezia,244,24/10/2020,203,6500,0,178,0.03,761.71
Venezia,245,25/10/2020,176,6676,0,178,0.03,782.34
Venezia,246,26/10/2020,166,6842,0,178,0.03,801.79
Venezia,247,27/10/2020,238,7080,5,183,0.03,829.68
Venezia,248,28/10/2020,329,7409,2,185,0.03,868.24
Venezia,249,29/10/2020,279,7688,3,188,0.02,900.93
Venezia,250,30/10/2020,321,8009,5,193,0.02,938.55
Venezia,251,31/10/2020,332,8341,2,195,0.02,977.46
Venezia,252,01/11/2020,269,8610,3,198,0.02,1008.98
Venezia,253,02/11/2020,247,8857,1,199,0.02,1037.92
Venezia,254,03/11/2020,425,9282,7,206,0.02,1087.73
Venezia,255,04/11/2020,365,9647,1,207,0.02,1130.5
Venezia,256,05/11/2020,251,9898,5,212,0.02,1159.92
Venezia,257,06/11/2020,344,10242,9,221,0.02,1200.23
Venezia,258,07/11/2020,512,10754,3,224,0.02,1260.23
Venezia,259,08/11/2020,546,11300,3,227,0.02,1324.21
Venezia,260,09/11/2020,415,11715,5,232,0.02,1372.84
Venezia,261,10/11/2020,522,12237,8,240,0.02,1434.02
Venezia,262,11/11/2020,439,12676,7,247,0.02,1485.46
Venezia,263,12/11/2020,467,13143,4,251,0.02,1540.19
Venezia,264,13/11/2020,308,13451,4,255,0.02,1576.28
Venezia,265,14/11/2020,660,14111,9,264,0.02,1653.62
Venezia,266,15/11/2020,426,14537,6,270,0.02,1703.55
Venezia,267,16/11/2020,406,14943,7,277,0.02,1751.12
Venezia,268,17/11/2020,578,15521,0,277,0.02,1818.86
Venezia,269,18/11/2020,381,15902,15,292,0.02,1863.51
Venezia,270,19/11/2020,410,16312,0,292,0.02,1911.55
Venezia,271,20/11/2020,387,16699,13,305,0.02,1956.9
Venezia,272,21/11/2020,562,17261,0,305,0.02,2022.76
Venezia,273,22/11/2020,543,17804,0,305,0.02,2086.39
Venezia,274,23/11/2020,373,18177,0,305,0.02,2130.11
Venezia,275,24/11/2020,273,18450,16,321,0.02,2162.1
Venezia,276,25/11/2020,442,18892,0,321,0.02,2213.89
Venezia,277,26/11/2020,591,19483,16,337,0.02,2283.15
Venezia,278,27/11/2020,326,19809,9,346,0.02,2321.35
Venezia,279,28/11/2020,589,20398,21,367,0.02,2390.38
Venezia,280,29/11/2020,422,20820,3,370,0.02,2439.83
Venezia,281,30/11/2020,433,21253,5,375,0.02,2490.57
Venezia,282,01/12/2020,429,21682,0,375,0.02,2540.85
Venezia,283,02/12/2020,408,22090,12,387,0.02,2588.66
Venezia,284,03/12/2020,343,22433,13,400,0.02,2628.85
Venezia,285,04/12/2020,563,22996,14,414,0.02,2694.83
Venezia,286,05/12/2020,584,23580,15,429,0.02,2763.27
Venezia,287,06/12/2020,562,24142,6,435,0.02,2829.13
Venezia,288,07/12/2020,490,24632,8,443,0.02,2886.55
Venezia,289,08/12/2020,503,25135,15,458,0.02,2945.49
Venezia,290,09/12/2020,396,25531,6,464,0.02,2991.9
Venezia,291,10/12/2020,605,26136,25,489,0.02,3062.8
Venezia,292,11/12/2020,545,26681,23,512,0.02,3126.66
Venezia,293,12/12/2020,708,27389,14,526,0.02,3209.63
Venezia,294,13/12/2020,583,27972,10,536,0.02,3277.95
Venezia,295,14/12/2020,306,28278,8,544,0.02,3313.81
Venezia,296,15/12/2020,781,29059,13,557,0.02,3405.33
Venezia,297,16/12/2020,574,29633,0,557,0.02,3472.6
