Province,Day,Date,New_cases,Curr_pos_cases,Deaths,Tot_deaths,Lethality_rate,Cumul_rates
Verona,1,24/02/2020,0,0,0,0,0,0
Verona,2,25/02/2020,0,0,0,0,0,0
Verona,3,26/02/2020,0,0,0,0,0,0
Verona,4,27/02/2020,0,0,0,0,0,0
Verona,5,28/02/2020,0,0,0,0,0,0
Verona,6,29/02/2020,0,0,0,0,0,0
Verona,7,01/03/2020,2,2,0,0,0,0.22
Verona,8,02/03/2020,6,8,0,0,0,0.86
Verona,9,03/03/2020,9,17,0,0,0,1.83
Verona,10,04/03/2020,4,21,0,0,0,2.27
Verona,11,05/03/2020,4,25,0,0,0,2.7
Verona,12,06/03/2020,17,42,0,0,0,4.53
Verona,13,07/03/2020,10,52,0,0,0,5.61
Verona,14,08/03/2020,11,63,0,0,0,6.8
Verona,15,09/03/2020,10,73,0,0,0,7.88
Verona,16,10/03/2020,23,96,0,0,0,10.36
Verona,17,11/03/2020,14,110,0,0,0,11.87
Verona,18,12/03/2020,40,150,0,0,0,16.19
Verona,19,13/03/2020,60,210,0,0,0,22.67
Verona,20,14/03/2020,65,275,0,0,0,29.68
Verona,21,15/03/2020,60,335,0,0,0,36.16
Verona,22,16/03/2020,90,425,0,0,0,45.87
Verona,23,17/03/2020,56,481,0,0,0,51.92
Verona,24,18/03/2020,145,626,0,0,0,67.57
Verona,25,19/03/2020,60,686,0,0,0,74.04
Verona,26,20/03/2020,98,784,0,0,0,84.62
Verona,27,21/03/2020,170,954,0,0,0,102.97
Verona,28,22/03/2020,92,1046,0,0,0,112.9
Verona,29,23/03/2020,53,1099,0,0,0,118.62
Verona,30,24/03/2020,129,1228,0,0,0,132.54
Verona,31,25/03/2020,76,1304,0,0,0,140.75
Verona,32,26/03/2020,98,1402,0,0,0,151.32
Verona,33,27/03/2020,243,1645,0,0,0,177.55
Verona,34,28/03/2020,109,1754,0,0,0,189.32
Verona,35,29/03/2020,122,1876,0,0,0,202.48
Verona,36,30/03/2020,106,1982,0,0,0,213.92
Verona,37,31/03/2020,130,2112,0,0,0,227.96
Verona,38,01/04/2020,175,2287,0,0,0,246.84
Verona,39,02/04/2020,118,2405,0,0,0,259.58
Verona,40,03/04/2020,83,2488,0,0,0,268.54
Verona,41,04/04/2020,59,2547,0,0,0,274.91
Verona,42,05/04/2020,141,2688,0,0,0,290.13
Verona,43,06/04/2020,67,2755,0,0,0,297.36
Verona,44,07/04/2020,101,2856,0,0,0,308.26
Verona,45,08/04/2020,64,2920,0,0,0,315.17
Verona,46,09/04/2020,129,3049,0,0,0,329.09
Verona,47,10/04/2020,208,3257,0,0,0,351.54
Verona,48,11/04/2020,145,3402,0,0,0,367.19
Verona,49,12/04/2020,93,3495,0,0,0,377.23
Verona,50,13/04/2020,52,3547,0,0,0,382.84
Verona,51,14/04/2020,25,3572,0,0,0,385.54
Verona,52,15/04/2020,77,3649,0,0,0,393.85
Verona,53,16/04/2020,81,3730,0,0,0,402.59
Verona,54,17/04/2020,75,3805,0,0,0,410.69
Verona,55,18/04/2020,75,3880,0,0,0,418.78
Verona,56,19/04/2020,94,3974,6,6,0.002,428.93
Verona,57,20/04/2020,24,3998,6,12,0.003,431.52
Verona,58,21/04/2020,72,4070,14,26,0.006,439.29
Verona,59,22/04/2020,94,4164,7,33,0.008,449.43
Verona,60,23/04/2020,58,4222,4,37,0.009,455.69
Verona,61,24/04/2020,176,4398,3,40,0.009,474.69
Verona,62,25/04/2020,75,4473,10,50,0.011,482.79
Verona,63,26/04/2020,19,4492,10,60,0.013,484.84
Verona,64,27/04/2020,34,4526,8,68,0.015,488.51
Verona,65,28/04/2020,30,4556,43,111,0.024,491.74
Verona,66,29/04/2020,71,4627,8,119,0.026,499.41
Verona,67,30/04/2020,39,4666,0,119,0.026,503.62
Verona,68,01/05/2020,43,4709,5,124,0.026,508.26
Verona,69,02/05/2020,62,4771,5,129,0.027,514.95
Verona,70,03/05/2020,29,4800,4,133,0.028,518.08
Verona,71,04/05/2020,21,4821,3,136,0.028,520.35
Verona,72,05/05/2020,10,4831,3,139,0.029,521.43
Verona,73,06/05/2020,29,4860,7,146,0.03,524.56
Verona,74,07/05/2020,37,4897,11,157,0.032,528.55
Verona,75,08/05/2020,20,4917,9,166,0.034,530.71
Verona,76,09/05/2020,17,4934,5,171,0.035,532.54
Verona,77,10/05/2020,10,4944,8,179,0.036,533.62
Verona,78,11/05/2020,2,4946,4,183,0.037,533.84
Verona,79,12/05/2020,11,4957,5,188,0.038,535.03
Verona,80,13/05/2020,10,4967,6,194,0.039,536.11
Verona,81,14/05/2020,11,4978,6,200,0.04,537.29
Verona,82,15/05/2020,19,4997,0,200,0.04,539.34
Verona,83,16/05/2020,5,5002,0,200,0.04,539.88
Verona,84,17/05/2020,4,5006,5,205,0.041,540.31
Verona,85,18/05/2020,2,5008,7,212,0.042,540.53
Verona,86,19/05/2020,32,5040,6,218,0.043,543.98
Verona,87,20/05/2020,16,5056,5,223,0.044,545.71
Verona,88,21/05/2020,-3,5053,5,228,0.045,545.39
Verona,89,22/05/2020,10,5063,4,232,0.046,546.47
Verona,90,23/05/2020,6,5069,5,237,0.047,547.11
Verona,91,24/05/2020,6,5075,1,238,0.047,547.76
Verona,92,25/05/2020,2,5077,0,238,0.047,547.98
Verona,93,26/05/2020,2,5079,0,238,0.047,548.19
Verona,94,27/05/2020,0,5079,1,239,0.047,548.19
Verona,95,28/05/2020,8,5087,1,240,0.047,549.06
Verona,96,29/05/2020,6,5093,2,242,0.048,549.7
Verona,97,30/05/2020,5,5098,2,244,0.048,550.24
Verona,98,31/05/2020,1,5099,0,244,0.048,550.35
Verona,99,01/06/2020,0,5099,0,244,0.048,550.35
Verona,100,02/06/2020,1,5100,0,244,0.048,550.46
Verona,101,03/06/2020,0,5100,0,244,0.048,550.46
Verona,102,04/06/2020,1,5101,2,246,0.048,550.57
Verona,103,05/06/2020,2,5103,3,249,0.049,550.78
Verona,104,06/06/2020,3,5106,3,252,0.049,551.11
Verona,105,07/06/2020,-1,5105,1,253,0.05,551
Verona,106,08/06/2020,0,5105,0,253,0.05,551
Verona,107,09/06/2020,1,5106,2,255,0.05,551.11
Verona,108,10/06/2020,1,5107,0,255,0.05,551.22
Verona,109,11/06/2020,0,5107,0,255,0.05,551.22
Verona,110,12/06/2020,2,5109,1,256,0.05,551.43
Verona,111,13/06/2020,1,5110,2,258,0.05,551.54
Verona,112,14/06/2020,0,5110,0,258,0.05,551.54
Verona,113,15/06/2020,0,5110,0,258,0.05,551.54
Verona,114,16/06/2020,2,5112,0,258,0.05,551.76
Verona,115,17/06/2020,1,5113,1,259,0.051,551.86
Verona,116,18/06/2020,5,5118,0,259,0.051,552.4
Verona,117,19/06/2020,0,5118,1,260,0.051,552.4
Verona,118,20/06/2020,1,5119,0,260,0.051,552.51
Verona,119,21/06/2020,2,5121,0,260,0.051,552.73
Verona,120,22/06/2020,0,5121,0,260,0.051,552.73
Verona,121,23/06/2020,1,5122,0,260,0.051,552.84
Verona,122,24/06/2020,1,5123,0,260,0.051,552.94
Verona,123,25/06/2020,0,5123,0,260,0.051,552.94
Verona,124,26/06/2020,1,5124,0,260,0.051,553.05
Verona,125,27/06/2020,0,5124,0,260,0.051,553.05
Verona,126,28/06/2020,2,5126,0,260,0.051,553.27
Verona,127,29/06/2020,0,5126,0,260,0.051,553.27
Verona,128,30/06/2020,1,5127,0,260,0.051,553.37
Verona,129,01/07/2020,1,5128,2,262,0.051,553.48
Verona,130,02/07/2020,1,5129,0,262,0.051,553.59
Verona,131,03/07/2020,0,5129,0,262,0.051,553.59
Verona,132,04/07/2020,0,5129,0,262,0.051,553.59
Verona,133,05/07/2020,1,5130,0,262,0.051,553.7
Verona,134,06/07/2020,0,5130,0,262,0.051,553.7
Verona,135,07/07/2020,0,5130,3,265,0.052,553.7
Verona,136,08/07/2020,1,5131,0,265,0.052,553.81
Verona,137,09/07/2020,1,5132,0,265,0.052,553.91
Verona,138,10/07/2020,0,5132,0,265,0.052,553.91
Verona,139,11/07/2020,1,5133,0,265,0.052,554.02
Verona,140,12/07/2020,5,5138,0,265,0.052,554.56
Verona,141,13/07/2020,0,5138,0,265,0.052,554.56
Verona,142,14/07/2020,3,5141,1,266,0.052,554.89
Verona,143,15/07/2020,2,5143,1,267,0.052,555.1
Verona,144,16/07/2020,8,5151,3,270,0.052,555.97
Verona,145,17/07/2020,2,5153,0,270,0.052,556.18
Verona,146,18/07/2020,1,5154,1,271,0.053,556.29
Verona,147,19/07/2020,3,5157,0,271,0.053,556.61
Verona,148,20/07/2020,0,5157,0,271,0.053,556.61
Verona,149,21/07/2020,-1,5156,-1,270,0.052,556.5
Verona,150,22/07/2020,2,5158,0,270,0.052,556.72
Verona,151,23/07/2020,30,5188,3,273,0.053,559.96
Verona,152,24/07/2020,2,5190,1,274,0.053,560.17
Verona,153,25/07/2020,3,5193,0,274,0.053,560.5
Verona,154,26/07/2020,-1,5192,0,274,0.053,560.39
Verona,155,27/07/2020,0,5192,0,274,0.053,560.39
Verona,156,28/07/2020,5,5197,1,275,0.053,560.93
Verona,157,29/07/2020,6,5203,2,277,0.053,561.58
Verona,158,30/07/2020,-3,5200,0,277,0.053,561.25
Verona,159,31/07/2020,2,5202,0,277,0.053,561.47
Verona,160,01/08/2020,5,5207,0,277,0.053,562.01
Verona,161,02/08/2020,4,5211,0,277,0.053,562.44
Verona,162,03/08/2020,1,5212,0,277,0.053,562.55
Verona,163,04/08/2020,2,5214,0,277,0.053,562.76
Verona,164,05/08/2020,8,5222,0,277,0.053,563.63
Verona,165,06/08/2020,13,5235,0,277,0.053,565.03
Verona,166,07/08/2020,7,5242,1,278,0.053,565.79
Verona,167,08/08/2020,9,5251,0,278,0.053,566.76
Verona,168,09/08/2020,11,5262,0,278,0.053,567.95
Verona,169,10/08/2020,1,5263,0,278,0.053,568.05
Verona,170,11/08/2020,25,5288,0,278,0.053,570.75
Verona,171,12/08/2020,7,5295,4,282,0.053,571.51
Verona,172,13/08/2020,12,5307,0,282,0.053,572.8
Verona,173,14/08/2020,19,5326,0,282,0.053,574.85
Verona,174,15/08/2020,19,5345,0,282,0.053,576.9
Verona,175,16/08/2020,21,5366,0,282,0.053,579.17
Verona,176,17/08/2020,11,5377,0,282,0.052,580.36
Verona,177,18/08/2020,14,5391,0,282,0.052,581.87
Verona,178,19/08/2020,7,5398,0,282,0.052,582.62
Verona,179,20/08/2020,24,5422,0,282,0.052,585.22
Verona,180,21/08/2020,28,5450,0,282,0.052,588.24
Verona,181,22/08/2020,20,5470,0,282,0.052,590.4
Verona,182,23/08/2020,11,5481,0,282,0.051,591.58
Verona,183,24/08/2020,11,5492,0,282,0.051,592.77
Verona,184,25/08/2020,15,5507,0,282,0.051,594.39
Verona,185,26/08/2020,15,5522,0,282,0.051,596.01
Verona,186,27/08/2020,16,5538,0,282,0.051,597.74
Verona,187,28/08/2020,13,5551,0,282,0.051,599.14
Verona,188,29/08/2020,20,5571,0,282,0.051,601.3
Verona,189,30/08/2020,18,5589,0,282,0.05,603.24
Verona,190,31/08/2020,13,5602,0,282,0.05,604.64
Verona,191,01/09/2020,6,5608,0,282,0.05,605.29
Verona,192,02/09/2020,28,5636,0,282,0.05,608.31
Verona,193,03/09/2020,21,5657,0,282,0.05,610.58
Verona,194,04/09/2020,38,5695,1,283,0.05,614.68
Verona,195,05/09/2020,31,5726,0,283,0.049,618.03
Verona,196,06/09/2020,19,5745,0,283,0.049,620.08
Verona,197,07/09/2020,12,5757,0,283,0.049,621.37
Verona,198,08/09/2020,23,5780,0,283,0.049,623.86
Verona,199,09/09/2020,16,5796,1,284,0.049,625.58
Verona,200,10/09/2020,34,5830,0,284,0.049,629.25
Verona,201,11/09/2020,47,5877,0,284,0.048,634.32
Verona,202,12/09/2020,21,5898,0,284,0.048,636.59
Verona,203,13/09/2020,40,5938,0,284,0.048,640.91
Verona,204,14/09/2020,14,5952,1,285,0.048,642.42
Verona,205,15/09/2020,17,5969,0,285,0.048,644.25
Verona,206,16/09/2020,50,6019,1,286,0.048,649.65
Verona,207,17/09/2020,26,6045,0,286,0.047,652.46
Verona,208,18/09/2020,49,6094,0,286,0.047,657.75
Verona,209,19/09/2020,54,6148,0,286,0.047,663.57
Verona,210,20/09/2020,30,6178,1,287,0.046,666.81
Verona,211,21/09/2020,29,6207,0,287,0.046,669.94
Verona,212,22/09/2020,21,6228,0,287,0.046,672.21
Verona,213,23/09/2020,45,6273,0,287,0.046,677.07
Verona,214,24/09/2020,58,6331,1,288,0.045,683.33
Verona,215,25/09/2020,43,6374,0,288,0.045,687.97
Verona,216,26/09/2020,45,6419,0,288,0.045,692.82
Verona,217,27/09/2020,18,6437,1,289,0.045,694.77
Verona,218,28/09/2020,7,6444,0,289,0.045,695.52
Verona,219,29/09/2020,20,6464,0,289,0.045,697.68
Verona,220,30/09/2020,36,6500,0,289,0.044,701.57
Verona,221,01/10/2020,56,6556,1,290,0.044,707.61
Verona,222,02/10/2020,44,6600,0,290,0.044,712.36
Verona,223,03/10/2020,38,6638,1,291,0.044,716.46
Verona,224,04/10/2020,50,6688,0,291,0.044,721.86
Verona,225,05/10/2020,9,6697,0,291,0.043,722.83
Verona,226,06/10/2020,32,6729,1,292,0.043,726.28
Verona,227,07/10/2020,65,6794,1,293,0.043,733.3
Verona,228,08/10/2020,90,6884,2,295,0.043,743.01
Verona,229,09/10/2020,96,6980,2,297,0.043,753.38
Verona,230,10/10/2020,131,7111,1,298,0.042,767.51
Verona,231,11/10/2020,60,7171,2,300,0.042,773.99
Verona,232,12/10/2020,6,7177,0,300,0.042,774.64
Verona,233,13/10/2020,104,7281,1,301,0.041,785.86
Verona,234,14/10/2020,95,7376,0,301,0.041,796.12
Verona,235,15/10/2020,124,7500,2,303,0.04,809.5
Verona,236,16/10/2020,117,7617,4,307,0.04,822.13
Verona,237,17/10/2020,95,7712,0,307,0.04,832.38
Verona,238,18/10/2020,143,7855,0,307,0.039,847.82
Verona,239,19/10/2020,29,7884,0,307,0.039,850.95
Verona,240,20/10/2020,119,8003,3,310,0.039,863.79
Verona,241,21/10/2020,165,8168,5,315,0.039,881.6
Verona,242,22/10/2020,182,8350,2,317,0.038,901.24
Verona,243,23/10/2020,246,8596,0,317,0.037,927.8
Verona,244,24/10/2020,272,8868,0,317,0.036,957.15
Verona,245,25/10/2020,148,9016,0,317,0.035,973.13
Verona,246,26/10/2020,72,9088,0,317,0.035,980.9
Verona,247,27/10/2020,218,9306,4,321,0.034,1004.43
Verona,248,28/10/2020,263,9569,2,323,0.034,1032.82
Verona,249,29/10/2020,326,9895,1,324,0.033,1068
Verona,250,30/10/2020,452,10347,4,328,0.032,1116.79
Verona,251,31/10/2020,384,10731,6,334,0.031,1158.23
Verona,252,01/11/2020,374,11105,3,337,0.03,1198.6
Verona,253,02/11/2020,120,11225,2,339,0.03,1211.55
Verona,254,03/11/2020,288,11513,7,346,0.03,1242.64
Verona,255,04/11/2020,459,11972,3,349,0.029,1292.18
Verona,256,05/11/2020,751,12723,9,358,0.028,1373.24
Verona,257,06/11/2020,875,13598,312,670,0.049,1467.68
Verona,258,07/11/2020,782,14380,8,678,0.047,1552.08
Verona,259,08/11/2020,560,14940,1,679,0.045,1612.53
Verona,260,09/11/2020,174,15114,5,684,0.045,1631.31
Verona,261,10/11/2020,600,15714,9,693,0.044,1696.07
Verona,262,11/11/2020,710,16424,13,706,0.043,1772.7
Verona,263,12/11/2020,713,17137,10,716,0.042,1849.66
Verona,264,13/11/2020,719,17856,11,727,0.041,1927.26
Verona,265,14/11/2020,824,18680,16,743,0.04,2016.2
Verona,266,15/11/2020,384,19064,8,751,0.039,2057.64
Verona,267,16/11/2020,109,19173,15,766,0.04,2069.41
Verona,268,17/11/2020,847,20020,0,766,0.038,2160.83
Verona,269,18/11/2020,594,20614,15,781,0.038,2224.94
Verona,270,19/11/2020,788,21402,0,781,0.036,2309.99
Verona,271,20/11/2020,579,21981,16,797,0.036,2372.48
Verona,272,21/11/2020,813,22794,0,797,0.035,2460.23
Verona,273,22/11/2020,453,23247,0,797,0.034,2509.13
Verona,274,23/11/2020,118,23365,0,797,0.034,2521.86
Verona,275,24/11/2020,508,23873,20,817,0.034,2576.69
Verona,276,25/11/2020,694,24567,0,817,0.033,2651.6
Verona,277,26/11/2020,575,25142,26,843,0.034,2713.66
Verona,278,27/11/2020,654,25796,12,855,0.033,2784.25
Verona,279,28/11/2020,826,26622,25,880,0.033,2873.4
Verona,280,29/11/2020,376,26998,7,887,0.033,2913.99
Verona,281,30/11/2020,266,27264,10,897,0.033,2942.7
Verona,282,01/12/2020,377,27641,0,897,0.032,2983.39
Verona,283,02/12/2020,542,28183,15,912,0.032,3041.89
Verona,284,03/12/2020,847,29030,22,934,0.032,3133.31
Verona,285,04/12/2020,662,29692,23,957,0.032,3204.76
Verona,286,05/12/2020,793,30485,37,994,0.033,3290.35
Verona,287,06/12/2020,535,31020,4,998,0.032,3348.1
Verona,288,07/12/2020,688,31708,13,1011,0.032,3422.35
Verona,289,08/12/2020,604,32312,26,1037,0.032,3487.55
Verona,290,09/12/2020,658,32970,2,1039,0.032,3558.57
Verona,291,10/12/2020,1312,34282,20,1059,0.031,3700.17
Verona,292,11/12/2020,904,35186,38,1097,0.031,3797.75
Verona,293,12/12/2020,1037,36223,31,1128,0.031,3909.67
Verona,294,13/12/2020,834,37057,7,1135,0.031,3999.69
Verona,295,14/12/2020,380,37437,7,1142,0.031,4040.7
Verona,296,15/12/2020,619,38056,55,1197,0.031,4107.51
Verona,297,16/12/2020,860,38916,10,1207,0.031,4200.34
Verona,298,17/12/2020,810,39726,12,1219,0.031,4287.76
Verona,299,18/12/2020,1022,40748,34,1253,0.031,4398.07
Verona,300,19/12/2020,837,41585,34,1287,0.031,4488.41
Verona,301,20/12/2020,716,42301,11,1298,0.031,4565.69
Verona,302,21/12/2020,478,42779,16,1314,0.031,4617.28
Verona,303,22/12/2020,532,43311,46,1360,0.031,4674.7
Verona,304,23/12/2020,651,43962,43,1403,0.032,4744.97
Verona,305,24/12/2020,822,44784,17,1420,0.032,4833.69
Verona,306,25/12/2020,773,45557,18,1438,0.032,4917.12
Verona,307,26/12/2020,546,46103,23,1461,0.032,4976.05
Verona,308,27/12/2020,699,46802,27,1488,0.032,5051.5
Verona,309,28/12/2020,611,47413,29,1517,0.032,5117.45
Verona,310,29/12/2020,578,47991,56,1573,0.033,5179.83
Verona,311,30/12/2020,583,48574,33,1606,0.033,5242.76
Verona,312,31/12/2020,1101,49675,38,1644,0.033,5361.59
Verona,313,01/01/2021,1216,50891,26,1670,0.033,5492.84
Verona,314,02/01/2021,583,51474,21,1691,0.033,5555.77
Verona,315,03/01/2021,350,51824,22,1713,0.033,5593.54
Verona,316,04/01/2021,199,52023,17,1730,0.033,5615.02
Verona,317,05/01/2021,746,52769,36,1766,0.033,5695.54
Verona,318,06/01/2021,656,53425,14,1780,0.033,5766.34
Verona,319,07/01/2021,774,54199,6,1786,0.033,5849.88
Verona,320,08/01/2021,551,54750,9,1795,0.033,5909.36
Verona,321,09/01/2021,700,55450,24,1819,0.033,5984.91
Verona,322,10/01/2021,389,55839,0,1819,0.033,6026.89
Verona,323,11/01/2021,184,56023,6,1825,0.033,6046.75
Verona,324,12/01/2021,406,56429,39,1864,0.033,6090.58
Verona,325,13/01/2021,276,56705,19,1883,0.033,6120.37
Verona,326,14/01/2021,328,57033,22,1905,0.033,6155.77
Verona,327,15/01/2021,405,57438,27,1932,0.034,6199.48
Verona,328,16/01/2021,267,57705,2,1934,0.034,6228.3
Verona,329,17/01/2021,293,57998,0,1934,0.033,6259.92
