Province;Day;Date;New_cases;Curr_pos_cases;Deaths;Tot_deaths;Lethality_rate;Cumul_rates
Vicenza;1;24/02/2020;0;0;0;0;0;0
Vicenza;2;25/02/2020;0;0;0;0;0;0
Vicenza;3;26/02/2020;0;0;0;0;0;0
Vicenza;4;27/02/2020;3;3;0;0;0;0.35
Vicenza;5;28/02/2020;0;3;0;0;0;0.35
Vicenza;6;29/02/2020;0;3;0;0;0;0.35
Vicenza;7;01/03/2020;0;3;0;0;0;0.35
Vicenza;8;02/03/2020;0;3;0;0;0;0.35
Vicenza;9;03/03/2020;2;5;0;0;0;0.58
Vicenza;10;04/03/2020;5;10;0;0;0;1.16
Vicenza;11;05/03/2020;9;19;0;0;0;2.2
Vicenza;12;06/03/2020;5;24;0;0;0;2.78
Vicenza;13;07/03/2020;13;37;0;0;0;4.29
Vicenza;14;08/03/2020;13;50;0;0;0;5.8
Vicenza;15;09/03/2020;3;53;0;0;0;6.15
Vicenza;16;10/03/2020;20;73;0;0;0;8.46
Vicenza;17;11/03/2020;19;92;0;0;0;10.67
Vicenza;18;12/03/2020;30;122;0;0;0;14.15
Vicenza;19;13/03/2020;19;141;0;0;0;16.35
Vicenza;20;14/03/2020;23;164;0;0;0;19.02
Vicenza;21;15/03/2020;71;235;0;0;0;27.25
Vicenza;22;16/03/2020;52;287;0;0;0;33.28
Vicenza;23;17/03/2020;38;325;0;0;0;37.68
Vicenza;24;18/03/2020;68;393;0;0;0;45.57
Vicenza;25;19/03/2020;31;424;0;0;0;49.16
Vicenza;26;20/03/2020;94;518;0;0;0;60.06
Vicenza;27;21/03/2020;54;572;0;0;0;66.33
Vicenza;28;22/03/2020;59;631;0;0;0;73.17
Vicenza;29;23/03/2020;60;691;0;0;0;80.12
Vicenza;30;24/03/2020;53;744;0;0;0;86.27
Vicenza;31;25/03/2020;80;824;0;0;0;95.55
Vicenza;32;26/03/2020;75;899;0;0;0;104.24
Vicenza;33;27/03/2020;67;966;0;0;0;112.01
Vicenza;34;28/03/2020;70;1036;0;0;0;120.13
Vicenza;35;29/03/2020;68;1104;0;0;0;128.01
Vicenza;36;30/03/2020;64;1168;0;0;0;135.43
Vicenza;37;31/03/2020;74;1242;0;0;0;144.01
Vicenza;38;01/04/2020;85;1327;0;0;0;153.87
Vicenza;39;02/04/2020;107;1434;0;0;0;166.28
Vicenza;40;03/04/2020;80;1514;0;0;0;175.55
Vicenza;41;04/04/2020;94;1608;0;0;0;186.45
Vicenza;42;05/04/2020;39;1647;0;0;0;190.97
Vicenza;43;06/04/2020;57;1704;0;0;0;197.58
Vicenza;44;07/04/2020;30;1734;0;0;0;201.06
Vicenza;45;08/04/2020;48;1782;0;0;0;206.63
Vicenza;46;09/04/2020;103;1885;0;0;0;218.57
Vicenza;47;10/04/2020;68;1953;0;0;0;226.46
Vicenza;48;11/04/2020;56;2009;0;0;0;232.95
Vicenza;49;12/04/2020;46;2055;0;0;0;238.28
Vicenza;50;13/04/2020;25;2080;0;0;0;241.18
Vicenza;51;14/04/2020;9;2089;0;0;0;242.23
Vicenza;52;15/04/2020;47;2136;0;0;0;247.68
Vicenza;53;16/04/2020;34;2170;0;0;0;251.62
Vicenza;54;17/04/2020;30;2200;0;0;0;255.1
Vicenza;55;18/04/2020;96;2296;0;0;0;266.23
Vicenza;56;19/04/2020;43;2339;7;7;0;271.21
Vicenza;57;20/04/2020;40;2379;1;8;0;275.85
Vicenza;58;21/04/2020;11;2390;7;15;0.01;277.13
Vicenza;59;22/04/2020;43;2433;3;18;0.01;282.11
Vicenza;60;23/04/2020;21;2454;3;21;0.01;284.55
Vicenza;61;24/04/2020;29;2483;5;26;0.01;287.91
Vicenza;62;25/04/2020;53;2536;22;48;0.02;294.06
Vicenza;63;26/04/2020;18;2554;5;53;0.02;296.14
Vicenza;64;27/04/2020;17;2571;2;55;0.02;298.12
Vicenza;65;28/04/2020;25;2596;6;61;0.02;301.01
Vicenza;66;29/04/2020;20;2616;7;68;0.03;303.33
Vicenza;67;30/04/2020;28;2644;6;74;0.03;306.58
Vicenza;68;01/05/2020;36;2680;1;75;0.03;310.75
Vicenza;69;02/05/2020;21;2701;2;77;0.03;313.19
Vicenza;70;03/05/2020;12;2713;6;83;0.03;314.58
Vicenza;71;04/05/2020;6;2719;4;87;0.03;315.28
Vicenza;72;05/05/2020;3;2722;2;89;0.03;315.62
Vicenza;73;06/05/2020;10;2732;4;93;0.03;316.78
Vicenza;74;07/05/2020;11;2743;2;95;0.04;318.06
Vicenza;75;08/05/2020;5;2748;25;120;0.04;318.64
Vicenza;76;09/05/2020;8;2756;1;121;0.04;319.57
Vicenza;77;10/05/2020;16;2772;2;123;0.04;321.42
Vicenza;78;11/05/2020;1;2773;3;126;0.04;321.54
Vicenza;79;12/05/2020;14;2787;3;129;0.05;323.16
Vicenza;80;13/05/2020;2;2789;10;139;0.05;323.39
Vicenza;81;14/05/2020;6;2795;6;145;0.05;324.09
Vicenza;82;15/05/2020;13;2808;0;145;0.05;325.6
Vicenza;83;16/05/2020;6;2814;0;145;0.05;326.29
Vicenza;84;17/05/2020;2;2816;1;146;0.05;326.52
Vicenza;85;18/05/2020;2;2818;3;149;0.05;326.76
Vicenza;86;19/05/2020;6;2824;2;151;0.05;327.45
Vicenza;87;20/05/2020;6;2830;0;151;0.05;328.15
Vicenza;88;21/05/2020;1;2831;2;153;0.05;328.26
Vicenza;89;22/05/2020;1;2832;5;158;0.06;328.38
Vicenza;90;23/05/2020;0;2832;5;163;0.06;328.38
Vicenza;91;24/05/2020;2;2834;0;163;0.06;328.61
Vicenza;92;25/05/2020;0;2834;0;163;0.06;328.61
Vicenza;93;26/05/2020;1;2835;0;163;0.06;328.73
Vicenza;94;27/05/2020;4;2839;2;165;0.06;329.19
Vicenza;95;28/05/2020;4;2843;0;165;0.06;329.65
Vicenza;96;29/05/2020;2;2845;2;167;0.06;329.89
Vicenza;97;30/05/2020;0;2845;5;172;0.06;329.89
Vicenza;98;31/05/2020;1;2846;0;172;0.06;330
Vicenza;99;01/06/2020;0;2846;0;172;0.06;330
Vicenza;100;02/06/2020;3;2849;0;172;0.06;330.35
Vicenza;101;03/06/2020;0;2849;0;172;0.06;330.35
Vicenza;102;04/06/2020;-1;2848;4;176;0.06;330.23
Vicenza;103;05/06/2020;3;2851;0;176;0.06;330.58
Vicenza;104;06/06/2020;0;2851;1;177;0.06;330.58
Vicenza;105;07/06/2020;1;2852;0;177;0.06;330.7
Vicenza;106;08/06/2020;0;2852;1;178;0.06;330.7
Vicenza;107;09/06/2020;0;2852;0;178;0.06;330.7
Vicenza;108;10/06/2020;0;2852;0;178;0.06;330.7
Vicenza;109;11/06/2020;3;2855;1;179;0.06;331.05
Vicenza;110;12/06/2020;0;2855;0;179;0.06;331.05
Vicenza;111;13/06/2020;0;2855;6;185;0.06;331.05
Vicenza;112;14/06/2020;0;2855;0;185;0.06;331.05
Vicenza;113;15/06/2020;0;2855;0;185;0.06;331.05
Vicenza;114;16/06/2020;0;2855;0;185;0.06;331.05
Vicenza;115;17/06/2020;0;2855;1;186;0.06;331.05
Vicenza;116;18/06/2020;1;2856;2;188;0.07;331.16
Vicenza;117;19/06/2020;0;2856;1;189;0.07;331.16
Vicenza;118;20/06/2020;0;2856;3;192;0.07;331.16
Vicenza;119;21/06/2020;2;2858;0;192;0.07;331.39
Vicenza;120;22/06/2020;0;2858;0;192;0.07;331.39
Vicenza;121;23/06/2020;1;2859;0;192;0.07;331.51
Vicenza;122;24/06/2020;1;2860;0;192;0.07;331.63
Vicenza;123;25/06/2020;-1;2859;0;192;0.07;331.51
Vicenza;124;26/06/2020;3;2862;0;192;0.07;331.86
Vicenza;125;27/06/2020;0;2862;0;192;0.07;331.86
Vicenza;126;28/06/2020;2;2864;0;192;0.07;332.09
Vicenza;127;29/06/2020;1;2865;0;192;0.07;332.21
Vicenza;128;30/06/2020;1;2866;3;195;0.07;332.32
Vicenza;129;01/07/2020;1;2867;6;201;0.07;332.44
Vicenza;130;02/07/2020;3;2870;0;201;0.07;332.79
Vicenza;131;03/07/2020;0;2870;0;201;0.07;332.79
Vicenza;132;04/07/2020;1;2871;0;201;0.07;332.9
Vicenza;133;05/07/2020;2;2873;0;201;0.07;333.13
Vicenza;134;06/07/2020;0;2873;0;201;0.07;333.13
Vicenza;135;07/07/2020;0;2873;1;202;0.07;333.13
Vicenza;136;08/07/2020;0;2873;0;202;0.07;333.13
Vicenza;137;09/07/2020;1;2874;1;203;0.07;333.25
Vicenza;138;10/07/2020;2;2876;2;205;0.07;333.48
Vicenza;139;11/07/2020;0;2876;0;205;0.07;333.48
Vicenza;140;12/07/2020;2;2878;0;205;0.07;333.71
Vicenza;141;13/07/2020;0;2878;0;205;0.07;333.71
Vicenza;142;14/07/2020;1;2879;1;206;0.07;333.83
Vicenza;143;15/07/2020;2;2881;0;206;0.07;334.06
Vicenza;144;16/07/2020;1;2882;0;206;0.07;334.18
Vicenza;145;17/07/2020;0;2882;0;206;0.07;334.18
Vicenza;146;18/07/2020;1;2883;0;206;0.07;334.29
Vicenza;147;19/07/2020;0;2883;0;206;0.07;334.29
Vicenza;148;20/07/2020;1;2884;0;206;0.07;334.41
Vicenza;149;21/07/2020;1;2885;1;207;0.07;334.52
Vicenza;150;22/07/2020;1;2886;1;208;0.07;334.64
Vicenza;151;23/07/2020;-2;2884;1;209;0.07;334.41
Vicenza;152;24/07/2020;3;2887;0;209;0.07;334.76
Vicenza;153;25/07/2020;2;2889;0;209;0.07;334.99
Vicenza;154;26/07/2020;1;2890;0;209;0.07;335.1
Vicenza;155;27/07/2020;9;2899;0;209;0.07;336.15
Vicenza;156;28/07/2020;5;2904;2;211;0.07;336.73
Vicenza;157;29/07/2020;5;2909;2;213;0.07;337.31
Vicenza;158;30/07/2020;2;2911;0;213;0.07;337.54
Vicenza;159;31/07/2020;4;2915;1;214;0.07;338
Vicenza;160;01/08/2020;1;2916;0;214;0.07;338.12
Vicenza;161;02/08/2020;4;2920;0;214;0.07;338.58
Vicenza;162;03/08/2020;0;2920;0;214;0.07;338.58
Vicenza;163;04/08/2020;2;2922;0;214;0.07;338.81
Vicenza;164;05/08/2020;3;2925;0;214;0.07;339.16
Vicenza;165;06/08/2020;6;2931;0;214;0.07;339.86
Vicenza;166;07/08/2020;6;2937;0;214;0.07;340.55
Vicenza;167;08/08/2020;3;2940;3;217;0.07;340.9
Vicenza;168;09/08/2020;8;2948;0;217;0.07;341.83
Vicenza;169;10/08/2020;0;2948;0;217;0.07;341.83
Vicenza;170;11/08/2020;4;2952;0;217;0.07;342.29
Vicenza;171;12/08/2020;3;2955;1;218;0.07;342.64
Vicenza;172;13/08/2020;11;2966;2;220;0.07;343.92
Vicenza;173;14/08/2020;10;2976;1;221;0.07;345.08
Vicenza;174;15/08/2020;10;2986;0;221;0.07;346.24
Vicenza;175;16/08/2020;5;2991;0;221;0.07;346.82
Vicenza;176;17/08/2020;6;2997;0;221;0.07;347.51
Vicenza;177;18/08/2020;6;3003;0;221;0.07;348.21
Vicenza;178;19/08/2020;7;3010;0;221;0.07;349.02
Vicenza;179;20/08/2020;12;3022;0;221;0.07;350.41
Vicenza;180;21/08/2020;6;3028;0;221;0.07;351.11
Vicenza;181;22/08/2020;9;3037;1;222;0.07;352.15
Vicenza;182;23/08/2020;28;3065;0;222;0.07;355.4
Vicenza;183;24/08/2020;3;3068;0;222;0.07;355.74
Vicenza;184;25/08/2020;8;3076;0;222;0.07;356.67
Vicenza;185;26/08/2020;25;3101;0;222;0.07;359.57
Vicenza;186;27/08/2020;25;3126;0;222;0.07;362.47
Vicenza;187;28/08/2020;28;3154;1;223;0.07;365.72
Vicenza;188;29/08/2020;24;3178;0;223;0.07;368.5
Vicenza;189;30/08/2020;8;3186;0;223;0.07;369.43
Vicenza;190;31/08/2020;6;3192;0;223;0.07;370.12
Vicenza;191;01/09/2020;22;3214;1;224;0.07;372.67
Vicenza;192;02/09/2020;23;3237;0;224;0.07;375.34
Vicenza;193;03/09/2020;21;3258;0;224;0.07;377.78
Vicenza;194;04/09/2020;27;3285;0;224;0.07;380.91
Vicenza;195;05/09/2020;28;3313;3;227;0.07;384.15
Vicenza;196;06/09/2020;45;3358;0;227;0.07;389.37
Vicenza;197;07/09/2020;16;3374;0;227;0.07;391.23
Vicenza;198;08/09/2020;14;3388;1;228;0.07;392.85
Vicenza;199;09/09/2020;8;3396;0;228;0.07;393.78
Vicenza;200;10/09/2020;31;3427;0;228;0.07;397.37
Vicenza;201;11/09/2020;24;3451;0;228;0.07;400.15
Vicenza;202;12/09/2020;22;3473;1;229;0.07;402.7
Vicenza;203;13/09/2020;24;3497;1;230;0.07;405.49
Vicenza;204;14/09/2020;5;3502;0;230;0.07;406.07
Vicenza;205;15/09/2020;5;3507;0;230;0.07;406.65
Vicenza;206;16/09/2020;18;3525;0;230;0.06;408.73
Vicenza;207;17/09/2020;8;3533;0;230;0.06;409.66
Vicenza;208;18/09/2020;37;3570;0;230;0.06;413.95
Vicenza;209;19/09/2020;24;3594;3;233;0.06;416.74
Vicenza;210;20/09/2020;37;3631;0;233;0.06;421.03
Vicenza;211;21/09/2020;4;3635;0;233;0.06;421.49
Vicenza;212;22/09/2020;12;3647;1;234;0.06;422.88
Vicenza;213;23/09/2020;18;3665;0;234;0.06;424.97
Vicenza;214;24/09/2020;25;3690;0;234;0.06;427.87
Vicenza;215;25/09/2020;18;3708;2;236;0.06;429.95
Vicenza;216;26/09/2020;30;3738;0;236;0.06;433.43
Vicenza;217;27/09/2020;32;3770;0;236;0.06;437.14
Vicenza;218;28/09/2020;13;3783;0;236;0.06;438.65
Vicenza;219;29/09/2020;17;3800;0;236;0.06;440.62
Vicenza;220;30/09/2020;26;3826;0;236;0.06;443.64
Vicenza;221;01/10/2020;37;3863;0;236;0.06;447.93
Vicenza;222;02/10/2020;33;3896;5;241;0.06;451.75
Vicenza;223;03/10/2020;37;3933;0;241;0.06;456.04
Vicenza;224;04/10/2020;58;3991;1;242;0.06;462.77
Vicenza;225;05/10/2020;7;3998;0;242;0.06;463.58
Vicenza;226;06/10/2020;22;4020;1;243;0.06;466.13
Vicenza;227;07/10/2020;59;4079;0;243;0.06;472.97
Vicenza;228;08/10/2020;109;4188;0;243;0.06;485.61
Vicenza;229;09/10/2020;68;4256;0;243;0.06;493.5
Vicenza;230;10/10/2020;90;4346;2;245;0.06;503.93
Vicenza;231;11/10/2020;89;4435;0;245;0.06;514.25
Vicenza;232;12/10/2020;28;4463;1;246;0.06;517.5
Vicenza;233;13/10/2020;87;4550;0;246;0.05;527.59
Vicenza;234;14/10/2020;134;4684;0;246;0.05;543.12
Vicenza;235;15/10/2020;125;4809;0;246;0.05;557.62
Vicenza;236;16/10/2020;121;4930;1;247;0.05;571.65
Vicenza;237;17/10/2020;158;5088;1;248;0.05;589.97
Vicenza;238;18/10/2020;171;5259;6;254;0.05;609.8
Vicenza;239;19/10/2020;59;5318;0;254;0.05;616.64
Vicenza;240;20/10/2020;68;5386;1;255;0.05;624.52
Vicenza;241;21/10/2020;190;5576;5;260;0.05;646.55
Vicenza;242;22/10/2020;315;5891;10;270;0.05;683.08
Vicenza;243;23/10/2020;320;6211;0;270;0.04;720.18
Vicenza;244;24/10/2020;371;6582;0;270;0.04;763.2
Vicenza;245;25/10/2020;449;7031;0;270;0.04;815.27
Vicenza;246;26/10/2020;154;7185;0;270;0.04;833.12
Vicenza;247;27/10/2020;266;7451;0;270;0.04;863.97
Vicenza;248;28/10/2020;565;8016;4;274;0.03;929.48
Vicenza;249;29/10/2020;415;8431;2;276;0.03;977.6
Vicenza;250;30/10/2020;560;8991;4;280;0.03;1042.53
Vicenza;251;31/10/2020;493;9484;1;281;0.03;1099.7
Vicenza;252;01/11/2020;580;10064;5;286;0.03;1166.95
Vicenza;253;02/11/2020;161;10225;4;290;0.03;1185.62
Vicenza;254;03/11/2020;352;10577;6;296;0.03;1226.44
Vicenza;255;04/11/2020;339;10916;6;302;0.03;1265.74
Vicenza;256;05/11/2020;797;11713;7;309;0.03;1358.16
Vicenza;257;06/11/2020;589;12302;161;470;0.04;1426.45
Vicenza;258;07/11/2020;806;13108;5;475;0.04;1519.91
Vicenza;259;08/11/2020;841;13949;2;477;0.03;1617.43
Vicenza;260;09/11/2020;263;14212;6;483;0.03;1647.92
Vicenza;261;10/11/2020;270;14482;7;490;0.03;1679.23
Vicenza;262;11/11/2020;518;15000;7;497;0.03;1739.3
Vicenza;263;12/11/2020;572;15572;10;507;0.03;1805.62
Vicenza;264;13/11/2020;737;16309;8;515;0.03;1891.08
Vicenza;265;14/11/2020;515;16824;12;527;0.03;1950.79
Vicenza;266;15/11/2020;871;17695;5;532;0.03;2051.79
Vicenza;267;16/11/2020;199;17894;2;534;0.03;2074.86
Vicenza;268;17/11/2020;393;18287;23;557;0.03;2120.43
Vicenza;269;18/11/2020;667;18954;8;565;0.03;2197.77
Vicenza;270;19/11/2020;615;19569;4;569;0.03;2269.09
Vicenza;271;20/11/2020;678;20247;18;587;0.03;2347.7
Vicenza;272;21/11/2020;543;20790;16;603;0.03;2410.66
Vicenza;273;22/11/2020;580;21370;7;610;0.03;2477.92
Vicenza;274;23/11/2020;787;22157;9;619;0.03;2569.17
Vicenza;275;24/11/2020;403;22560;27;646;0.03;2615.9
Vicenza;276;25/11/2020;638;23198;18;664;0.03;2689.88
Vicenza;277;26/11/2020;575;23773;17;681;0.03;2756.55
Vicenza;278;27/11/2020;688;24461;21;702;0.03;2836.33
Vicenza;279;28/11/2020;602;25063;10;712;0.03;2906.13
Vicenza;280;29/11/2020;633;25696;6;718;0.03;2979.53
Vicenza;281;30/11/2020;266;25962;11;729;0.03;3010.37
Vicenza;282;01/12/2020;398;26360;20;749;0.03;3056.52
Vicenza;283;02/12/2020;525;26885;29;778;0.03;3117.4
Vicenza;284;03/12/2020;597;27482;25;803;0.03;3186.62
Vicenza;285;04/12/2020;686;28168;11;814;0.03;3266.17
Vicenza;286;05/12/2020;448;28616;17;831;0.03;3318.11
Vicenza;287;06/12/2020;749;29365;7;838;0.03;3404.96
Vicenza;288;07/12/2020;237;29602;15;853;0.03;3432.44
Vicenza;289;08/12/2020;584;30186;25;878;0.03;3500.16
Vicenza;290;09/12/2020;366;30552;11;889;0.03;3542.6
Vicenza;291;10/12/2020;555;31107;45;934;0.03;3606.95
Vicenza;292;11/12/2020;740;31847;24;958;0.03;3692.76
Vicenza;293;12/12/2020;868;32715;21;979;0.03;3793.4
Vicenza;294;13/12/2020;910;33625;12;991;0.03;3898.92
Vicenza;295;14/12/2020;325;33950;12;1003;0.03;3936.61
Vicenza;296;15/12/2020;496;34446;20;1023;0.03;3994.12
Vicenza;297;16/12/2020;715;35161;16;1039;0.03;4077.03
Vicenza;298;17/12/2020;595;35756;18;1057;0.03;4146.02
Vicenza;299;18/12/2020;597;36353;12;1069;0.03;4215.24
Vicenza;300;19/12/2020;627;36980;18;1087;0.03;4287.94
Vicenza;301;20/12/2020;686;37666;7;1094;0.03;4367.49
Vicenza;302;21/12/2020;318;37984;10;1104;0.03;4404.36
Vicenza;303;22/12/2020;410;38394;25;1129;0.03;4451.9
Vicenza;304;23/12/2020;623;39017;17;1146;0.03;4524.14
Vicenza;305;24/12/2020;642;39659;13;1159;0.03;4598.58
Vicenza;306;25/12/2020;857;40516;8;1167;0.03;4697.95
Vicenza;307;26/12/2020;217;40733;5;1172;0.03;4723.12
Vicenza;308;27/12/2020;541;41274;9;1181;0.03;4785.85
Vicenza;309;28/12/2020;177;41451;15;1196;0.03;4806.37
Vicenza;310;29/12/2020;379;41830;46;1242;0.03;4850.32
Vicenza;311;30/12/2020;515;42345;19;1261;0.03;4910.03
Vicenza;312;31/12/2020;771;43116;23;1284;0.03;4999.43
Vicenza;313;01/01/2021;724;43840;11;1295;0.03;5083.38
Vicenza;314;02/01/2021;307;44147;10;1305;0.03;5118.98
Vicenza;315;03/01/2021;608;44755;13;1318;0.03;5189.48
Vicenza;316;04/01/2021;170;44925;14;1332;0.03;5209.19
Vicenza;317;05/01/2021;439;45364;23;1355;0.03;5260.09
Vicenza;318;06/01/2021;595;45959;22;1377;0.03;5329.09
Vicenza;319;07/01/2021;262;46221;2;1379;0.03;5359.47
Vicenza;320;08/01/2021;626;46847;26;1405;0.03;5432.05
Vicenza;321;09/01/2021;453;47300;12;1417;0.03;5484.58
Vicenza;322;10/01/2021;439;47739;0;1417;0.03;5535.48
