Province,Day,Date,New_cases,Curr_pos_cases,Deaths,Tot_deaths,Lethality_rate,Cumul_rates
Modena,1,24/02/2020,0,0,0,0,0,0
Modena,2,25/02/2020,3,3,0,0,0,0.43
Modena,3,26/02/2020,5,8,0,0,0,1.13
Modena,4,27/02/2020,10,18,0,0,0,2.55
Modena,5,28/02/2020,0,18,0,0,0,2.55
Modena,6,29/02/2020,4,22,0,0,0,3.12
Modena,7,01/03/2020,2,24,0,0,0,3.4
Modena,8,02/03/2020,5,29,0,0,0,4.11
Modena,9,03/03/2020,4,33,0,0,0,4.68
Modena,10,04/03/2020,8,41,0,0,0,5.81
Modena,11,05/03/2020,4,45,0,0,0,6.38
Modena,12,06/03/2020,28,73,0,0,0,10.35
Modena,13,07/03/2020,9,82,1,1,0.01,11.62
Modena,14,08/03/2020,15,97,0,1,0.01,13.75
Modena,15,09/03/2020,19,116,0,1,0.01,16.44
Modena,16,10/03/2020,11,127,0,1,0.01,18
Modena,17,11/03/2020,36,163,2,3,0.02,23.11
Modena,18,12/03/2020,27,190,1,4,0.02,26.94
Modena,19,13/03/2020,61,251,7,11,0.04,35.58
Modena,20,14/03/2020,55,306,0,11,0.04,43.38
Modena,21,15/03/2020,61,367,4,15,0.04,52.03
Modena,22,16/03/2020,73,440,4,19,0.04,62.38
Modena,23,17/03/2020,20,460,3,22,0.05,65.21
Modena,24,18/03/2020,115,575,4,26,0.04,81.51
Modena,25,19/03/2020,88,663,12,38,0.06,93.99
Modena,26,20/03/2020,104,767,11,49,0.06,108.73
Modena,27,21/03/2020,139,906,8,57,0.06,128.44
Modena,28,22/03/2020,104,1010,12,69,0.07,143.18
Modena,29,23/03/2020,145,1155,9,78,0.07,163.74
Modena,30,24/03/2020,199,1354,11,89,0.07,191.95
Modena,31,25/03/2020,179,1533,14,103,0.07,217.33
Modena,32,26/03/2020,143,1676,10,113,0.07,237.6
Modena,33,27/03/2020,96,1772,15,128,0.07,251.21
Modena,34,28/03/2020,150,1922,12,140,0.07,272.47
Modena,35,29/03/2020,172,2094,17,157,0.07,296.86
Modena,36,30/03/2020,43,2137,14,171,0.08,302.95
Modena,37,31/03/2020,85,2222,10,181,0.08,315
Modena,38,01/04/2020,75,2297,10,191,0.08,325.63
Modena,39,02/04/2020,119,2416,18,209,0.09,342.5
Modena,40,03/04/2020,82,2498,9,218,0.09,354.13
Modena,41,04/04/2020,53,2551,6,224,0.09,361.64
Modena,42,05/04/2020,58,2609,9,233,0.09,369.86
Modena,43,06/04/2020,82,2691,6,239,0.09,381.49
Modena,44,07/04/2020,67,2758,12,251,0.09,390.99
Modena,45,08/04/2020,53,2811,5,256,0.09,398.5
Modena,46,09/04/2020,56,2867,7,263,0.09,406.44
Modena,47,10/04/2020,63,2930,10,273,0.09,415.37
Modena,48,11/04/2020,81,3011,12,285,0.1,426.85
Modena,49,12/04/2020,76,3087,9,294,0.1,437.63
Modena,50,13/04/2020,45,3132,8,302,0.1,444.01
Modena,51,14/04/2020,48,3180,10,312,0.1,450.81
Modena,52,15/04/2020,37,3217,9,321,0.1,456.06
Modena,53,16/04/2020,45,3262,8,329,0.1,462.44
Modena,54,17/04/2020,39,3301,5,334,0.1,467.97
Modena,55,18/04/2020,39,3340,9,343,0.1,473.49
Modena,56,19/04/2020,50,3390,8,351,0.1,480.58
Modena,57,20/04/2020,21,3411,8,359,0.1,483.56
Modena,58,21/04/2020,38,3449,8,367,0.11,488.95
Modena,59,22/04/2020,23,3472,9,376,0.11,492.21
Modena,60,23/04/2020,18,3490,8,384,0.11,494.76
Modena,61,24/04/2020,29,3519,1,385,0.11,498.87
Modena,62,25/04/2020,19,3538,3,388,0.11,501.56
Modena,63,26/04/2020,24,3562,2,390,0.11,504.97
Modena,64,27/04/2020,16,3578,2,392,0.11,507.23
Modena,65,28/04/2020,31,3609,3,395,0.11,511.63
Modena,66,29/04/2020,21,3630,3,398,0.11,514.61
Modena,67,30/04/2020,27,3657,4,402,0.11,518.43
Modena,68,01/05/2020,21,3678,2,404,0.11,521.41
Modena,69,02/05/2020,26,3704,4,408,0.11,525.1
Modena,70,03/05/2020,33,3737,3,411,0.11,529.78
Modena,71,04/05/2020,10,3747,3,414,0.11,531.19
Modena,72,05/05/2020,11,3758,4,418,0.11,532.75
Modena,73,06/05/2020,8,3766,5,423,0.11,533.89
Modena,74,07/05/2020,6,3772,5,428,0.11,534.74
Modena,75,08/05/2020,7,3779,4,432,0.11,535.73
Modena,76,09/05/2020,13,3792,5,437,0.12,537.57
Modena,77,10/05/2020,8,3800,2,439,0.12,538.71
Modena,78,11/05/2020,23,3823,0,439,0.12,541.97
Modena,79,12/05/2020,7,3830,3,442,0.12,542.96
Modena,80,13/05/2020,7,3837,1,443,0.12,543.95
Modena,81,14/05/2020,2,3839,6,449,0.12,544.24
Modena,82,15/05/2020,10,3849,2,451,0.12,545.65
Modena,83,16/05/2020,8,3857,0,451,0.12,546.79
Modena,84,17/05/2020,14,3871,2,453,0.12,548.77
Modena,85,18/05/2020,5,3876,3,456,0.12,549.48
Modena,86,19/05/2020,3,3879,1,457,0.12,549.91
Modena,87,20/05/2020,1,3880,1,458,0.12,550.05
Modena,88,21/05/2020,4,3884,1,459,0.12,550.62
Modena,89,22/05/2020,11,3895,1,460,0.12,552.17
Modena,90,23/05/2020,0,3895,0,460,0.12,552.17
Modena,91,24/05/2020,1,3896,1,461,0.12,552.32
Modena,92,25/05/2020,1,3897,1,462,0.12,552.46
Modena,93,26/05/2020,2,3899,1,463,0.12,552.74
Modena,94,27/05/2020,1,3900,0,463,0.12,552.88
Modena,95,28/05/2020,8,3908,0,463,0.12,554.02
Modena,96,29/05/2020,1,3909,0,463,0.12,554.16
Modena,97,30/05/2020,2,3911,1,464,0.12,554.44
Modena,98,31/05/2020,5,3916,1,465,0.12,555.15
Modena,99,01/06/2020,1,3917,0,465,0.12,555.29
Modena,100,02/06/2020,1,3918,0,465,0.12,555.44
Modena,101,03/06/2020,4,3922,0,465,0.12,556
Modena,102,04/06/2020,0,3922,1,466,0.12,556
Modena,103,05/06/2020,2,3924,0,466,0.12,556.29
Modena,104,06/06/2020,2,3926,0,466,0.12,556.57
Modena,105,07/06/2020,1,3927,2,468,0.12,556.71
Modena,106,08/06/2020,0,3927,0,468,0.12,556.71
Modena,107,09/06/2020,0,3927,0,468,0.12,556.71
Modena,108,10/06/2020,1,3928,0,468,0.12,556.85
Modena,109,11/06/2020,1,3929,0,468,0.12,556.99
Modena,110,12/06/2020,1,3930,0,468,0.12,557.14
Modena,111,13/06/2020,2,3932,0,468,0.12,557.42
Modena,112,14/06/2020,0,3932,0,468,0.12,557.42
Modena,113,15/06/2020,1,3933,0,468,0.12,557.56
Modena,114,16/06/2020,2,3935,0,468,0.12,557.85
Modena,115,17/06/2020,1,3936,1,469,0.12,557.99
Modena,116,18/06/2020,2,3938,0,469,0.12,558.27
Modena,117,19/06/2020,1,3939,0,469,0.12,558.41
Modena,118,20/06/2020,2,3941,0,469,0.12,558.7
Modena,119,21/06/2020,2,3943,0,469,0.12,558.98
Modena,120,22/06/2020,0,3943,1,470,0.12,558.98
Modena,121,23/06/2020,1,3944,0,470,0.12,559.12
Modena,122,24/06/2020,-78,3866,0,470,0.12,548.06
Modena,123,25/06/2020,1,3867,0,470,0.12,548.21
Modena,124,26/06/2020,-38,3829,1,471,0.12,542.82
Modena,125,27/06/2020,42,3871,0,471,0.12,548.77
Modena,126,28/06/2020,0,3871,0,471,0.12,548.77
Modena,127,29/06/2020,3,3874,1,472,0.12,549.2
Modena,128,30/06/2020,-1,3873,0,472,0.12,549.06
Modena,129,01/07/2020,4,3877,0,472,0.12,549.62
Modena,130,02/07/2020,1,3878,0,472,0.12,549.76
Modena,131,03/07/2020,2,3880,0,472,0.12,550.05
Modena,132,04/07/2020,3,3883,0,472,0.12,550.47
Modena,133,05/07/2020,7,3890,0,472,0.12,551.47
Modena,134,06/07/2020,5,3895,0,472,0.12,552.17
Modena,135,07/07/2020,3,3898,0,472,0.12,552.6
Modena,136,08/07/2020,3,3901,0,472,0.12,553.03
Modena,137,09/07/2020,1,3902,0,472,0.12,553.17
Modena,138,10/07/2020,9,3911,0,472,0.12,554.44
Modena,139,11/07/2020,4,3915,0,472,0.12,555.01
Modena,140,12/07/2020,20,3935,0,472,0.12,557.85
Modena,141,13/07/2020,2,3937,0,472,0.12,558.13
Modena,142,14/07/2020,3,3940,1,473,0.12,558.55
Modena,143,15/07/2020,1,3941,0,473,0.12,558.7
Modena,144,16/07/2020,13,3954,0,473,0.12,560.54
Modena,145,17/07/2020,4,3958,1,474,0.12,561.11
Modena,146,18/07/2020,6,3964,0,474,0.12,561.96
Modena,147,19/07/2020,8,3972,0,474,0.12,563.09
Modena,148,20/07/2020,7,3979,0,474,0.12,564.08
Modena,149,21/07/2020,3,3982,0,474,0.12,564.51
Modena,150,22/07/2020,13,3995,0,474,0.12,566.35
Modena,151,23/07/2020,6,4001,0,474,0.12,567.2
Modena,152,24/07/2020,12,4013,0,474,0.12,568.9
Modena,153,25/07/2020,12,4025,0,474,0.12,570.6
Modena,154,26/07/2020,7,4032,0,474,0.12,571.6
Modena,155,27/07/2020,8,4040,0,474,0.12,572.73
Modena,156,28/07/2020,1,4041,0,474,0.12,572.87
Modena,157,29/07/2020,5,4046,0,474,0.12,573.58
Modena,158,30/07/2020,9,4055,0,474,0.12,574.86
Modena,159,31/07/2020,3,4058,0,474,0.12,575.28
Modena,160,01/08/2020,3,4061,0,474,0.12,575.71
Modena,161,02/08/2020,3,4064,0,474,0.12,576.13
Modena,162,03/08/2020,-25,4039,0,474,0.12,572.59
Modena,163,04/08/2020,36,4075,0,474,0.12,577.69
Modena,164,05/08/2020,6,4081,0,474,0.12,578.54
Modena,165,06/08/2020,9,4090,0,474,0.12,579.82
Modena,166,07/08/2020,14,4104,0,474,0.12,581.8
Modena,167,08/08/2020,7,4111,0,474,0.12,582.8
Modena,168,09/08/2020,6,4117,0,474,0.12,583.65
Modena,169,10/08/2020,8,4125,0,474,0.12,584.78
Modena,170,11/08/2020,2,4127,0,474,0.12,585.06
Modena,171,12/08/2020,4,4131,0,474,0.12,585.63
Modena,172,13/08/2020,5,4136,0,474,0.12,586.34
Modena,173,14/08/2020,11,4147,0,474,0.11,587.9
Modena,174,15/08/2020,10,4157,0,474,0.11,589.32
Modena,175,16/08/2020,9,4166,0,474,0.11,590.59
Modena,176,17/08/2020,-1,4165,0,474,0.11,590.45
Modena,177,18/08/2020,3,4168,0,474,0.11,590.88
Modena,178,19/08/2020,15,4183,0,474,0.11,593
Modena,179,20/08/2020,6,4189,0,474,0.11,593.85
Modena,180,21/08/2020,9,4198,0,474,0.11,595.13
Modena,181,22/08/2020,5,4203,0,474,0.11,595.84
Modena,182,23/08/2020,8,4211,0,474,0.11,596.97
Modena,183,24/08/2020,24,4235,1,475,0.11,600.37
Modena,184,25/08/2020,12,4247,0,475,0.11,602.08
Modena,185,26/08/2020,14,4261,0,475,0.11,604.06
Modena,186,27/08/2020,15,4276,0,475,0.11,606.19
Modena,187,28/08/2020,24,4300,0,475,0.11,609.59
Modena,188,29/08/2020,12,4312,0,475,0.11,611.29
Modena,189,30/08/2020,11,4323,0,475,0.11,612.85
Modena,190,31/08/2020,11,4334,1,476,0.11,614.41
Modena,191,01/09/2020,20,4354,0,476,0.11,617.24
Modena,192,02/09/2020,30,4384,0,476,0.11,621.5
Modena,193,03/09/2020,23,4407,0,476,0.11,624.76
Modena,194,04/09/2020,12,4419,0,476,0.11,626.46
Modena,195,05/09/2020,22,4441,0,476,0.11,629.58
Modena,196,06/09/2020,17,4458,0,476,0.11,631.99
Modena,197,07/09/2020,18,4476,0,476,0.11,634.54
Modena,198,08/09/2020,23,4499,0,476,0.11,637.8
Modena,199,09/09/2020,6,4505,1,477,0.11,638.65
Modena,200,10/09/2020,24,4529,0,477,0.1,642.05
Modena,201,11/09/2020,25,4554,0,477,0.1,645.6
Modena,202,12/09/2020,16,4570,0,477,0.1,647.87
Modena,203,13/09/2020,12,4582,0,477,0.1,649.57
Modena,204,14/09/2020,15,4597,0,477,0.1,651.69
Modena,205,15/09/2020,22,4619,0,477,0.1,654.81
Modena,206,16/09/2020,15,4634,0,477,0.1,656.94
Modena,207,17/09/2020,21,4655,1,478,0.1,659.92
Modena,208,18/09/2020,15,4670,0,478,0.1,662.04
Modena,209,19/09/2020,22,4692,0,478,0.1,665.16
Modena,210,20/09/2020,17,4709,0,478,0.1,667.57
Modena,211,21/09/2020,21,4730,0,478,0.1,670.55
Modena,212,22/09/2020,1,4731,0,478,0.1,670.69
Modena,213,23/09/2020,10,4741,1,479,0.1,672.11
Modena,214,24/09/2020,12,4753,0,479,0.1,673.81
Modena,215,25/09/2020,11,4764,0,479,0.1,675.37
Modena,216,26/09/2020,20,4784,0,479,0.1,678.2
Modena,217,27/09/2020,8,4792,0,479,0.1,679.34
Modena,218,28/09/2020,8,4800,0,479,0.1,680.47
Modena,219,29/09/2020,22,4822,0,479,0.1,683.59
Modena,220,30/09/2020,0,4822,0,479,0.1,683.59
Modena,221,01/10/2020,13,4835,0,479,0.1,685.43
Modena,222,02/10/2020,30,4865,0,479,0.1,689.69
Modena,223,03/10/2020,24,4889,0,479,0.1,693.09
Modena,224,04/10/2020,12,4901,0,479,0.1,694.79
Modena,225,05/10/2020,23,4924,1,480,0.1,698.05
Modena,226,06/10/2020,15,4939,2,482,0.1,700.18
Modena,227,07/10/2020,21,4960,0,482,0.1,703.15
Modena,228,08/10/2020,24,4984,0,482,0.1,706.56
Modena,229,09/10/2020,50,5034,0,482,0.1,713.64
Modena,230,10/10/2020,50,5084,0,482,0.1,720.73
Modena,231,11/10/2020,52,5136,0,482,0.09,728.1
Modena,232,12/10/2020,55,5191,0,482,0.09,735.9
Modena,233,13/10/2020,57,5248,0,482,0.09,743.98
Modena,234,14/10/2020,50,5298,1,483,0.09,751.07
Modena,235,15/10/2020,61,5359,0,483,0.09,759.72
Modena,236,16/10/2020,60,5419,0,483,0.09,768.22
Modena,237,17/10/2020,81,5500,2,485,0.09,779.71
Modena,238,18/10/2020,54,5554,1,486,0.09,787.36
Modena,239,19/10/2020,75,5629,0,486,0.09,797.99
Modena,240,20/10/2020,91,5720,2,488,0.09,810.9
Modena,241,21/10/2020,79,5799,2,490,0.08,822.09
Modena,242,22/10/2020,82,5881,0,490,0.08,833.72
Modena,243,23/10/2020,88,5969,6,496,0.08,846.19
Modena,244,24/10/2020,122,6091,4,500,0.08,863.49
Modena,245,25/10/2020,134,6225,2,502,0.08,882.49
Modena,246,26/10/2020,146,6371,2,504,0.08,903.18
Modena,247,27/10/2020,278,6649,3,507,0.08,942.6
Modena,248,28/10/2020,274,6923,2,509,0.07,981.44
Modena,249,29/10/2020,263,7186,3,512,0.07,1018.72
Modena,250,30/10/2020,348,7534,1,513,0.07,1068.06
Modena,251,31/10/2020,313,7847,6,519,0.07,1112.43
Modena,252,01/11/2020,309,8156,6,525,0.06,1156.23
Modena,253,02/11/2020,325,8481,9,534,0.06,1202.31
Modena,254,03/11/2020,560,9041,6,540,0.06,1281.7
Modena,255,04/11/2020,535,9576,3,543,0.06,1357.54
Modena,256,05/11/2020,332,9908,3,546,0.06,1404.61
Modena,257,06/11/2020,304,10212,9,555,0.05,1447.7
Modena,258,07/11/2020,352,10564,6,561,0.05,1497.6
Modena,259,08/11/2020,614,11178,2,563,0.05,1584.65
Modena,260,09/11/2020,440,11618,3,566,0.05,1647.03
Modena,261,10/11/2020,621,12239,9,575,0.05,1735.06
Modena,262,11/11/2020,588,12827,8,583,0.04,1818.42
Modena,263,12/11/2020,544,13371,13,596,0.04,1895.54
Modena,264,13/11/2020,514,13885,6,602,0.04,1968.41
Modena,265,14/11/2020,561,14446,5,607,0.04,2047.94
Modena,266,15/11/2020,703,15149,11,618,0.04,2147.6
Modena,267,16/11/2020,592,15741,13,631,0.04,2231.52
Modena,268,17/11/2020,513,16254,7,638,0.04,2304.25
Modena,269,18/11/2020,456,16710,11,649,0.04,2368.89
Modena,270,19/11/2020,351,17061,13,662,0.04,2418.65
Modena,271,20/11/2020,602,17663,11,673,0.04,2503.99
Modena,272,21/11/2020,564,18227,7,680,0.04,2583.95
Modena,273,22/11/2020,468,18695,16,696,0.04,2650.3
Modena,274,23/11/2020,479,19174,13,709,0.04,2718.2
Modena,275,24/11/2020,536,19710,12,721,0.04,2794.19
Modena,276,25/11/2020,244,19954,13,734,0.04,2828.78
Modena,277,26/11/2020,248,20202,7,741,0.04,2863.94
Modena,278,27/11/2020,529,20731,11,752,0.04,2938.93
Modena,279,28/11/2020,363,21094,11,763,0.04,2990.39
Modena,280,29/11/2020,389,21483,10,773,0.04,3045.54
Modena,281,30/11/2020,470,21953,7,780,0.04,3112.17
Modena,282,01/12/2020,346,22299,8,788,0.04,3161.22
Modena,283,02/12/2020,179,22478,6,794,0.04,3186.59
Modena,284,03/12/2020,275,22753,8,802,0.04,3225.58
Modena,285,04/12/2020,483,23236,0,802,0.04,3294.05
Modena,286,05/12/2020,415,23651,12,814,0.03,3352.88
Modena,287,06/12/2020,339,23990,8,822,0.03,3400.94
Modena,288,07/12/2020,427,24417,8,830,0.03,3461.47
Modena,289,08/12/2020,345,24762,13,843,0.03,3510.38
Modena,290,09/12/2020,97,24859,10,853,0.03,3524.13
Modena,291,10/12/2020,271,25130,7,860,0.03,3562.55
Modena,292,11/12/2020,111,25241,9,869,0.03,3578.29
Modena,293,12/12/2020,378,25619,7,876,0.03,3631.88
Modena,294,13/12/2020,420,26039,7,883,0.03,3691.42
Modena,295,14/12/2020,317,26356,8,891,0.03,3736.36
Modena,296,15/12/2020,238,26594,9,900,0.03,3770.1
Modena,297,16/12/2020,145,26739,9,909,0.03,3790.65
Modena,298,17/12/2020,257,26996,6,915,0.03,3827.09
Modena,299,18/12/2020,378,27374,4,919,0.03,3880.67
Modena,300,19/12/2020,268,27642,6,925,0.03,3918.67
Modena,301,20/12/2020,257,27899,5,930,0.03,3955.1
Modena,302,21/12/2020,257,28156,3,933,0.03,3991.53
Modena,303,22/12/2020,138,28294,12,945,0.03,4011.1
Modena,304,23/12/2020,116,28410,4,949,0.03,4027.54
Modena,305,24/12/2020,284,28694,12,961,0.03,4067.8
Modena,306,25/12/2020,359,29053,10,971,0.03,4118.7
Modena,307,26/12/2020,282,29335,6,977,0.03,4158.67
Modena,308,27/12/2020,250,29585,10,987,0.03,4194.12
Modena,309,28/12/2020,49,29634,5,992,0.03,4201.06
Modena,310,29/12/2020,99,29733,6,998,0.03,4215.1
Modena,311,30/12/2020,191,29924,6,1004,0.03,4242.17
Modena,312,31/12/2020,355,30279,8,1012,0.03,4292.5
Modena,313,01/01/2021,496,30775,9,1021,0.03,4362.82
Modena,314,02/01/2021,323,31098,8,1029,0.03,4408.61
Modena,315,03/01/2021,279,31377,8,1037,0.03,4448.16
Modena,316,04/01/2021,193,31570,9,1046,0.03,4475.52
Modena,317,05/01/2021,210,31780,9,1055,0.03,4505.29
Modena,318,06/01/2021,200,31980,13,1068,0.03,4533.64
Modena,319,07/01/2021,407,32387,10,1078,0.03,4591.34
Modena,320,08/01/2021,375,32762,8,1086,0.03,4644.5
Modena,321,09/01/2021,187,32949,13,1099,0.03,4671.01
Modena,322,10/01/2021,391,33340,7,1106,0.03,4726.44
Modena,323,11/01/2021,459,33799,9,1115,0.03,4791.51
Modena,324,12/01/2021,204,34003,9,1124,0.03,4820.43
Modena,325,13/01/2021,82,34085,11,1135,0.03,4832.06
Modena,326,14/01/2021,315,34400,9,1144,0.03,4876.71
Modena,327,15/01/2021,415,34815,10,1154,0.03,4935.55
Modena,328,16/01/2021,289,35104,6,1160,0.03,4976.52
Modena,329,17/01/2021,242,35346,8,1168,0.03,5010.82
Modena,330,18/01/2021,251,35597,8,1176,0.03,5046.41
Modena,331,19/01/2021,150,35747,6,1182,0.03,5067.67
Modena,332,20/01/2021,103,35850,8,1190,0.03,5082.27
Modena,333,21/01/2021,208,36058,11,1201,0.03,5111.76
Modena,334,22/01/2021,270,36328,9,1210,0.03,5150.04
Modena,335,23/01/2021,187,36515,8,1218,0.03,5176.55
Modena,336,24/01/2021,175,36690,7,1225,0.03,5201.36
Modena,337,25/01/2021,193,36883,9,1234,0.03,5228.72
Modena,338,26/01/2021,123,37006,4,1238,0.03,5246.15
Modena,339,27/01/2021,47,37053,5,1243,0.03,5252.82
Modena,340,28/01/2021,158,37211,11,1254,0.03,5275.22
Modena,341,29/01/2021,228,37439,5,1259,0.03,5307.54
Modena,342,30/01/2021,183,37622,3,1262,0.03,5333.48
Modena,343,31/01/2021,226,37848,7,1269,0.03,5365.52
Modena,344,01/02/2021,178,38026,4,1273,0.03,5390.75
Modena,345,02/02/2021,163,38189,6,1279,0.03,5413.86
Modena,346,03/02/2021,68,38257,6,1285,0.03,5423.5
Modena,347,04/02/2021,200,38457,5,1290,0.03,5451.85
Modena,348,05/02/2021,273,38730,5,1295,0.03,5490.56
Modena,349,06/02/2021,177,38907,7,1302,0.03,5515.65
Modena,350,07/02/2021,252,39159,4,1306,0.03,5551.37
Modena,351,08/02/2021,264,39423,5,1311,0.03,5588.8
Modena,352,09/02/2021,145,39568,4,1315,0.03,5609.36
Modena,353,10/02/2021,67,39635,6,1321,0.03,5618.85
Modena,354,11/02/2021,217,39852,2,1323,0.03,5649.62
Modena,355,12/02/2021,288,40140,4,1327,0.03,5690.44
Modena,356,13/02/2021,230,40370,4,1331,0.03,5723.05
Modena,357,14/02/2021,225,40595,4,1335,0.03,5754.95
Modena,358,15/02/2021,293,40888,3,1338,0.03,5796.49
Modena,359,16/02/2021,191,41079,4,1342,0.03,5823.56
Modena,360,17/02/2021,62,41141,3,1345,0.03,5832.35
Modena,361,18/02/2021,229,41370,3,1348,0.03,5864.82
Modena,362,19/02/2021,324,41694,5,1353,0.03,5910.75
Modena,363,20/02/2021,259,41953,3,1356,0.03,5947.46
Modena,364,21/02/2021,298,42251,4,1360,0.03,5989.71
Modena,365,22/02/2021,319,42570,2,1362,0.03,6034.93
Modena,366,23/02/2021,320,42890,4,1366,0.03,6080.3
Modena,367,24/02/2021,95,42985,1,1367,0.03,6093.77
Modena,368,25/02/2021,371,43356,7,1374,0.03,6146.36
Modena,369,26/02/2021,508,43864,3,1377,0.03,6218.38
Modena,370,27/02/2021,491,44355,6,1383,0.03,6287.98
Modena,371,28/02/2021,400,44755,5,1388,0.03,6344.69
Modena,372,01/03/2021,521,45276,5,1393,0.03,6418.55
Modena,373,02/03/2021,308,45584,6,1399,0.03,6462.21
Modena,374,03/03/2021,221,45805,6,1405,0.03,6493.54
Modena,375,04/03/2021,435,46240,4,1409,0.03,6555.21
Modena,376,05/03/2021,686,46926,2,1411,0.03,6652.46
Modena,377,06/03/2021,595,47521,0,1411,0.03,6736.81
Modena,378,07/03/2021,442,47963,5,1416,0.03,6799.47
Modena,379,08/03/2021,529,48492,6,1422,0.03,6874.47
Modena,380,09/03/2021,409,48901,3,1425,0.03,6932.45
Modena,381,10/03/2021,104,49005,4,1429,0.03,6947.19
Modena,382,11/03/2021,386,49391,8,1437,0.03,7001.91
Modena,383,12/03/2021,516,49907,8,1445,0.03,7075.06
Modena,384,13/03/2021,497,50404,9,1454,0.03,7145.52
Modena,385,14/03/2021,439,50843,8,1462,0.03,7207.76
Modena,386,15/03/2021,569,51412,8,1470,0.03,7288.42
Modena,387,16/03/2021,409,51821,4,1474,0.03,7346.4
Modena,388,17/03/2021,201,52022,5,1479,0.03,7374.9
Modena,389,18/03/2021,365,52387,6,1485,0.03,7426.64
Modena,390,19/03/2021,528,52915,7,1492,0.03,7501.49
Modena,391,20/03/2021,430,53345,4,1496,0.03,7562.45
Modena,392,21/03/2021,362,53707,6,1502,0.03,7613.77
Modena,393,22/03/2021,302,54009,3,1505,0.03,7656.58
Modena,394,23/03/2021,286,54295,9,1514,0.03,7697.13
Modena,395,24/03/2021,170,54465,4,1518,0.03,7721.23
Modena,396,25/03/2021,302,54767,6,1524,0.03,7764.04
Modena,397,26/03/2021,408,55175,10,1534,0.03,7821.88
Modena,398,27/03/2021,405,55580,4,1538,0.03,7879.3
Modena,399,28/03/2021,268,55848,3,1541,0.03,7917.29
Modena,400,29/03/2021,307,56155,5,1546,0.03,7960.81
Modena,401,30/03/2021,246,56401,9,1555,0.03,7995.68
Modena,402,31/03/2021,103,56504,6,1561,0.03,8010.29
Modena,403,01/04/2021,246,56750,5,1566,0.03,8045.16
Modena,404,02/04/2021,337,57087,8,1574,0.03,8092.94
Modena,405,03/04/2021,274,57361,0,1574,0.03,8131.78
Modena,406,04/04/2021,298,57659,6,1580,0.03,8174.02
Modena,407,05/04/2021,321,57980,4,1584,0.03,8219.53
Modena,408,06/04/2021,175,58155,5,1589,0.03,8244.34
Modena,409,07/04/2021,60,58215,10,1599,0.03,8252.85
Modena,410,08/04/2021,73,58288,3,1602,0.03,8263.2
Modena,411,09/04/2021,293,58581,0,1602,0.03,8304.73
Modena,412,10/04/2021,278,58859,4,1606,0.03,8344.14
Modena,413,11/04/2021,174,59033,8,1614,0.03,8368.81
Modena,414,12/04/2021,215,59248,4,1618,0.03,8399.29
Modena,415,13/04/2021,129,59377,2,1620,0.03,8417.58
Modena,416,14/04/2021,74,59451,4,1624,0.03,8428.07
Modena,417,15/04/2021,186,59637,0,1624,0.03,8454.44
Modena,418,16/04/2021,215,59852,6,1630,0.03,8484.92
Modena,419,17/04/2021,199,60051,7,1637,0.03,8513.13
Modena,420,18/04/2021,180,60231,3,1640,0.03,8538.64
Modena,421,19/04/2021,162,60393,6,1646,0.03,8561.61
Modena,422,20/04/2021,131,60524,4,1650,0.03,8580.18
Modena,423,21/04/2021,80,60604,3,1653,0.03,8591.52
Modena,424,22/04/2021,181,60785,8,1661,0.03,8617.18
Modena,425,23/04/2021,182,60967,4,1665,0.03,8642.98
Modena,426,24/04/2021,158,61125,2,1667,0.03,8665.38
Modena,427,25/04/2021,153,61278,5,1672,0.03,8687.07
Modena,428,26/04/2021,160,61438,2,1674,0.03,8709.75
Modena,429,27/04/2021,114,61552,0,1674,0.03,8725.92
Modena,430,28/04/2021,55,61607,4,1678,0.03,8733.71
Modena,431,29/04/2021,148,61755,0,1678,0.03,8754.69
Modena,432,30/04/2021,192,61947,2,1680,0.03,8781.91
Modena,433,01/05/2021,197,62144,0,1680,0.03,8809.84
Modena,434,02/05/2021,135,62279,2,1682,0.03,8828.98
Modena,435,03/05/2021,107,62386,3,1685,0.03,8844.15
Modena,436,04/05/2021,51,62437,2,1687,0.03,8851.38
Modena,437,05/05/2021,29,62466,1,1688,0.03,8855.49
Modena,438,06/05/2021,170,62636,4,1692,0.03,8879.59
Modena,439,07/05/2021,176,62812,0,1692,0.03,8904.54
Modena,440,08/05/2021,112,62924,3,1695,0.03,8920.42
Modena,441,09/05/2021,93,63017,0,1695,0.03,8933.6
Modena,442,10/05/2021,98,63115,1,1696,0.03,8947.49
Modena,443,11/05/2021,68,63183,2,1698,0.03,8957.13
Modena,444,12/05/2021,26,63209,0,1698,0.03,8960.82
Modena,445,13/05/2021,121,63330,4,1702,0.03,8977.97
Modena,446,14/05/2021,103,63433,0,1702,0.03,8992.58
Modena,447,15/05/2021,77,63510,3,1705,0.03,9003.49
Modena,448,16/05/2021,88,63598,1,1706,0.03,9015.97
Modena,449,17/05/2021,87,63685,0,1706,0.03,9028.3
Modena,450,18/05/2021,52,63737,1,1707,0.03,9035.67
Modena,451,19/05/2021,21,63758,0,1707,0.03,9038.65
Modena,452,20/05/2021,109,63867,1,1708,0.03,9054.1
Modena,453,21/05/2021,65,63932,0,1708,0.03,9063.32
Modena,454,22/05/2021,68,64000,0,1708,0.03,9072.96
Modena,455,23/05/2021,16,64016,2,1710,0.03,9075.22
Modena,456,24/05/2021,66,64082,0,1710,0.03,9084.58
Modena,457,25/05/2021,21,64103,2,1712,0.03,9087.56
Modena,458,26/05/2021,21,64124,1,1713,0.03,9090.54
Modena,459,27/05/2021,48,64172,0,1713,0.03,9097.34
Modena,460,28/05/2021,37,64209,2,1715,0.03,9102.59
Modena,461,29/05/2021,48,64257,1,1716,0.03,9109.39
Modena,462,30/05/2021,29,64286,1,1717,0.03,9113.5
Modena,463,31/05/2021,36,64322,0,1717,0.03,9118.6
Modena,464,01/06/2021,9,64331,0,1717,0.03,9119.88
Modena,465,02/06/2021,11,64342,0,1717,0.03,9121.44
Modena,466,03/06/2021,23,64365,0,1717,0.03,9124.7
Modena,467,04/06/2021,39,64404,0,1717,0.03,9130.23
Modena,468,05/06/2021,2,64406,0,1717,0.03,9130.51
Modena,469,06/06/2021,34,64440,0,1717,0.03,9135.33
Modena,470,07/06/2021,26,64466,0,1717,0.03,9139.02
Modena,471,08/06/2021,17,64483,1,1718,0.03,9141.43
Modena,472,09/06/2021,-19,64464,1,1718,0.03,9138.74
Modena,473,10/06/2021,17,64481,0,1718,0.03,9141.15
