Province,Day,Date,New_cases,Curr_pos_cases,Deaths,Tot_deaths,Lethality_rate,Cumul_rates
Parma,1,24/02/2020,0,0,0,0,0,0
Parma,2,25/02/2020,4,4,0,0,0,0.89
Parma,3,26/02/2020,4,8,0,0,0,1.77
Parma,4,27/02/2020,2,10,0,0,0,2.21
Parma,5,28/02/2020,17,27,1,1,0.037,5.98
Parma,6,29/02/2020,8,35,1,2,0.057,7.75
Parma,7,01/03/2020,24,59,2,4,0.068,13.06
Parma,8,02/03/2020,2,61,1,5,0.082,13.51
Parma,9,03/03/2020,23,84,1,6,0.071,18.6
Parma,10,04/03/2020,31,115,1,7,0.061,25.46
Parma,11,05/03/2020,35,150,2,9,0.06,33.21
Parma,12,06/03/2020,31,181,2,11,0.061,40.08
Parma,13,07/03/2020,48,229,3,14,0.061,50.71
Parma,14,08/03/2020,47,276,0,14,0.051,61.11
Parma,15,09/03/2020,3,279,5,19,0.068,61.78
Parma,16,10/03/2020,46,325,2,21,0.065,71.96
Parma,17,11/03/2020,53,378,4,25,0.066,83.7
Parma,18,12/03/2020,52,430,8,33,0.077,95.21
Parma,19,13/03/2020,88,518,21,54,0.104,114.7
Parma,20,14/03/2020,52,570,8,62,0.109,126.21
Parma,21,15/03/2020,92,662,9,71,0.107,146.58
Parma,22,16/03/2020,45,707,7,78,0.11,156.54
Parma,23,17/03/2020,93,800,6,84,0.105,177.14
Parma,24,18/03/2020,0,800,34,118,0.148,177.14
Parma,25,19/03/2020,69,869,7,125,0.144,192.41
Parma,26,20/03/2020,110,979,39,164,0.168,216.77
Parma,27,21/03/2020,35,1014,15,179,0.177,224.52
Parma,28,22/03/2020,195,1209,22,201,0.166,267.7
Parma,29,23/03/2020,155,1364,13,214,0.157,302.02
Parma,30,24/03/2020,71,1435,20,234,0.163,317.74
Parma,31,25/03/2020,90,1525,16,250,0.164,337.67
Parma,32,26/03/2020,86,1611,16,266,0.165,356.71
Parma,33,27/03/2020,79,1690,13,279,0.165,374.2
Parma,34,28/03/2020,62,1752,2,281,0.16,387.93
Parma,35,29/03/2020,57,1809,21,302,0.167,400.55
Parma,36,30/03/2020,50,1859,25,327,0.176,411.62
Parma,37,31/03/2020,74,1933,25,352,0.182,428
Parma,38,01/04/2020,72,2005,24,376,0.188,443.95
Parma,39,02/04/2020,44,2049,11,387,0.189,453.69
Parma,40,03/04/2020,34,2083,9,396,0.19,461.22
Parma,41,04/04/2020,118,2201,25,421,0.191,487.34
Parma,42,05/04/2020,74,2275,13,434,0.191,503.73
Parma,43,06/04/2020,42,2317,13,447,0.193,513.03
Parma,44,07/04/2020,48,2365,14,461,0.195,523.66
Parma,45,08/04/2020,30,2395,16,477,0.199,530.3
Parma,46,09/04/2020,26,2421,19,496,0.205,536.06
Parma,47,10/04/2020,52,2473,19,515,0.208,547.57
Parma,48,11/04/2020,39,2512,21,536,0.213,556.21
Parma,49,12/04/2020,19,2531,18,554,0.219,560.41
Parma,50,13/04/2020,42,2573,6,560,0.218,569.71
Parma,51,14/04/2020,9,2582,20,580,0.225,571.71
Parma,52,15/04/2020,34,2616,10,590,0.226,579.23
Parma,53,16/04/2020,82,2698,8,598,0.222,597.39
Parma,54,17/04/2020,27,2725,6,604,0.222,603.37
Parma,55,18/04/2020,43,2768,9,613,0.221,612.89
Parma,56,19/04/2020,45,2813,8,621,0.221,622.85
Parma,57,20/04/2020,74,2887,6,627,0.217,639.24
Parma,58,21/04/2020,22,2909,8,635,0.218,644.11
Parma,59,22/04/2020,64,2973,6,641,0.216,658.28
Parma,60,23/04/2020,26,2999,12,653,0.218,664.04
Parma,61,24/04/2020,12,3011,5,658,0.219,666.69
Parma,62,25/04/2020,23,3034,9,667,0.22,671.79
Parma,63,26/04/2020,39,3073,6,673,0.219,680.42
Parma,64,27/04/2020,39,3112,7,680,0.219,689.06
Parma,65,28/04/2020,10,3122,3,683,0.219,691.27
Parma,66,29/04/2020,22,3144,8,691,0.22,696.14
Parma,67,30/04/2020,13,3157,6,697,0.221,699.02
Parma,68,01/05/2020,20,3177,6,703,0.221,703.45
Parma,69,02/05/2020,22,3199,6,709,0.222,708.32
Parma,70,03/05/2020,5,3204,1,710,0.222,709.43
Parma,71,04/05/2020,23,3227,1,711,0.22,714.52
Parma,72,05/05/2020,3,3230,2,713,0.221,715.19
Parma,73,06/05/2020,14,3244,5,718,0.221,718.29
Parma,74,07/05/2020,16,3260,2,720,0.221,721.83
Parma,75,08/05/2020,6,3266,2,722,0.221,723.16
Parma,76,09/05/2020,19,3285,2,724,0.22,727.36
Parma,77,10/05/2020,13,3298,1,725,0.22,730.24
Parma,78,11/05/2020,17,3315,3,728,0.22,734.01
Parma,79,12/05/2020,2,3317,0,728,0.219,734.45
Parma,80,13/05/2020,0,3317,4,732,0.221,734.45
Parma,81,14/05/2020,29,3346,2,734,0.219,740.87
Parma,82,15/05/2020,7,3353,2,736,0.22,742.42
Parma,83,16/05/2020,26,3379,2,738,0.218,748.18
Parma,84,17/05/2020,0,3379,0,738,0.218,748.18
Parma,85,18/05/2020,13,3392,0,738,0.218,751.06
Parma,86,19/05/2020,10,3402,2,740,0.218,753.27
Parma,87,20/05/2020,10,3412,2,742,0.217,755.48
Parma,88,21/05/2020,23,3435,0,742,0.216,760.58
Parma,89,22/05/2020,9,3444,1,743,0.216,762.57
Parma,90,23/05/2020,12,3456,2,745,0.216,765.23
Parma,91,24/05/2020,18,3474,3,748,0.215,769.21
Parma,92,25/05/2020,4,3478,0,748,0.215,770.1
Parma,93,26/05/2020,0,3478,0,748,0.215,770.1
Parma,94,27/05/2020,5,3483,0,748,0.215,771.2
Parma,95,28/05/2020,21,3504,2,750,0.214,775.85
Parma,96,29/05/2020,9,3513,0,750,0.213,777.85
Parma,97,30/05/2020,1,3514,0,750,0.213,778.07
Parma,98,31/05/2020,7,3521,1,751,0.213,779.62
Parma,99,01/06/2020,4,3525,0,751,0.213,780.5
Parma,100,02/06/2020,4,3529,1,752,0.213,781.39
Parma,101,03/06/2020,5,3534,2,754,0.213,782.5
Parma,102,04/06/2020,6,3540,1,755,0.213,783.83
Parma,103,05/06/2020,7,3547,2,757,0.213,785.38
Parma,104,06/06/2020,6,3553,1,758,0.213,786.7
Parma,105,07/06/2020,7,3560,0,758,0.213,788.25
Parma,106,08/06/2020,7,3567,2,760,0.213,789.8
Parma,107,09/06/2020,5,3572,0,760,0.213,790.91
Parma,108,10/06/2020,8,3580,0,760,0.212,792.68
Parma,109,11/06/2020,6,3586,0,760,0.212,794.01
Parma,110,12/06/2020,9,3595,1,761,0.212,796
Parma,111,13/06/2020,4,3599,1,762,0.212,796.89
Parma,112,14/06/2020,7,3606,2,764,0.212,798.44
Parma,113,15/06/2020,3,3609,0,764,0.212,799.1
Parma,114,16/06/2020,2,3611,0,764,0.212,799.55
Parma,115,17/06/2020,2,3613,0,764,0.211,799.99
Parma,116,18/06/2020,4,3617,0,764,0.211,800.88
Parma,117,19/06/2020,5,3622,2,766,0.211,801.98
Parma,118,20/06/2020,6,3628,0,766,0.211,803.31
Parma,119,21/06/2020,0,3628,0,766,0.211,803.31
Parma,120,22/06/2020,3,3631,0,766,0.211,803.97
Parma,121,23/06/2020,2,3633,0,766,0.211,804.42
Parma,122,24/06/2020,5,3638,1,767,0.211,805.52
Parma,123,25/06/2020,2,3640,0,767,0.211,805.97
Parma,124,26/06/2020,-10,3630,0,767,0.211,803.75
Parma,125,27/06/2020,16,3646,0,767,0.21,807.3
Parma,126,28/06/2020,4,3650,0,767,0.21,808.18
Parma,127,29/06/2020,4,3654,0,767,0.21,809.07
Parma,128,30/06/2020,3,3657,0,767,0.21,809.73
Parma,129,01/07/2020,0,3657,0,767,0.21,809.73
Parma,130,02/07/2020,0,3657,0,767,0.21,809.73
Parma,131,03/07/2020,3,3660,1,768,0.21,810.4
Parma,132,04/07/2020,7,3667,0,768,0.209,811.95
Parma,133,05/07/2020,2,3669,0,768,0.209,812.39
Parma,134,06/07/2020,12,3681,0,768,0.209,815.05
Parma,135,07/07/2020,8,3689,0,768,0.208,816.82
Parma,136,08/07/2020,7,3696,0,768,0.208,818.37
Parma,137,09/07/2020,3,3699,0,768,0.208,819.03
Parma,138,10/07/2020,3,3702,0,768,0.207,819.7
Parma,139,11/07/2020,2,3704,0,768,0.207,820.14
Parma,140,12/07/2020,3,3707,0,768,0.207,820.8
Parma,141,13/07/2020,4,3711,0,768,0.207,821.69
Parma,142,14/07/2020,7,3718,0,768,0.207,823.24
Parma,143,15/07/2020,1,3719,0,768,0.207,823.46
Parma,144,16/07/2020,1,3720,0,768,0.206,823.68
Parma,145,17/07/2020,0,3720,0,768,0.206,823.68
Parma,146,18/07/2020,3,3723,0,768,0.206,824.35
Parma,147,19/07/2020,6,3729,0,768,0.206,825.67
Parma,148,20/07/2020,7,3736,1,769,0.206,827.22
Parma,149,21/07/2020,-1,3735,0,769,0.206,827
Parma,150,22/07/2020,4,3739,0,769,0.206,827.89
Parma,151,23/07/2020,2,3741,0,769,0.206,828.33
Parma,152,24/07/2020,1,3742,0,769,0.206,828.55
Parma,153,25/07/2020,1,3743,0,769,0.205,828.77
Parma,154,26/07/2020,4,3747,0,769,0.205,829.66
Parma,155,27/07/2020,2,3749,0,769,0.205,830.1
Parma,156,28/07/2020,1,3750,0,769,0.205,830.32
Parma,157,29/07/2020,0,3750,0,769,0.205,830.32
Parma,158,30/07/2020,3,3753,0,769,0.205,830.99
Parma,159,31/07/2020,1,3754,0,769,0.205,831.21
Parma,160,01/08/2020,5,3759,0,769,0.205,832.32
Parma,161,02/08/2020,6,3765,0,769,0.204,833.65
Parma,162,03/08/2020,-6,3759,0,769,0.205,832.32
Parma,163,04/08/2020,10,3769,0,769,0.204,834.53
Parma,164,05/08/2020,2,3771,0,769,0.204,834.97
Parma,165,06/08/2020,7,3778,0,769,0.204,836.52
Parma,166,07/08/2020,6,3784,0,769,0.203,837.85
Parma,167,08/08/2020,6,3790,0,769,0.203,839.18
Parma,168,09/08/2020,1,3791,0,769,0.203,839.4
Parma,169,10/08/2020,1,3792,0,769,0.203,839.62
Parma,170,11/08/2020,1,3793,0,769,0.203,839.84
Parma,171,12/08/2020,4,3797,0,769,0.203,840.73
Parma,172,13/08/2020,5,3802,0,769,0.202,841.84
Parma,173,14/08/2020,2,3804,0,769,0.202,842.28
Parma,174,15/08/2020,6,3810,0,769,0.202,843.61
Parma,175,16/08/2020,5,3815,0,769,0.202,844.72
Parma,176,17/08/2020,5,3820,0,769,0.201,845.82
Parma,177,18/08/2020,3,3823,0,769,0.201,846.49
Parma,178,19/08/2020,7,3830,0,769,0.201,848.04
Parma,179,20/08/2020,8,3838,0,769,0.2,849.81
Parma,180,21/08/2020,7,3845,0,769,0.2,851.36
Parma,181,22/08/2020,12,3857,0,769,0.199,854.02
Parma,182,23/08/2020,6,3863,0,769,0.199,855.34
Parma,183,24/08/2020,6,3869,0,769,0.199,856.67
Parma,184,25/08/2020,4,3873,0,769,0.199,857.56
Parma,185,26/08/2020,9,3882,0,769,0.198,859.55
Parma,186,27/08/2020,4,3886,0,769,0.198,860.44
Parma,187,28/08/2020,5,3891,1,770,0.198,861.54
Parma,188,29/08/2020,14,3905,0,770,0.197,864.64
Parma,189,30/08/2020,19,3924,0,770,0.196,868.85
Parma,190,31/08/2020,22,3946,0,770,0.195,873.72
Parma,191,01/09/2020,8,3954,0,770,0.195,875.49
Parma,192,02/09/2020,7,3961,0,770,0.194,877.04
Parma,193,03/09/2020,11,3972,0,770,0.194,879.48
Parma,194,04/09/2020,6,3978,0,770,0.194,880.81
Parma,195,05/09/2020,10,3988,0,770,0.193,883.02
Parma,196,06/09/2020,14,4002,0,770,0.192,886.12
Parma,197,07/09/2020,9,4011,0,770,0.192,888.11
Parma,198,08/09/2020,8,4019,0,770,0.192,889.89
Parma,199,09/09/2020,7,4026,0,770,0.191,891.44
Parma,200,10/09/2020,14,4040,0,770,0.191,894.54
Parma,201,11/09/2020,13,4053,0,770,0.19,897.41
Parma,202,12/09/2020,10,4063,0,770,0.19,899.63
Parma,203,13/09/2020,21,4084,0,770,0.189,904.28
Parma,204,14/09/2020,10,4094,0,770,0.188,906.49
Parma,205,15/09/2020,8,4102,1,771,0.188,908.26
Parma,206,16/09/2020,4,4106,0,771,0.188,909.15
Parma,207,17/09/2020,14,4120,0,771,0.187,912.25
Parma,208,18/09/2020,14,4134,0,771,0.187,915.35
Parma,209,19/09/2020,18,4152,0,771,0.186,919.33
Parma,210,20/09/2020,9,4161,1,772,0.186,921.33
Parma,211,21/09/2020,8,4169,1,773,0.185,923.1
Parma,212,22/09/2020,4,4173,0,773,0.185,923.98
Parma,213,23/09/2020,14,4187,0,773,0.185,927.08
Parma,214,24/09/2020,11,4198,0,773,0.184,929.52
Parma,215,25/09/2020,28,4226,0,773,0.183,935.72
Parma,216,26/09/2020,12,4238,0,773,0.182,938.38
Parma,217,27/09/2020,10,4248,1,774,0.182,940.59
Parma,218,28/09/2020,15,4263,0,774,0.182,943.91
Parma,219,29/09/2020,21,4284,0,774,0.181,948.56
Parma,220,30/09/2020,0,4284,0,774,0.181,948.56
Parma,221,01/10/2020,6,4290,0,774,0.18,949.89
Parma,222,02/10/2020,12,4302,0,774,0.18,952.55
Parma,223,03/10/2020,12,4314,0,774,0.179,955.2
Parma,224,04/10/2020,6,4320,0,774,0.179,956.53
Parma,225,05/10/2020,17,4337,0,774,0.178,960.3
Parma,226,06/10/2020,26,4363,0,774,0.177,966.05
Parma,227,07/10/2020,13,4376,0,774,0.177,968.93
Parma,228,08/10/2020,13,4389,1,774,0.176,971.81
Parma,229,09/10/2020,27,4416,0,774,0.175,977.79
Parma,230,10/10/2020,20,4436,1,774,0.174,982.22
Parma,231,11/10/2020,30,4466,0,774,0.173,988.86
Parma,232,12/10/2020,24,4490,0,774,0.172,994.17
Parma,233,13/10/2020,55,4545,0,774,0.17,1006.35
Parma,234,14/10/2020,31,4576,0,774,0.169,1013.22
Parma,235,15/10/2020,35,4611,0,774,0.168,1020.97
Parma,236,16/10/2020,57,4668,0,774,0.166,1033.59
Parma,237,17/10/2020,38,4706,2,774,0.164,1042
Parma,238,18/10/2020,23,4729,4,774,0.164,1047.09
Parma,239,19/10/2020,13,4742,0,774,0.163,1049.97
Parma,240,20/10/2020,59,4801,0,774,0.161,1063.04
Parma,241,21/10/2020,47,4848,1,774,0.16,1073.44
Parma,242,22/10/2020,67,4915,2,774,0.157,1088.28
Parma,243,23/10/2020,51,4966,0,774,0.156,1099.57
Parma,244,24/10/2020,51,5017,1,774,0.154,1110.86
Parma,245,25/10/2020,42,5059,0,774,0.153,1120.16
Parma,246,26/10/2020,97,5156,1,774,0.15,1141.64
Parma,247,27/10/2020,104,5260,2,774,0.147,1164.67
Parma,248,28/10/2020,73,5333,3,774,0.145,1180.83
Parma,249,29/10/2020,122,5455,2,774,0.142,1207.84
Parma,250,30/10/2020,84,5539,3,774,0.14,1226.44
Parma,251,31/10/2020,120,5659,0,774,0.137,1253.01
Parma,252,01/11/2020,121,5780,1,774,0.134,1279.81
Parma,253,02/11/2020,86,5866,2,774,0.132,1298.85
Parma,254,03/11/2020,100,5966,4,774,0.13,1320.99
Parma,255,04/11/2020,98,6064,2,774,0.128,1342.69
Parma,256,05/11/2020,131,6195,1,774,0.125,1371.7
Parma,257,06/11/2020,184,6379,3,774,0.121,1412.44
Parma,258,07/11/2020,199,6578,3,774,0.118,1456.5
Parma,259,08/11/2020,177,6755,0,774,0.115,1495.69
Parma,260,09/11/2020,139,6894,1,774,0.112,1526.47
Parma,261,10/11/2020,144,7038,5,774,0.11,1558.35
Parma,262,11/11/2020,127,7165,6,774,0.108,1586.47
Parma,263,12/11/2020,171,7336,2,774,0.106,1624.33
Parma,264,13/11/2020,123,7459,2,774,0.104,1651.57
Parma,265,14/11/2020,200,7659,5,774,0.101,1695.85
Parma,266,15/11/2020,113,7772,1,774,0.1,1720.87
Parma,267,16/11/2020,144,7916,3,774,0.098,1752.76
Parma,268,17/11/2020,79,7995,3,774,0.097,1770.25
Parma,269,18/11/2020,226,8221,1,774,0.094,1820.29
Parma,270,19/11/2020,162,8383,4,774,0.092,1856.16
Parma,271,20/11/2020,119,8502,3,774,0.091,1882.51
