Province,Day,Date,New_cases,Curr_pos_cases,Deaths,Tot_deaths,Lethality_rate,Cumul_rates
Frosinone,1,24/02/2020,0,0,0,0,0,0
Frosinone,2,25/02/2020,0,0,0,0,0,0
Frosinone,3,26/02/2020,0,0,0,0,0,0
Frosinone,4,27/02/2020,0,0,0,0,0,0
Frosinone,5,28/02/2020,0,0,0,0,0,0
Frosinone,6,29/02/2020,0,0,0,0,0,0
Frosinone,7,01/03/2020,0,0,0,0,0,0
Frosinone,8,02/03/2020,0,0,0,0,0,0
Frosinone,9,03/03/2020,0,0,0,0,0,0
Frosinone,10,04/03/2020,1,1,0,0,0,0.2
Frosinone,11,05/03/2020,0,1,0,0,0,0.2
Frosinone,12,06/03/2020,0,1,0,0,0,0.2
Frosinone,13,07/03/2020,0,1,0,0,0,0.2
Frosinone,14,08/03/2020,1,2,1,1,0.5,0.41
Frosinone,15,09/03/2020,0,2,0,1,0.5,0.41
Frosinone,16,10/03/2020,4,6,0,1,0.17,1.23
Frosinone,17,11/03/2020,2,8,0,1,0.12,1.64
Frosinone,18,12/03/2020,10,18,0,1,0.06,3.68
Frosinone,19,13/03/2020,10,28,1,2,0.07,5.72
Frosinone,20,14/03/2020,0,28,0,2,0.07,5.72
Frosinone,21,15/03/2020,6,34,1,3,0.09,6.95
Frosinone,22,16/03/2020,10,44,0,3,0.07,9
Frosinone,23,17/03/2020,5,49,1,4,0.08,10.02
Frosinone,24,18/03/2020,5,54,1,5,0.09,11.04
Frosinone,25,19/03/2020,-6,48,0,5,0.1,9.81
Frosinone,26,20/03/2020,4,52,0,5,0.1,10.63
Frosinone,27,21/03/2020,7,59,0,5,0.09,12.06
Frosinone,28,22/03/2020,19,78,2,7,0.09,15.95
Frosinone,29,23/03/2020,4,82,1,8,0.1,16.77
Frosinone,30,24/03/2020,15,97,1,9,0.09,19.83
Frosinone,31,25/03/2020,9,106,1,10,0.09,21.67
Frosinone,32,26/03/2020,50,156,1,11,0.07,31.9
Frosinone,33,27/03/2020,35,191,4,15,0.08,39.05
Frosinone,34,28/03/2020,41,232,2,17,0.07,47.44
Frosinone,35,29/03/2020,20,252,1,18,0.07,51.52
Frosinone,36,30/03/2020,38,290,2,20,0.07,59.29
Frosinone,37,31/03/2020,31,321,0,20,0.06,65.63
Frosinone,38,01/04/2020,8,329,1,21,0.06,67.27
Frosinone,39,02/04/2020,5,334,1,22,0.07,68.29
Frosinone,40,03/04/2020,20,354,1,23,0.06,72.38
Frosinone,41,04/04/2020,10,364,2,25,0.07,74.42
Frosinone,42,05/04/2020,5,369,3,28,0.08,75.45
Frosinone,43,06/04/2020,5,374,0,28,0.07,76.47
Frosinone,44,07/04/2020,27,401,0,28,0.07,81.99
Frosinone,45,08/04/2020,24,425,1,29,0.07,86.9
Frosinone,46,09/04/2020,16,441,0,29,0.07,90.17
Frosinone,47,10/04/2020,22,463,0,29,0.06,94.67
Frosinone,48,11/04/2020,6,469,0,29,0.06,95.89
Frosinone,49,12/04/2020,4,473,1,30,0.06,96.71
Frosinone,50,13/04/2020,-1,472,0,30,0.06,96.51
Frosinone,51,14/04/2020,1,473,0,30,0.06,96.71
Frosinone,52,15/04/2020,6,479,0,30,0.06,97.94
Frosinone,53,16/04/2020,8,487,0,30,0.06,99.57
Frosinone,54,17/04/2020,15,502,0,30,0.06,102.64
Frosinone,55,18/04/2020,3,505,0,30,0.06,103.25
Frosinone,56,19/04/2020,16,521,0,30,0.06,106.53
Frosinone,57,20/04/2020,4,525,1,31,0.06,107.34
Frosinone,58,21/04/2020,8,533,0,31,0.06,108.98
Frosinone,59,22/04/2020,9,542,1,32,0.06,110.82
Frosinone,60,23/04/2020,2,544,2,34,0.06,111.23
Frosinone,61,24/04/2020,3,547,1,35,0.06,111.84
Frosinone,62,25/04/2020,0,547,0,35,0.06,111.84
Frosinone,63,26/04/2020,7,554,0,35,0.06,113.27
Frosinone,64,27/04/2020,1,555,0,35,0.06,113.48
Frosinone,65,28/04/2020,1,556,0,35,0.06,113.68
Frosinone,66,29/04/2020,9,565,0,35,0.06,115.52
Frosinone,67,30/04/2020,1,566,0,35,0.06,115.73
Frosinone,68,01/05/2020,1,567,0,35,0.06,115.93
Frosinone,69,02/05/2020,0,567,0,35,0.06,115.93
Frosinone,70,03/05/2020,0,567,0,35,0.06,115.93
Frosinone,71,04/05/2020,0,567,0,35,0.06,115.93
Frosinone,72,05/05/2020,4,571,0,35,0.06,116.75
Frosinone,73,06/05/2020,0,571,0,35,0.06,116.75
Frosinone,74,07/05/2020,2,573,0,35,0.06,117.16
Frosinone,75,08/05/2020,0,573,0,35,0.06,117.16
Frosinone,76,09/05/2020,3,576,0,35,0.06,117.77
Frosinone,77,10/05/2020,2,578,0,35,0.06,118.18
Frosinone,78,11/05/2020,1,579,0,35,0.06,118.38
Frosinone,79,12/05/2020,0,579,0,35,0.06,118.38
Frosinone,80,13/05/2020,0,579,0,35,0.06,118.38
Frosinone,81,14/05/2020,0,579,0,35,0.06,118.38
Frosinone,82,15/05/2020,1,580,0,35,0.06,118.59
Frosinone,83,16/05/2020,1,581,2,37,0.06,118.79
Frosinone,84,17/05/2020,2,583,0,37,0.06,119.2
Frosinone,85,18/05/2020,2,585,0,37,0.06,119.61
Frosinone,86,19/05/2020,15,600,0,37,0.06,122.68
Frosinone,87,20/05/2020,4,604,0,37,0.06,123.5
Frosinone,88,21/05/2020,6,610,0,37,0.06,124.72
Frosinone,89,22/05/2020,0,610,0,37,0.06,124.72
Frosinone,90,23/05/2020,2,612,0,37,0.06,125.13
Frosinone,91,24/05/2020,1,613,0,37,0.06,125.34
Frosinone,92,25/05/2020,0,613,0,37,0.06,125.34
Frosinone,93,26/05/2020,0,613,1,38,0.06,125.34
Frosinone,94,27/05/2020,1,614,0,38,0.06,125.54
Frosinone,95,28/05/2020,1,615,0,38,0.06,125.75
Frosinone,96,29/05/2020,0,615,0,38,0.06,125.75
Frosinone,97,30/05/2020,0,615,0,38,0.06,125.75
Frosinone,98,31/05/2020,1,616,0,38,0.06,125.95
Frosinone,99,01/06/2020,1,617,0,38,0.06,126.15
Frosinone,100,02/06/2020,1,618,0,38,0.06,126.36
Frosinone,101,03/06/2020,0,618,0,38,0.06,126.36
Frosinone,102,04/06/2020,0,618,0,38,0.06,126.36
Frosinone,103,05/06/2020,0,618,0,38,0.06,126.36
Frosinone,104,06/06/2020,0,618,0,38,0.06,126.36
Frosinone,105,07/06/2020,0,618,0,38,0.06,126.36
Frosinone,106,08/06/2020,0,618,0,38,0.06,126.36
Frosinone,107,09/06/2020,3,621,1,39,0.06,126.97
Frosinone,108,10/06/2020,0,621,0,39,0.06,126.97
Frosinone,109,11/06/2020,0,621,0,39,0.06,126.97
Frosinone,110,12/06/2020,0,621,0,39,0.06,126.97
Frosinone,111,13/06/2020,0,621,0,39,0.06,126.97
Frosinone,112,14/06/2020,0,621,0,39,0.06,126.97
Frosinone,113,15/06/2020,0,621,0,39,0.06,126.97
Frosinone,114,16/06/2020,1,622,0,39,0.06,127.18
Frosinone,115,17/06/2020,0,622,0,39,0.06,127.18
Frosinone,116,18/06/2020,0,622,0,39,0.06,127.18
Frosinone,117,19/06/2020,0,622,0,39,0.06,127.18
Frosinone,118,20/06/2020,0,622,0,39,0.06,127.18
Frosinone,119,21/06/2020,0,622,0,39,0.06,127.18
Frosinone,120,22/06/2020,0,622,0,39,0.06,127.18
Frosinone,121,23/06/2020,0,622,0,39,0.06,127.18
Frosinone,122,24/06/2020,38,660,0,39,0.06,134.95
Frosinone,123,25/06/2020,0,660,0,39,0.06,134.95
Frosinone,124,26/06/2020,0,660,0,39,0.06,134.95
Frosinone,125,27/06/2020,1,661,0,39,0.06,135.15
Frosinone,126,28/06/2020,0,661,0,39,0.06,135.15
Frosinone,127,29/06/2020,1,662,0,39,0.06,135.36
Frosinone,128,30/06/2020,1,663,0,39,0.06,135.56
Frosinone,129,01/07/2020,0,663,0,39,0.06,135.56
Frosinone,130,02/07/2020,2,665,0,39,0.06,135.97
Frosinone,131,03/07/2020,0,665,0,39,0.06,135.97
Frosinone,132,04/07/2020,3,668,0,39,0.06,136.58
Frosinone,133,05/07/2020,1,669,0,39,0.06,136.79
Frosinone,134,06/07/2020,-1,668,0,39,0.06,136.58
Frosinone,135,07/07/2020,0,668,0,39,0.06,136.58
Frosinone,136,08/07/2020,0,668,0,39,0.06,136.58
Frosinone,137,09/07/2020,0,668,0,39,0.06,136.58
Frosinone,138,10/07/2020,0,668,0,39,0.06,136.58
Frosinone,139,11/07/2020,0,668,0,39,0.06,136.58
Frosinone,140,12/07/2020,0,668,0,39,0.06,136.58
Frosinone,141,13/07/2020,0,668,0,39,0.06,136.58
Frosinone,142,14/07/2020,0,668,0,39,0.06,136.58
Frosinone,143,15/07/2020,0,668,0,39,0.06,136.58
Frosinone,144,16/07/2020,0,668,0,39,0.06,136.58
Frosinone,145,17/07/2020,1,669,0,39,0.06,136.79
Frosinone,146,18/07/2020,0,669,0,39,0.06,136.79
Frosinone,147,19/07/2020,3,672,0,39,0.06,137.4
Frosinone,148,20/07/2020,-1,671,0,39,0.06,137.2
Frosinone,149,21/07/2020,1,672,0,39,0.06,137.4
Frosinone,150,22/07/2020,2,674,0,39,0.06,137.81
Frosinone,151,23/07/2020,0,674,0,39,0.06,137.81
Frosinone,152,24/07/2020,0,674,0,39,0.06,137.81
Frosinone,153,25/07/2020,0,674,0,39,0.06,137.81
Frosinone,154,26/07/2020,0,674,0,39,0.06,137.81
Frosinone,155,27/07/2020,0,674,0,39,0.06,137.81
Frosinone,156,28/07/2020,0,674,0,39,0.06,137.81
Frosinone,157,29/07/2020,0,674,0,39,0.06,137.81
Frosinone,158,30/07/2020,0,674,0,39,0.06,137.81
Frosinone,159,31/07/2020,0,674,0,39,0.06,137.81
Frosinone,160,01/08/2020,0,674,0,39,0.06,137.81
Frosinone,161,02/08/2020,0,674,0,39,0.06,137.81
Frosinone,162,03/08/2020,1,675,0,39,0.06,138.01
Frosinone,163,04/08/2020,2,677,0,39,0.06,138.42
Frosinone,164,05/08/2020,3,680,0,39,0.06,139.04
Frosinone,165,06/08/2020,0,680,0,39,0.06,139.04
Frosinone,166,07/08/2020,0,680,0,39,0.06,139.04
Frosinone,167,08/08/2020,0,680,0,39,0.06,139.04
Frosinone,168,09/08/2020,0,680,0,39,0.06,139.04
Frosinone,169,10/08/2020,1,681,0,39,0.06,139.24
Frosinone,170,11/08/2020,0,681,0,39,0.06,139.24
Frosinone,171,12/08/2020,0,681,0,39,0.06,139.24
Frosinone,172,13/08/2020,2,683,0,39,0.06,139.65
Frosinone,173,14/08/2020,0,683,0,39,0.06,139.65
Frosinone,174,15/08/2020,4,687,0,39,0.06,140.47
Frosinone,175,16/08/2020,0,687,0,39,0.06,140.47
Frosinone,176,17/08/2020,0,687,0,39,0.06,140.47
Frosinone,177,18/08/2020,1,688,0,39,0.06,140.67
Frosinone,178,19/08/2020,2,690,0,39,0.06,141.08
Frosinone,179,20/08/2020,2,692,0,39,0.06,141.49
Frosinone,180,21/08/2020,4,696,0,39,0.06,142.31
Frosinone,181,22/08/2020,5,701,0,39,0.06,143.33
Frosinone,182,23/08/2020,20,721,0,39,0.05,147.42
Frosinone,183,24/08/2020,-5,716,0,39,0.05,146.4
Frosinone,184,25/08/2020,10,726,0,39,0.05,148.44
Frosinone,185,26/08/2020,6,732,0,39,0.05,149.67
Frosinone,186,27/08/2020,14,746,0,39,0.05,152.53
Frosinone,187,28/08/2020,15,761,0,39,0.05,155.6
Frosinone,188,29/08/2020,11,772,0,39,0.05,157.85
Frosinone,189,30/08/2020,8,780,0,39,0.05,159.48
Frosinone,190,31/08/2020,7,787,0,39,0.05,160.91
Frosinone,191,01/09/2020,3,790,0,39,0.05,161.53
Frosinone,192,02/09/2020,0,790,0,39,0.05,161.53
Frosinone,193,03/09/2020,12,802,0,39,0.05,163.98
Frosinone,194,04/09/2020,6,808,0,39,0.05,165.21
Frosinone,195,05/09/2020,4,812,0,39,0.05,166.02
Frosinone,196,06/09/2020,5,817,0,39,0.05,167.05
Frosinone,197,07/09/2020,8,825,0,39,0.05,168.68
Frosinone,198,08/09/2020,8,833,0,39,0.05,170.32
Frosinone,199,09/09/2020,5,838,0,39,0.05,171.34
Frosinone,200,10/09/2020,5,843,0,39,0.05,172.36
Frosinone,201,11/09/2020,3,846,0,39,0.05,172.98
Frosinone,202,12/09/2020,5,851,0,39,0.05,174
Frosinone,203,13/09/2020,0,851,0,39,0.05,174
Frosinone,204,14/09/2020,18,869,0,39,0.04,177.68
Frosinone,205,15/09/2020,4,873,0,39,0.04,178.5
Frosinone,206,16/09/2020,1,874,0,39,0.04,178.7
Frosinone,207,17/09/2020,3,877,0,39,0.04,179.32
Frosinone,208,18/09/2020,6,883,0,39,0.04,180.54
Frosinone,209,19/09/2020,3,886,0,39,0.04,181.16
Frosinone,210,20/09/2020,5,891,0,39,0.04,182.18
Frosinone,211,21/09/2020,5,896,1,40,0.04,183.2
Frosinone,212,22/09/2020,10,906,0,40,0.04,185.24
Frosinone,213,23/09/2020,5,911,0,40,0.04,186.27
Frosinone,214,24/09/2020,7,918,0,40,0.04,187.7
Frosinone,215,25/09/2020,23,941,0,40,0.04,192.4
Frosinone,216,26/09/2020,20,961,0,40,0.04,196.49
Frosinone,217,27/09/2020,15,976,0,40,0.04,199.56
Frosinone,218,28/09/2020,14,990,0,40,0.04,202.42
Frosinone,219,29/09/2020,14,1004,0,40,0.04,205.28
Frosinone,220,30/09/2020,0,1004,0,40,0.04,205.28
Frosinone,221,01/10/2020,9,1013,0,40,0.04,207.12
Frosinone,222,02/10/2020,18,1031,0,40,0.04,210.8
Frosinone,223,03/10/2020,15,1046,0,40,0.04,213.87
Frosinone,224,04/10/2020,14,1060,0,40,0.04,216.73
Frosinone,225,05/10/2020,4,1064,0,40,0.04,217.55
Frosinone,226,06/10/2020,3,1067,1,41,0.04,218.16
Frosinone,227,07/10/2020,35,1102,0,41,0.04,225.32
Frosinone,228,08/10/2020,37,1139,0,41,0.04,232.88
Frosinone,229,09/10/2020,43,1182,2,43,0.04,241.68
Frosinone,230,10/10/2020,46,1228,0,43,0.04,251.08
Frosinone,231,11/10/2020,22,1250,0,43,0.03,255.58
Frosinone,232,12/10/2020,16,1266,0,43,0.03,258.85
Frosinone,233,13/10/2020,63,1329,0,43,0.03,271.73
Frosinone,234,14/10/2020,67,1396,0,43,0.03,285.43
Frosinone,235,15/10/2020,29,1425,0,43,0.03,291.36
Frosinone,236,16/10/2020,129,1554,0,43,0.03,317.74
Frosinone,237,17/10/2020,221,1775,0,43,0.02,362.92
Frosinone,238,18/10/2020,217,1992,0,43,0.02,407.29
Frosinone,239,19/10/2020,66,2058,0,43,0.02,420.79
Frosinone,240,20/10/2020,109,2167,0,43,0.02,443.07
Frosinone,241,21/10/2020,208,2375,1,44,0.02,485.6
Frosinone,242,22/10/2020,123,2498,0,44,0.02,510.75
Frosinone,243,23/10/2020,136,2634,0,44,0.02,538.56
Frosinone,244,24/10/2020,438,3072,0,44,0.01,628.11
Frosinone,245,25/10/2020,-200,2872,0,44,0.01,587.22
Frosinone,246,26/10/2020,207,3079,1,45,0.01,629.55
Frosinone,247,27/10/2020,24,3103,1,46,0.01,634.45
Frosinone,248,28/10/2020,204,3307,1,47,0.01,676.16
Frosinone,249,29/10/2020,266,3573,0,47,0.01,730.55
Frosinone,250,30/10/2020,191,3764,1,48,0.01,769.6
Frosinone,251,31/10/2020,241,4005,0,48,0.01,818.88
Frosinone,252,01/11/2020,245,4250,1,49,0.01,868.97
Frosinone,253,02/11/2020,217,4467,1,50,0.01,913.34
Frosinone,254,03/11/2020,17,4484,0,50,0.01,916.82
Frosinone,255,04/11/2020,335,4819,3,53,0.01,985.31
Frosinone,256,05/11/2020,497,5316,1,54,0.01,1086.93
Frosinone,257,06/11/2020,698,6014,1,55,0.01,1229.65
Frosinone,258,07/11/2020,301,6315,2,57,0.01,1291.19
Frosinone,259,08/11/2020,6,6321,3,60,0.01,1292.42
Frosinone,260,09/11/2020,198,6519,5,65,0.01,1332.9
Frosinone,261,10/11/2020,47,6566,5,70,0.01,1342.51
Frosinone,262,11/11/2020,184,6750,0,70,0.01,1380.13
Frosinone,263,12/11/2020,259,7009,1,71,0.01,1433.09
Frosinone,264,13/11/2020,239,7248,7,78,0.01,1481.96
Frosinone,265,14/11/2020,231,7479,0,78,0.01,1529.19
Frosinone,266,15/11/2020,226,7705,5,83,0.01,1575.4
Frosinone,267,16/11/2020,207,7912,4,87,0.01,1617.72
Frosinone,268,17/11/2020,69,7981,4,91,0.01,1631.83
Frosinone,269,18/11/2020,10,7991,2,93,0.01,1633.87
Frosinone,270,19/11/2020,39,8030,0,93,0.01,1641.85
Frosinone,271,20/11/2020,544,8574,5,98,0.01,1753.08
Frosinone,272,21/11/2020,225,8799,3,101,0.01,1799.08
Frosinone,273,22/11/2020,3,8802,3,104,0.01,1799.69
Frosinone,274,23/11/2020,163,8965,2,106,0.01,1833.02
Frosinone,275,24/11/2020,38,9003,6,112,0.01,1840.79
Frosinone,276,25/11/2020,546,9549,6,118,0.01,1952.43
Frosinone,277,26/11/2020,35,9584,7,125,0.01,1959.59
Frosinone,278,27/11/2020,96,9680,3,128,0.01,1979.21
Frosinone,279,28/11/2020,86,9766,3,131,0.01,1996.8
Frosinone,280,29/11/2020,5,9771,3,134,0.01,1997.82
Frosinone,281,30/11/2020,158,9929,4,138,0.01,2030.13
Frosinone,282,01/12/2020,509,10438,7,145,0.01,2134.2
Frosinone,283,02/12/2020,88,10526,3,148,0.01,2152.19
Frosinone,284,03/12/2020,79,10605,2,150,0.01,2168.34
Frosinone,285,04/12/2020,85,10690,1,151,0.01,2185.72
Frosinone,286,05/12/2020,25,10715,5,156,0.01,2190.83
Frosinone,287,06/12/2020,27,10742,0,156,0.01,2196.36
Frosinone,288,07/12/2020,174,10916,4,160,0.01,2231.93
Frosinone,289,08/12/2020,67,10983,1,161,0.01,2245.63
Frosinone,290,09/12/2020,300,11283,2,163,0.01,2306.97
Frosinone,291,10/12/2020,42,11325,2,165,0.01,2315.56
Frosinone,292,11/12/2020,53,11378,4,169,0.01,2326.39
Frosinone,293,12/12/2020,140,11518,4,173,0.01,2355.02
Frosinone,294,13/12/2020,17,11535,4,177,0.01,2358.5
Frosinone,295,14/12/2020,43,11578,6,183,0.02,2367.29
Frosinone,296,15/12/2020,52,11630,6,189,0.02,2377.92
Frosinone,297,16/12/2020,399,12029,4,189,0.02,2459.5
Frosinone,298,17/12/2020,103,12132,0,189,0.02,2480.56
