Province,Day,Date,New_cases,Curr_pos_cases,Deaths,Tot_deaths,Lethality_rate,Cumul_rates
Latina,1,24/02/2020,0,0,0,0,0,0
Latina,2,25/02/2020,0,0,0,0,0,0
Latina,3,26/02/2020,0,0,0,0,0,0
Latina,4,27/02/2020,0,0,0,0,0,0
Latina,5,28/02/2020,0,0,0,0,0,0
Latina,6,29/02/2020,0,0,0,0,0,0
Latina,7,01/03/2020,0,0,0,0,0,0
Latina,8,02/03/2020,0,0,0,0,0,0
Latina,9,03/03/2020,0,0,0,0,0,0
Latina,10,04/03/2020,0,0,0,0,0,0
Latina,11,05/03/2020,0,0,0,0,0,0
Latina,12,06/03/2020,2,2,0,0,0,0.35
Latina,13,07/03/2020,0,2,0,0,0,0.35
Latina,14,08/03/2020,4,6,0,0,0,1.04
Latina,15,09/03/2020,0,6,0,0,0,1.04
Latina,16,10/03/2020,5,11,1,1,0.091,1.91
Latina,17,11/03/2020,0,11,0,1,0.091,1.91
Latina,18,12/03/2020,0,11,0,1,0.091,1.91
Latina,19,13/03/2020,4,15,0,1,0.067,2.61
Latina,20,14/03/2020,5,20,1,2,0.1,3.48
Latina,21,15/03/2020,3,23,0,2,0.087,4
Latina,22,16/03/2020,0,23,0,2,0.087,4
Latina,23,17/03/2020,0,23,1,3,0.13,4
Latina,24,18/03/2020,0,23,0,3,0.13,4
Latina,25,19/03/2020,0,23,0,3,0.13,4
Latina,26,20/03/2020,92,115,0,3,0.026,19.99
Latina,27,21/03/2020,21,136,1,4,0.029,23.64
Latina,28,22/03/2020,10,146,1,5,0.034,25.38
Latina,29,23/03/2020,13,159,2,7,0.044,27.64
Latina,30,24/03/2020,23,182,0,7,0.038,31.64
Latina,31,25/03/2020,16,198,0,7,0.035,34.42
Latina,32,26/03/2020,8,206,0,7,0.034,35.81
Latina,33,27/03/2020,6,212,0,7,0.033,36.85
Latina,34,28/03/2020,3,215,0,7,0.033,37.37
Latina,35,29/03/2020,24,239,1,8,0.033,41.55
Latina,36,30/03/2020,15,254,0,8,0.031,44.15
Latina,37,31/03/2020,3,257,1,9,0.035,44.68
Latina,38,01/04/2020,15,272,0,9,0.033,47.28
Latina,39,02/04/2020,8,280,1,10,0.036,48.67
Latina,40,03/04/2020,24,304,2,12,0.039,52.85
Latina,41,04/04/2020,14,318,0,12,0.038,55.28
Latina,42,05/04/2020,18,336,0,12,0.036,58.41
Latina,43,06/04/2020,13,349,1,13,0.037,60.67
Latina,44,07/04/2020,7,356,0,13,0.037,61.89
Latina,45,08/04/2020,8,364,0,13,0.036,63.28
Latina,46,09/04/2020,13,377,0,13,0.034,65.54
Latina,47,10/04/2020,7,384,0,13,0.034,66.75
Latina,48,11/04/2020,3,387,0,13,0.034,67.27
Latina,49,12/04/2020,11,398,0,13,0.033,69.19
Latina,50,13/04/2020,6,404,0,13,0.032,70.23
Latina,51,14/04/2020,6,410,1,14,0.034,71.27
Latina,52,15/04/2020,9,419,0,14,0.033,72.84
Latina,53,16/04/2020,2,421,1,15,0.036,73.19
Latina,54,17/04/2020,9,430,0,15,0.035,74.75
Latina,55,18/04/2020,6,436,0,15,0.034,75.79
Latina,56,19/04/2020,6,442,0,15,0.034,76.84
Latina,57,20/04/2020,2,444,1,16,0.036,77.18
Latina,58,21/04/2020,7,451,1,17,0.038,78.4
Latina,59,22/04/2020,0,451,0,17,0.038,78.4
Latina,60,23/04/2020,3,454,0,17,0.037,78.92
Latina,61,24/04/2020,0,454,0,17,0.037,78.92
Latina,62,25/04/2020,11,465,0,17,0.037,80.83
Latina,63,26/04/2020,9,474,0,17,0.036,82.4
Latina,64,27/04/2020,8,482,1,18,0.037,83.79
Latina,65,28/04/2020,2,484,1,19,0.039,84.14
Latina,66,29/04/2020,4,488,0,19,0.039,84.83
Latina,67,30/04/2020,3,491,0,19,0.039,85.35
Latina,68,01/05/2020,3,494,1,20,0.04,85.88
Latina,69,02/05/2020,8,502,0,20,0.04,87.27
Latina,70,03/05/2020,3,505,0,20,0.04,87.79
Latina,71,04/05/2020,0,505,1,21,0.042,87.79
Latina,72,05/05/2020,-1,504,1,22,0.044,87.61
Latina,73,06/05/2020,3,507,0,22,0.043,88.13
Latina,74,07/05/2020,0,507,0,22,0.043,88.13
Latina,75,08/05/2020,0,507,0,22,0.043,88.13
Latina,76,09/05/2020,3,510,2,24,0.047,88.66
Latina,77,10/05/2020,1,511,0,24,0.047,88.83
Latina,78,11/05/2020,0,511,0,24,0.047,88.83
Latina,79,12/05/2020,0,511,2,26,0.051,88.83
Latina,80,13/05/2020,0,511,0,26,0.051,88.83
Latina,81,14/05/2020,0,511,0,26,0.051,88.83
Latina,82,15/05/2020,0,511,0,26,0.051,88.83
Latina,83,16/05/2020,2,513,0,26,0.051,89.18
Latina,84,17/05/2020,4,517,0,26,0.05,89.87
Latina,85,18/05/2020,3,520,0,26,0.05,90.39
Latina,86,19/05/2020,0,520,0,26,0.05,90.39
Latina,87,20/05/2020,2,522,0,26,0.05,90.74
Latina,88,21/05/2020,1,523,0,26,0.05,90.92
Latina,89,22/05/2020,5,528,0,26,0.049,91.79
Latina,90,23/05/2020,1,529,1,27,0.051,91.96
Latina,91,24/05/2020,2,531,1,28,0.053,92.31
Latina,92,25/05/2020,4,535,0,28,0.052,93
Latina,93,26/05/2020,1,536,1,29,0.054,93.18
Latina,94,27/05/2020,0,536,0,29,0.054,93.18
Latina,95,28/05/2020,3,539,1,30,0.056,93.7
Latina,96,29/05/2020,0,539,1,31,0.058,93.7
Latina,97,30/05/2020,0,539,1,32,0.059,93.7
Latina,98,31/05/2020,1,540,0,32,0.059,93.87
Latina,99,01/06/2020,2,542,0,32,0.059,94.22
Latina,100,02/06/2020,0,542,0,32,0.059,94.22
Latina,101,03/06/2020,0,542,0,32,0.059,94.22
Latina,102,04/06/2020,0,542,0,32,0.059,94.22
Latina,103,05/06/2020,0,542,0,32,0.059,94.22
Latina,104,06/06/2020,3,545,0,32,0.059,94.74
Latina,105,07/06/2020,0,545,0,32,0.059,94.74
Latina,106,08/06/2020,0,545,0,32,0.059,94.74
Latina,107,09/06/2020,0,545,0,32,0.059,94.74
Latina,108,10/06/2020,1,546,0,32,0.059,94.91
Latina,109,11/06/2020,1,547,0,32,0.059,95.09
Latina,110,12/06/2020,2,549,0,32,0.058,95.44
Latina,111,13/06/2020,0,549,0,32,0.058,95.44
Latina,112,14/06/2020,0,549,0,32,0.058,95.44
Latina,113,15/06/2020,0,549,0,32,0.058,95.44
Latina,114,16/06/2020,0,549,0,32,0.058,95.44
Latina,115,17/06/2020,0,549,0,32,0.058,95.44
Latina,116,18/06/2020,1,550,0,32,0.058,95.61
Latina,117,19/06/2020,1,551,1,33,0.06,95.78
Latina,118,20/06/2020,2,553,0,33,0.06,96.13
Latina,119,21/06/2020,-1,552,0,33,0.06,95.96
Latina,120,22/06/2020,0,552,0,33,0.06,95.96
Latina,121,23/06/2020,1,553,0,33,0.06,96.13
Latina,122,24/06/2020,49,602,0,33,0.055,104.65
Latina,123,25/06/2020,4,606,0,33,0.054,105.34
Latina,124,26/06/2020,0,606,0,33,0.054,105.34
Latina,125,27/06/2020,1,607,0,33,0.054,105.52
Latina,126,28/06/2020,0,607,0,33,0.054,105.52
Latina,127,29/06/2020,0,607,0,33,0.054,105.52
Latina,128,30/06/2020,0,607,0,33,0.054,105.52
Latina,129,01/07/2020,1,608,1,34,0.056,105.69
Latina,130,02/07/2020,0,608,0,34,0.056,105.69
Latina,131,03/07/2020,1,609,0,34,0.056,105.87
Latina,132,04/07/2020,0,609,0,34,0.056,105.87
Latina,133,05/07/2020,1,610,0,34,0.056,106.04
Latina,134,06/07/2020,2,612,0,34,0.056,106.39
Latina,135,07/07/2020,1,613,0,34,0.055,106.56
Latina,136,08/07/2020,1,614,0,34,0.055,106.74
Latina,137,09/07/2020,3,617,0,34,0.055,107.26
Latina,138,10/07/2020,2,619,0,34,0.055,107.6
Latina,139,11/07/2020,6,625,0,34,0.054,108.65
Latina,140,12/07/2020,1,626,0,34,0.054,108.82
Latina,141,13/07/2020,2,628,0,34,0.054,109.17
Latina,142,14/07/2020,0,628,0,34,0.054,109.17
Latina,143,15/07/2020,2,630,0,34,0.054,109.52
Latina,144,16/07/2020,2,632,0,34,0.054,109.86
Latina,145,17/07/2020,1,633,0,34,0.054,110.04
Latina,146,18/07/2020,0,633,1,35,0.055,110.04
Latina,147,19/07/2020,0,633,0,35,0.055,110.04
Latina,148,20/07/2020,0,633,0,35,0.055,110.04
Latina,149,21/07/2020,2,635,0,35,0.055,110.39
Latina,150,22/07/2020,1,636,0,35,0.055,110.56
Latina,151,23/07/2020,2,638,0,35,0.055,110.91
Latina,152,24/07/2020,4,642,0,35,0.055,111.6
Latina,153,25/07/2020,2,644,0,35,0.054,111.95
Latina,154,26/07/2020,2,646,0,35,0.054,112.3
Latina,155,27/07/2020,0,646,0,35,0.054,112.3
Latina,156,28/07/2020,0,646,0,35,0.054,112.3
Latina,157,29/07/2020,1,647,0,35,0.054,112.47
Latina,158,30/07/2020,1,648,0,35,0.054,112.65
Latina,159,31/07/2020,4,652,0,35,0.054,113.34
Latina,160,01/08/2020,5,657,0,35,0.053,114.21
Latina,161,02/08/2020,3,660,0,35,0.053,114.73
Latina,162,03/08/2020,2,662,0,35,0.053,115.08
Latina,163,04/08/2020,0,662,0,35,0.053,115.08
Latina,164,05/08/2020,1,663,0,35,0.053,115.25
Latina,165,06/08/2020,0,663,0,35,0.053,115.25
Latina,166,07/08/2020,2,665,0,35,0.053,115.6
Latina,167,08/08/2020,3,668,0,35,0.052,116.12
Latina,168,09/08/2020,4,672,0,35,0.052,116.82
Latina,169,10/08/2020,2,674,0,35,0.052,117.17
Latina,170,11/08/2020,2,676,0,35,0.052,117.51
Latina,171,12/08/2020,3,679,0,35,0.052,118.03
Latina,172,13/08/2020,4,683,0,35,0.051,118.73
Latina,173,14/08/2020,2,685,0,35,0.051,119.08
Latina,174,15/08/2020,3,688,0,35,0.051,119.6
Latina,175,16/08/2020,12,700,0,35,0.05,121.69
Latina,176,17/08/2020,0,700,0,35,0.05,121.69
Latina,177,18/08/2020,3,703,0,35,0.05,122.21
Latina,178,19/08/2020,2,705,0,35,0.05,122.55
Latina,179,20/08/2020,5,710,0,35,0.049,123.42
Latina,180,21/08/2020,1,711,0,35,0.049,123.6
Latina,181,22/08/2020,45,756,0,35,0.046,131.42
Latina,182,23/08/2020,6,762,0,35,0.046,132.46
Latina,183,24/08/2020,4,766,0,35,0.046,133.16
Latina,184,25/08/2020,3,769,0,35,0.046,133.68
Latina,185,26/08/2020,2,771,0,35,0.045,134.03
Latina,186,27/08/2020,5,776,0,35,0.045,134.9
Latina,187,28/08/2020,4,780,0,35,0.045,135.59
Latina,188,29/08/2020,19,799,0,35,0.044,138.9
Latina,189,30/08/2020,31,830,0,35,0.042,144.28
Latina,190,31/08/2020,8,838,0,35,0.042,145.67
Latina,191,01/09/2020,5,843,0,35,0.042,146.54
Latina,192,02/09/2020,9,852,0,35,0.041,148.11
Latina,193,03/09/2020,6,858,0,35,0.041,149.15
Latina,194,04/09/2020,13,871,0,35,0.04,151.41
Latina,195,05/09/2020,3,874,0,35,0.04,151.93
Latina,196,06/09/2020,10,884,0,35,0.04,153.67
Latina,197,07/09/2020,13,897,0,35,0.039,155.93
Latina,198,08/09/2020,7,904,0,35,0.039,157.15
Latina,199,09/09/2020,27,931,0,35,0.038,161.84
Latina,200,10/09/2020,15,946,0,35,0.037,164.45
Latina,201,11/09/2020,6,952,0,35,0.037,165.49
Latina,202,12/09/2020,11,963,0,35,0.036,167.4
Latina,203,13/09/2020,8,971,0,35,0.036,168.8
Latina,204,14/09/2020,13,984,0,35,0.036,171.05
Latina,205,15/09/2020,11,995,0,35,0.035,172.97
Latina,206,16/09/2020,20,1015,0,35,0.034,176.44
Latina,207,17/09/2020,16,1031,0,35,0.034,179.23
Latina,208,18/09/2020,13,1044,0,35,0.034,181.49
Latina,209,19/09/2020,23,1067,0,35,0.033,185.48
Latina,210,20/09/2020,18,1085,0,35,0.032,188.61
Latina,211,21/09/2020,14,1099,1,36,0.033,191.05
Latina,212,22/09/2020,52,1151,0,36,0.031,200.09
Latina,213,23/09/2020,7,1158,0,36,0.031,201.3
Latina,214,24/09/2020,13,1171,0,36,0.031,203.56
Latina,215,25/09/2020,8,1179,0,36,0.031,204.95
Latina,216,26/09/2020,27,1206,0,36,0.03,209.65
Latina,217,27/09/2020,9,1215,0,36,0.03,211.21
Latina,218,28/09/2020,37,1252,0,36,0.029,217.64
Latina,219,29/09/2020,25,1277,0,36,0.028,221.99
Latina,220,30/09/2020,0,1277,1,37,0.029,221.99
Latina,221,01/10/2020,14,1291,1,38,0.029,224.42
Latina,222,02/10/2020,32,1323,0,38,0.029,229.99
Latina,223,03/10/2020,39,1362,0,38,0.028,236.76
Latina,224,04/10/2020,39,1401,0,38,0.027,243.54
Latina,225,05/10/2020,47,1448,0,38,0.026,251.71
Latina,226,06/10/2020,33,1481,0,38,0.026,257.45
Latina,227,07/10/2020,74,1555,0,38,0.024,270.32
Latina,228,08/10/2020,33,1588,0,38,0.024,276.05
Latina,229,09/10/2020,26,1614,0,38,0.024,280.57
Latina,230,10/10/2020,31,1645,1,39,0.024,285.96
Latina,231,11/10/2020,15,1660,0,39,0.023,288.57
Latina,232,12/10/2020,37,1697,1,40,0.024,295
Latina,233,13/10/2020,64,1761,0,40,0.023,306.13
Latina,234,14/10/2020,57,1818,0,40,0.022,316.03
Latina,235,15/10/2020,48,1866,0,40,0.021,324.38
Latina,236,16/10/2020,48,1914,0,40,0.021,332.72
Latina,237,17/10/2020,64,1978,0,40,0.02,343.85
Latina,238,18/10/2020,70,2048,1,41,0.02,356.02
Latina,239,19/10/2020,62,2110,1,42,0.02,366.79
Latina,240,20/10/2020,49,2159,1,43,0.02,375.31
Latina,241,21/10/2020,103,2262,2,45,0.02,393.22
Latina,242,22/10/2020,89,2351,1,46,0.02,408.69
Latina,243,23/10/2020,114,2465,0,46,0.019,428.51
Latina,244,24/10/2020,65,2530,2,48,0.019,439.81
Latina,245,25/10/2020,161,2691,1,49,0.018,467.79
Latina,246,26/10/2020,85,2776,1,50,0.018,482.57
Latina,247,27/10/2020,288,3064,2,52,0.017,532.63
Latina,248,28/10/2020,165,3229,1,53,0.016,561.32
Latina,249,29/10/2020,112,3341,1,54,0.016,580.79
Latina,250,30/10/2020,13,3354,1,55,0.016,583.05
Latina,251,31/10/2020,407,3761,1,56,0.015,653.8
Latina,252,01/11/2020,14,3775,1,57,0.015,656.23
Latina,253,02/11/2020,7,3782,2,59,0.016,657.45
Latina,254,03/11/2020,201,3983,4,63,0.016,692.39
Latina,255,04/11/2020,187,4170,4,67,0.016,724.9
Latina,256,05/11/2020,-148,4022,6,73,0.018,699.17
Latina,257,06/11/2020,636,4658,1,74,0.016,809.73
Latina,258,07/11/2020,214,4872,3,77,0.016,846.93
Latina,259,08/11/2020,248,5120,3,80,0.016,890.04
Latina,260,09/11/2020,214,5334,3,83,0.016,927.24
Latina,261,10/11/2020,103,5437,5,88,0.016,945.15
Latina,262,11/11/2020,31,5468,1,89,0.016,950.54
Latina,263,12/11/2020,144,5612,7,96,0.017,975.57
Latina,264,13/11/2020,20,5632,4,100,0.018,979.05
Latina,265,14/11/2020,185,5817,4,104,0.018,1011.21
Latina,266,15/11/2020,175,5992,4,108,0.018,1041.63
Latina,267,16/11/2020,243,6235,2,110,0.018,1083.87
Latina,268,17/11/2020,464,6699,7,117,0.017,1164.53
Latina,269,18/11/2020,5,6704,3,120,0.018,1165.4
Latina,270,19/11/2020,10,6714,3,123,0.018,1167.14
Latina,271,20/11/2020,512,7226,6,129,0.018,1256.14
Latina,272,21/11/2020,296,7522,1,130,0.017,1307.6
Latina,273,22/11/2020,198,7720,4,134,0.017,1342.02
Latina,274,23/11/2020,24,7744,4,138,0.018,1346.19
Latina,275,24/11/2020,11,7755,3,141,0.018,1348.1
Latina,276,25/11/2020,281,8036,5,146,0.018,1396.95
Latina,277,26/11/2020,4,8040,4,150,0.019,1397.64
Latina,278,27/11/2020,13,8053,3,153,0.019,1399.9
Latina,279,28/11/2020,17,8070,3,156,0.019,1402.86
Latina,280,29/11/2020,5,8075,0,156,0.019,1403.73
Latina,281,30/11/2020,1409,9484,6,162,0.017,1648.66
Latina,282,01/12/2020,237,9721,6,168,0.017,1689.86
Latina,283,02/12/2020,127,9848,4,172,0.017,1711.94
Latina,284,03/12/2020,6,9854,3,175,0.018,1712.98
Latina,285,04/12/2020,6,9860,4,179,0.018,1714.03
Latina,286,05/12/2020,6,9866,7,186,0.019,1715.07
Latina,287,06/12/2020,3,9869,0,186,0.019,1715.59
Latina,288,07/12/2020,451,10320,0,186,0.018,1793.99
Latina,289,08/12/2020,17,10337,4,190,0.018,1796.95
Latina,290,09/12/2020,720,11057,5,195,0.018,1922.11
Latina,291,10/12/2020,28,11085,3,198,0.018,1926.97
Latina,292,11/12/2020,129,11214,0,198,0.018,1949.4
Latina,293,12/12/2020,20,11234,5,203,0.018,1952.88
Latina,294,13/12/2020,3,11237,3,206,0.018,1953.4
Latina,295,14/12/2020,8,11245,9,215,0.019,1954.79
Latina,296,15/12/2020,22,11267,9,224,0.02,1958.61
Latina,297,16/12/2020,897,12164,4,228,0.019,2114.54
Latina,298,17/12/2020,156,12320,4,232,0.019,2141.66
Latina,299,18/12/2020,147,12467,0,232,0.019,2167.22
Latina,300,19/12/2020,64,12531,0,232,0.019,2178.34
Latina,301,20/12/2020,5,12536,1,233,0.019,2179.21
Latina,302,21/12/2020,11,12547,2,235,0.019,2181.12
Latina,303,22/12/2020,667,13214,0,235,0.018,2297.07
Latina,304,23/12/2020,274,13488,4,239,0.018,2344.7
Latina,305,24/12/2020,287,13775,5,244,0.018,2394.59
Latina,306,25/12/2020,4,13779,0,244,0.018,2395.29
Latina,307,26/12/2020,3,13782,3,247,0.018,2395.81
Latina,308,27/12/2020,1,13783,4,251,0.018,2395.99
Latina,309,28/12/2020,449,14232,3,254,0.018,2474.04
Latina,310,29/12/2020,120,14352,2,256,0.018,2494.9
Latina,311,30/12/2020,8,14360,3,259,0.018,2496.29
Latina,312,31/12/2020,103,14463,0,259,0.018,2514.19
Latina,313,01/01/2021,92,14555,1,260,0.018,2530.19
Latina,314,02/01/2021,-86,14469,0,260,0.018,2515.24
Latina,315,03/01/2021,6,14475,5,265,0.018,2516.28
Latina,316,04/01/2021,892,15367,2,267,0.017,2671.34
Latina,317,05/01/2021,228,15595,4,271,0.017,2710.98
Latina,318,06/01/2021,359,15954,5,276,0.017,2773.38
Latina,319,07/01/2021,17,15971,6,282,0.018,2776.34
Latina,320,08/01/2021,494,16465,1,283,0.017,2862.21
Latina,321,09/01/2021,4,16469,3,286,0.017,2862.91
Latina,322,10/01/2021,1,16470,1,287,0.017,2863.08
Latina,323,11/01/2021,35,16505,1,288,0.017,2869.17
Latina,324,12/01/2021,754,17259,2,290,0.017,3000.24
Latina,325,13/01/2021,48,17307,0,290,0.017,3008.58
