Province,Day,Date,New_cases,Curr_pos_cases,Deaths,Tot_deaths,Lethality_rate,Cumul_rates
Rieti,1,24/02/2020,0,0,0,0,0,0
Rieti,2,25/02/2020,0,0,0,0,0,0
Rieti,3,26/02/2020,0,0,0,0,0,0
Rieti,4,27/02/2020,0,0,0,0,0,0
Rieti,5,28/02/2020,0,0,0,0,0,0
Rieti,6,29/02/2020,0,0,0,0,0,0
Rieti,7,01/03/2020,0,0,0,0,0,0
Rieti,8,02/03/2020,0,0,0,0,0,0
Rieti,9,03/03/2020,0,0,0,0,0,0
Rieti,10,04/03/2020,0,0,0,0,0,0
Rieti,11,05/03/2020,0,0,0,0,0,0
Rieti,12,06/03/2020,0,0,0,0,0,0
Rieti,13,07/03/2020,0,0,0,0,0,0
Rieti,14,08/03/2020,0,0,0,0,0,0
Rieti,15,09/03/2020,0,0,0,0,0,0
Rieti,16,10/03/2020,1,1,0,0,0,0.64
Rieti,17,11/03/2020,2,3,0,0,0,1.93
Rieti,18,12/03/2020,-1,2,0,0,0,1.29
Rieti,19,13/03/2020,1,3,0,0,0,1.93
Rieti,20,14/03/2020,0,3,0,0,0,1.93
Rieti,21,15/03/2020,1,4,0,0,0,2.57
Rieti,22,16/03/2020,7,11,0,0,0,7.07
Rieti,23,17/03/2020,1,12,0,0,0,7.72
Rieti,24,18/03/2020,0,12,0,0,0,7.72
Rieti,25,19/03/2020,6,18,0,0,0,11.58
Rieti,26,20/03/2020,0,18,0,0,0,11.58
Rieti,27,21/03/2020,6,24,0,0,0,15.43
Rieti,28,22/03/2020,0,24,0,0,0,15.43
Rieti,29,23/03/2020,7,31,0,0,0,19.94
Rieti,30,24/03/2020,2,33,0,0,0,21.22
Rieti,31,25/03/2020,6,39,0,0,0,25.08
Rieti,32,26/03/2020,2,41,0,0,0,26.37
Rieti,33,27/03/2020,2,43,1,1,0.02,27.65
Rieti,34,28/03/2020,19,62,0,1,0.02,39.87
Rieti,35,29/03/2020,14,76,3,4,0.05,48.87
Rieti,36,30/03/2020,29,105,0,4,0.04,67.52
Rieti,37,31/03/2020,27,132,3,7,0.05,84.89
Rieti,38,01/04/2020,61,193,1,8,0.04,124.11
Rieti,39,02/04/2020,-5,188,3,11,0.06,120.9
Rieti,40,03/04/2020,0,188,3,14,0.07,120.9
Rieti,41,04/04/2020,0,188,1,15,0.08,120.9
Rieti,42,05/04/2020,1,189,3,18,0.1,121.54
Rieti,43,06/04/2020,77,266,2,20,0.07,171.06
Rieti,44,07/04/2020,2,268,2,22,0.08,172.34
Rieti,45,08/04/2020,1,269,0,22,0.08,172.99
Rieti,46,09/04/2020,0,269,1,23,0.09,172.99
Rieti,47,10/04/2020,1,270,2,25,0.09,173.63
Rieti,48,11/04/2020,3,273,1,26,0.1,175.56
Rieti,49,12/04/2020,3,276,0,26,0.09,177.49
Rieti,50,13/04/2020,0,276,1,27,0.1,177.49
Rieti,51,14/04/2020,0,276,0,27,0.1,177.49
Rieti,52,15/04/2020,1,277,0,27,0.1,178.13
Rieti,53,16/04/2020,0,277,1,28,0.1,178.13
Rieti,54,17/04/2020,1,278,1,29,0.1,178.77
Rieti,55,18/04/2020,2,280,0,29,0.1,180.06
Rieti,56,19/04/2020,0,280,1,30,0.11,180.06
Rieti,57,20/04/2020,1,281,0,30,0.11,180.7
Rieti,58,21/04/2020,0,281,3,33,0.12,180.7
Rieti,59,22/04/2020,1,282,0,33,0.12,181.35
Rieti,60,23/04/2020,9,291,0,33,0.11,187.13
Rieti,61,24/04/2020,21,312,0,33,0.11,200.64
Rieti,62,25/04/2020,1,313,0,33,0.1,201.28
Rieti,63,26/04/2020,0,313,1,34,0.11,201.28
Rieti,64,27/04/2020,1,314,0,34,0.11,201.93
Rieti,65,28/04/2020,-1,313,2,36,0.12,201.28
Rieti,66,29/04/2020,11,324,1,37,0.11,208.36
Rieti,67,30/04/2020,0,324,1,38,0.12,208.36
Rieti,68,01/05/2020,0,324,0,38,0.12,208.36
Rieti,69,02/05/2020,0,324,0,38,0.12,208.36
Rieti,70,03/05/2020,1,325,0,38,0.12,209
Rieti,71,04/05/2020,0,325,0,38,0.12,209
Rieti,72,05/05/2020,2,327,0,38,0.12,210.29
Rieti,73,06/05/2020,1,328,0,38,0.12,210.93
Rieti,74,07/05/2020,0,328,0,38,0.12,210.93
Rieti,75,08/05/2020,3,331,0,38,0.12,212.86
Rieti,76,09/05/2020,0,331,0,38,0.12,212.86
Rieti,77,10/05/2020,0,331,0,38,0.12,212.86
Rieti,78,11/05/2020,2,333,0,38,0.11,214.14
Rieti,79,12/05/2020,5,338,0,38,0.11,217.36
Rieti,80,13/05/2020,11,349,0,38,0.11,224.43
Rieti,81,14/05/2020,19,368,0,38,0.1,236.65
Rieti,82,15/05/2020,8,376,0,38,0.1,241.8
Rieti,83,16/05/2020,0,376,0,38,0.1,241.8
Rieti,84,17/05/2020,2,378,0,38,0.1,243.08
Rieti,85,18/05/2020,2,380,0,38,0.1,244.37
Rieti,86,19/05/2020,-2,378,0,38,0.1,243.08
Rieti,87,20/05/2020,0,378,0,38,0.1,243.08
Rieti,88,21/05/2020,0,378,0,38,0.1,243.08
Rieti,89,22/05/2020,0,378,0,38,0.1,243.08
Rieti,90,23/05/2020,0,378,0,38,0.1,243.08
Rieti,91,24/05/2020,1,379,0,38,0.1,243.73
Rieti,92,25/05/2020,1,380,0,38,0.1,244.37
Rieti,93,26/05/2020,0,380,0,38,0.1,244.37
Rieti,94,27/05/2020,0,380,0,38,0.1,244.37
Rieti,95,28/05/2020,3,383,0,38,0.1,246.3
Rieti,96,29/05/2020,2,385,0,38,0.1,247.58
Rieti,97,30/05/2020,0,385,0,38,0.1,247.58
Rieti,98,31/05/2020,0,385,0,38,0.1,247.58
Rieti,99,01/06/2020,1,386,1,39,0.1,248.23
Rieti,100,02/06/2020,0,386,0,39,0.1,248.23
Rieti,101,03/06/2020,0,386,0,39,0.1,248.23
Rieti,102,04/06/2020,0,386,0,39,0.1,248.23
Rieti,103,05/06/2020,0,386,0,39,0.1,248.23
Rieti,104,06/06/2020,0,386,0,39,0.1,248.23
Rieti,105,07/06/2020,0,386,0,39,0.1,248.23
Rieti,106,08/06/2020,0,386,0,39,0.1,248.23
Rieti,107,09/06/2020,0,386,0,39,0.1,248.23
Rieti,108,10/06/2020,6,392,0,39,0.1,252.09
Rieti,109,11/06/2020,3,395,0,39,0.1,254.01
Rieti,110,12/06/2020,1,396,0,39,0.1,254.66
Rieti,111,13/06/2020,-1,395,0,39,0.1,254.01
Rieti,112,14/06/2020,1,396,0,39,0.1,254.66
Rieti,113,15/06/2020,1,397,0,39,0.1,255.3
Rieti,114,16/06/2020,0,397,0,39,0.1,255.3
Rieti,115,17/06/2020,0,397,0,39,0.1,255.3
Rieti,116,18/06/2020,0,397,0,39,0.1,255.3
Rieti,117,19/06/2020,0,397,3,42,0.11,255.3
Rieti,118,20/06/2020,0,397,0,42,0.11,255.3
Rieti,119,21/06/2020,0,397,0,42,0.11,255.3
Rieti,120,22/06/2020,0,397,0,42,0.11,255.3
Rieti,121,23/06/2020,0,397,0,42,0.11,255.3
Rieti,122,24/06/2020,14,411,0,42,0.1,264.3
Rieti,123,25/06/2020,0,411,0,42,0.1,264.3
Rieti,124,26/06/2020,0,411,0,42,0.1,264.3
Rieti,125,27/06/2020,0,411,0,42,0.1,264.3
Rieti,126,28/06/2020,0,411,0,42,0.1,264.3
Rieti,127,29/06/2020,0,411,0,42,0.1,264.3
Rieti,128,30/06/2020,0,411,0,42,0.1,264.3
Rieti,129,01/07/2020,0,411,0,42,0.1,264.3
Rieti,130,02/07/2020,1,412,0,42,0.1,264.95
Rieti,131,03/07/2020,0,412,0,42,0.1,264.95
Rieti,132,04/07/2020,0,412,0,42,0.1,264.95
Rieti,133,05/07/2020,0,412,0,42,0.1,264.95
Rieti,134,06/07/2020,2,414,0,42,0.1,266.23
Rieti,135,07/07/2020,-2,412,0,42,0.1,264.95
Rieti,136,08/07/2020,6,418,0,42,0.1,268.81
Rieti,137,09/07/2020,-5,413,0,42,0.1,265.59
Rieti,138,10/07/2020,0,413,0,42,0.1,265.59
Rieti,139,11/07/2020,0,413,0,42,0.1,265.59
Rieti,140,12/07/2020,0,413,0,42,0.1,265.59
Rieti,141,13/07/2020,0,413,0,42,0.1,265.59
Rieti,142,14/07/2020,0,413,0,42,0.1,265.59
Rieti,143,15/07/2020,0,413,0,42,0.1,265.59
Rieti,144,16/07/2020,0,413,0,42,0.1,265.59
Rieti,145,17/07/2020,0,413,0,42,0.1,265.59
Rieti,146,18/07/2020,0,413,0,42,0.1,265.59
Rieti,147,19/07/2020,1,414,0,42,0.1,266.23
Rieti,148,20/07/2020,0,414,0,42,0.1,266.23
Rieti,149,21/07/2020,0,414,0,42,0.1,266.23
Rieti,150,22/07/2020,0,414,0,42,0.1,266.23
Rieti,151,23/07/2020,0,414,0,42,0.1,266.23
Rieti,152,24/07/2020,0,414,0,42,0.1,266.23
Rieti,153,25/07/2020,0,414,0,42,0.1,266.23
Rieti,154,26/07/2020,0,414,0,42,0.1,266.23
Rieti,155,27/07/2020,4,418,0,42,0.1,268.81
Rieti,156,28/07/2020,2,420,0,42,0.1,270.09
Rieti,157,29/07/2020,1,421,0,42,0.1,270.73
Rieti,158,30/07/2020,1,422,0,42,0.1,271.38
Rieti,159,31/07/2020,1,423,0,42,0.1,272.02
Rieti,160,01/08/2020,0,423,0,42,0.1,272.02
Rieti,161,02/08/2020,0,423,0,42,0.1,272.02
Rieti,162,03/08/2020,0,423,0,42,0.1,272.02
Rieti,163,04/08/2020,1,424,0,42,0.1,272.66
Rieti,164,05/08/2020,1,425,0,42,0.1,273.31
Rieti,165,06/08/2020,2,427,0,42,0.1,274.59
Rieti,166,07/08/2020,0,427,0,42,0.1,274.59
Rieti,167,08/08/2020,1,428,0,42,0.1,275.24
Rieti,168,09/08/2020,2,430,0,42,0.1,276.52
Rieti,169,10/08/2020,3,433,0,42,0.1,278.45
Rieti,170,11/08/2020,1,434,0,42,0.1,279.09
Rieti,171,12/08/2020,1,435,0,42,0.1,279.74
Rieti,172,13/08/2020,4,439,0,42,0.1,282.31
Rieti,173,14/08/2020,0,439,0,42,0.1,282.31
Rieti,174,15/08/2020,0,439,0,42,0.1,282.31
Rieti,175,16/08/2020,0,439,0,42,0.1,282.31
Rieti,176,17/08/2020,0,439,0,42,0.1,282.31
Rieti,177,18/08/2020,0,439,0,42,0.1,282.31
Rieti,178,19/08/2020,0,439,0,42,0.1,282.31
Rieti,179,20/08/2020,2,441,0,42,0.1,283.6
Rieti,180,21/08/2020,1,442,0,42,0.1,284.24
Rieti,181,22/08/2020,1,443,0,42,0.1,284.88
Rieti,182,23/08/2020,4,447,0,42,0.09,287.45
Rieti,183,24/08/2020,3,450,0,42,0.09,289.38
Rieti,184,25/08/2020,1,451,0,42,0.09,290.03
Rieti,185,26/08/2020,0,451,0,42,0.09,290.03
Rieti,186,27/08/2020,6,457,0,42,0.09,293.89
Rieti,187,28/08/2020,4,461,0,42,0.09,296.46
Rieti,188,29/08/2020,1,462,0,42,0.09,297.1
Rieti,189,30/08/2020,2,464,0,42,0.09,298.39
Rieti,190,31/08/2020,1,465,0,42,0.09,299.03
Rieti,191,01/09/2020,3,468,0,42,0.09,300.96
Rieti,192,02/09/2020,1,469,0,42,0.09,301.6
Rieti,193,03/09/2020,1,470,0,42,0.09,302.24
Rieti,194,04/09/2020,4,474,0,42,0.09,304.82
Rieti,195,05/09/2020,9,483,0,42,0.09,310.6
Rieti,196,06/09/2020,3,486,0,42,0.09,312.53
Rieti,197,07/09/2020,0,486,0,42,0.09,312.53
Rieti,198,08/09/2020,0,486,0,42,0.09,312.53
Rieti,199,09/09/2020,3,489,0,42,0.09,314.46
Rieti,200,10/09/2020,1,490,0,42,0.09,315.11
Rieti,201,11/09/2020,3,493,0,42,0.09,317.04
Rieti,202,12/09/2020,5,498,0,42,0.08,320.25
Rieti,203,13/09/2020,3,501,0,42,0.08,322.18
Rieti,204,14/09/2020,11,512,0,42,0.08,329.25
Rieti,205,15/09/2020,-1,511,0,42,0.08,328.61
Rieti,206,16/09/2020,12,523,0,42,0.08,336.33
Rieti,207,17/09/2020,4,527,0,42,0.08,338.9
Rieti,208,18/09/2020,7,534,0,42,0.08,343.4
Rieti,209,19/09/2020,11,545,0,42,0.08,350.48
Rieti,210,20/09/2020,11,556,0,42,0.08,357.55
Rieti,211,21/09/2020,3,559,0,42,0.07,359.48
Rieti,212,22/09/2020,4,563,0,42,0.07,362.05
Rieti,213,23/09/2020,14,577,0,42,0.07,371.05
Rieti,214,24/09/2020,2,579,0,42,0.07,372.34
Rieti,215,25/09/2020,17,596,0,42,0.07,383.27
Rieti,216,26/09/2020,17,613,0,42,0.07,394.2
Rieti,217,27/09/2020,2,615,0,42,0.07,395.49
Rieti,218,28/09/2020,1,616,0,42,0.07,396.13
Rieti,219,29/09/2020,12,628,0,42,0.07,403.85
Rieti,220,30/09/2020,0,628,1,43,0.07,403.85
Rieti,221,01/10/2020,5,633,0,43,0.07,407.07
Rieti,222,02/10/2020,4,637,0,43,0.07,409.64
Rieti,223,03/10/2020,7,644,0,43,0.07,414.14
Rieti,224,04/10/2020,0,644,0,43,0.07,414.14
Rieti,225,05/10/2020,9,653,0,43,0.07,419.93
Rieti,226,06/10/2020,0,653,1,44,0.07,419.93
Rieti,227,07/10/2020,4,657,0,44,0.07,422.5
Rieti,228,08/10/2020,5,662,0,44,0.07,425.72
Rieti,229,09/10/2020,10,672,1,45,0.07,432.15
Rieti,230,10/10/2020,36,708,0,45,0.06,455.3
Rieti,231,11/10/2020,3,711,0,45,0.06,457.23
Rieti,232,12/10/2020,4,715,0,45,0.06,459.8
Rieti,233,13/10/2020,24,739,0,45,0.06,475.23
Rieti,234,14/10/2020,18,757,0,45,0.06,486.81
Rieti,235,15/10/2020,24,781,0,45,0.06,502.24
Rieti,236,16/10/2020,7,788,0,45,0.06,506.74
Rieti,237,17/10/2020,44,832,0,45,0.05,535.04
Rieti,238,18/10/2020,12,844,0,45,0.05,542.75
Rieti,239,19/10/2020,11,855,0,45,0.05,549.83
Rieti,240,20/10/2020,52,907,0,45,0.05,583.27
Rieti,241,21/10/2020,26,933,0,45,0.05,599.99
Rieti,242,22/10/2020,54,987,0,45,0.05,634.71
Rieti,243,23/10/2020,26,1013,0,45,0.04,651.43
Rieti,244,24/10/2020,3,1016,1,46,0.04,653.36
Rieti,245,25/10/2020,20,1036,0,46,0.04,666.23
Rieti,246,26/10/2020,53,1089,4,50,0.05,700.31
Rieti,247,27/10/2020,72,1161,0,50,0.04,746.61
Rieti,248,28/10/2020,45,1206,0,50,0.04,775.55
Rieti,249,29/10/2020,38,1244,0,50,0.04,799.98
Rieti,250,30/10/2020,17,1261,1,51,0.04,810.92
Rieti,251,31/10/2020,2,1263,0,51,0.04,812.2
Rieti,252,01/11/2020,13,1276,0,51,0.04,820.56
Rieti,253,02/11/2020,13,1289,3,54,0.04,828.92
Rieti,254,03/11/2020,38,1327,0,54,0.04,853.36
Rieti,255,04/11/2020,18,1345,1,55,0.04,864.94
Rieti,256,05/11/2020,35,1380,2,57,0.04,887.44
Rieti,257,06/11/2020,41,1421,1,58,0.04,913.81
Rieti,258,07/11/2020,36,1457,1,59,0.04,936.96
Rieti,259,08/11/2020,1,1458,3,62,0.04,937.6
Rieti,260,09/11/2020,56,1514,3,65,0.04,973.61
Rieti,261,10/11/2020,83,1597,2,67,0.04,1026.99
Rieti,262,11/11/2020,87,1684,2,69,0.04,1082.94
Rieti,263,12/11/2020,52,1736,3,72,0.04,1116.38
Rieti,264,13/11/2020,71,1807,1,73,0.04,1162.04
Rieti,265,14/11/2020,68,1875,4,77,0.04,1205.76
Rieti,266,15/11/2020,10,1885,1,78,0.04,1212.2
Rieti,267,16/11/2020,26,1911,1,79,0.04,1228.92
Rieti,268,17/11/2020,100,2011,6,85,0.04,1293.22
Rieti,269,18/11/2020,411,2422,2,87,0.04,1557.53
Rieti,270,19/11/2020,78,2500,5,92,0.04,1607.69
Rieti,271,20/11/2020,10,2510,2,94,0.04,1614.12
Rieti,272,21/11/2020,102,2612,3,97,0.04,1679.71
Rieti,273,22/11/2020,-66,2546,1,98,0.04,1637.27
Rieti,274,23/11/2020,61,2607,4,102,0.04,1676.49
Rieti,275,24/11/2020,28,2635,0,102,0.04,1694.5
Rieti,276,25/11/2020,414,3049,2,104,0.03,1960.73
Rieti,277,26/11/2020,13,3062,3,107,0.04,1969.09
Rieti,278,27/11/2020,7,3069,0,107,0.04,1973.6
Rieti,279,28/11/2020,40,3109,3,110,0.04,1999.32
Rieti,280,29/11/2020,2,3111,4,114,0.04,2000.6
Rieti,281,30/11/2020,5,3116,3,117,0.04,2003.82
Rieti,282,01/12/2020,158,3274,3,120,0.04,2105.43
Rieti,283,02/12/2020,530,3804,3,123,0.03,2446.26
Rieti,284,03/12/2020,0,3804,3,126,0.03,2446.26
Rieti,285,04/12/2020,11,3815,1,127,0.03,2453.33
Rieti,286,05/12/2020,0,3815,1,128,0.03,2453.33
Rieti,287,06/12/2020,6,3821,0,128,0.03,2457.19
Rieti,288,07/12/2020,27,3848,2,130,0.03,2474.55
Rieti,289,08/12/2020,119,3967,2,132,0.03,2551.08
Rieti,290,09/12/2020,191,4158,3,135,0.03,2673.9
Rieti,291,10/12/2020,19,4177,1,136,0.03,2686.12
Rieti,292,11/12/2020,38,4215,2,138,0.03,2710.56
Rieti,293,12/12/2020,38,4253,0,138,0.03,2735
Rieti,294,13/12/2020,4,4257,6,144,0.03,2737.57
Rieti,295,14/12/2020,15,4272,0,144,0.03,2747.21
Rieti,296,15/12/2020,66,4338,0,144,0.03,2789.66
Rieti,297,16/12/2020,89,4427,0,144,0.03,2846.89
