Province,Day,Date,New_cases,Curr_pos_cases,Deaths,Tot_deaths,Lethality_rate,Cumul_rates
Roma,1,24/02/2020,0,0,0,0,0,0
Roma,2,25/02/2020,3,3,0,0,0,0.07
Roma,3,26/02/2020,0,3,0,0,0,0.07
Roma,4,27/02/2020,0,3,0,0,0,0.07
Roma,5,28/02/2020,0,3,0,0,0,0.07
Roma,6,29/02/2020,3,6,0,0,0,0.14
Roma,7,01/03/2020,0,6,0,0,0,0.14
Roma,8,02/03/2020,1,7,0,0,0,0.16
Roma,9,03/03/2020,7,14,0,0,0,0.32
Roma,10,04/03/2020,15,29,0,0,0,0.67
Roma,11,05/03/2020,13,42,0,0,0,0.97
Roma,12,06/03/2020,7,49,1,1,0.02,1.13
Roma,13,07/03/2020,22,71,0,1,0.01,1.64
Roma,14,08/03/2020,6,77,1,2,0.03,1.77
Roma,15,09/03/2020,14,91,2,4,0.04,2.1
Roma,16,10/03/2020,-15,76,0,4,0.05,1.75
Roma,17,11/03/2020,23,99,0,4,0.04,2.28
Roma,18,12/03/2020,63,162,3,7,0.04,3.73
Roma,19,13/03/2020,56,218,1,8,0.04,5.02
Roma,20,14/03/2020,70,288,1,9,0.03,6.63
Roma,21,15/03/2020,66,354,1,10,0.03,8.15
Roma,22,16/03/2020,58,412,3,13,0.03,9.49
Roma,23,17/03/2020,74,486,2,15,0.03,11.19
Roma,24,18/03/2020,104,590,4,19,0.03,13.59
Roma,25,19/03/2020,88,678,6,25,0.04,15.61
Roma,26,20/03/2020,77,755,5,30,0.04,17.39
Roma,27,21/03/2020,138,893,9,39,0.04,20.57
Roma,28,22/03/2020,156,1049,1,40,0.04,24.16
Roma,29,23/03/2020,122,1171,7,47,0.04,26.97
Roma,30,24/03/2020,116,1287,14,61,0.05,29.64
Roma,31,25/03/2020,141,1428,9,70,0.05,32.89
Roma,32,26/03/2020,139,1567,9,79,0.05,36.09
Roma,33,27/03/2020,136,1703,7,86,0.05,39.22
Roma,34,28/03/2020,136,1839,4,90,0.05,42.35
Roma,35,29/03/2020,136,1945,7,97,0.05,44.79
Roma,36,30/03/2020,123,2068,10,107,0.05,47.63
Roma,37,31/03/2020,118,2186,8,115,0.05,50.34
Roma,38,01/04/2020,74,2260,4,119,0.05,52.05
Roma,39,02/04/2020,133,2393,11,130,0.05,55.11
Roma,40,03/04/2020,110,2503,8,138,0.06,57.64
Roma,41,04/04/2020,117,2620,10,148,0.06,60.34
Roma,42,05/04/2020,94,2714,1,149,0.06,62.5
Roma,43,06/04/2020,55,2769,7,156,0.06,63.77
Roma,44,07/04/2020,61,2830,7,163,0.06,65.17
Roma,45,08/04/2020,80,2910,5,168,0.06,67.02
Roma,46,09/04/2020,116,3026,5,173,0.06,69.69
Roma,47,10/04/2020,88,3114,7,180,0.06,71.71
Roma,48,11/04/2020,105,3219,7,187,0.06,74.13
Roma,49,12/04/2020,96,3315,4,191,0.06,76.34
Roma,50,13/04/2020,116,3431,4,195,0.06,79.02
Roma,51,14/04/2020,129,3560,15,210,0.06,81.99
Roma,52,15/04/2020,105,3665,10,220,0.06,84.4
Roma,53,16/04/2020,102,3767,3,223,0.06,86.75
Roma,54,17/04/2020,121,3888,10,233,0.06,89.54
Roma,55,18/04/2020,130,4018,7,240,0.06,92.53
Roma,56,19/04/2020,64,4082,0,240,0.06,94.01
Roma,57,20/04/2020,51,4133,5,245,0.06,95.18
Roma,58,21/04/2020,56,4189,10,255,0.06,96.47
Roma,59,22/04/2020,68,4257,5,260,0.06,98.04
Roma,60,23/04/2020,56,4313,3,263,0.06,99.33
Roma,61,24/04/2020,48,4361,8,271,0.06,100.43
Roma,62,25/04/2020,73,4434,2,273,0.06,102.11
Roma,63,26/04/2020,67,4501,0,273,0.06,103.66
Roma,64,27/04/2020,68,4569,6,279,0.06,105.22
Roma,65,28/04/2020,73,4642,14,293,0.06,106.9
Roma,66,29/04/2020,51,4693,6,299,0.06,108.08
Roma,67,30/04/2020,63,4756,10,309,0.06,109.53
Roma,68,01/05/2020,51,4807,7,316,0.07,110.7
Roma,69,02/05/2020,56,4863,8,324,0.07,111.99
Roma,70,03/05/2020,48,4911,10,334,0.07,113.1
Roma,71,04/05/2020,37,4948,12,346,0.07,113.95
Roma,72,05/05/2020,57,5005,5,351,0.07,115.26
Roma,73,06/05/2020,75,5080,3,354,0.07,116.99
Roma,74,07/05/2020,37,5117,5,359,0.07,117.84
Roma,75,08/05/2020,47,5164,6,365,0.07,118.93
Roma,76,09/05/2020,38,5202,2,367,0.07,119.8
Roma,77,10/05/2020,27,5229,1,368,0.07,120.42
Roma,78,11/05/2020,21,5250,5,373,0.07,120.91
Roma,79,12/05/2020,16,5266,2,375,0.07,121.27
Roma,80,13/05/2020,25,5291,5,380,0.07,121.85
Roma,81,14/05/2020,17,5308,4,384,0.07,122.24
Roma,82,15/05/2020,63,5371,4,388,0.07,123.69
Roma,83,16/05/2020,26,5397,8,396,0.07,124.29
Roma,84,17/05/2020,39,5436,0,396,0.07,125.19
Roma,85,18/05/2020,30,5466,2,398,0.07,125.88
Roma,86,19/05/2020,8,5474,9,407,0.07,126.06
Roma,87,20/05/2020,20,5494,2,409,0.07,126.53
Roma,88,21/05/2020,15,5509,4,413,0.07,126.87
Roma,89,22/05/2020,25,5534,6,419,0.08,127.45
Roma,90,23/05/2020,15,5549,2,421,0.08,127.79
Roma,91,24/05/2020,16,5565,4,425,0.08,128.16
Roma,92,25/05/2020,11,5576,1,426,0.08,128.41
Roma,93,26/05/2020,15,5591,2,428,0.08,128.76
Roma,94,27/05/2020,9,5600,3,431,0.08,128.97
Roma,95,28/05/2020,14,5614,1,432,0.08,129.29
Roma,96,29/05/2020,13,5627,7,439,0.08,129.59
Roma,97,30/05/2020,5,5632,5,444,0.08,129.7
Roma,98,31/05/2020,11,5643,7,451,0.08,129.96
Roma,99,01/06/2020,6,5649,1,452,0.08,130.09
Roma,100,02/06/2020,5,5654,0,452,0.08,130.21
Roma,101,03/06/2020,10,5664,2,454,0.08,130.44
Roma,102,04/06/2020,11,5675,2,456,0.08,130.69
Roma,103,05/06/2020,9,5684,3,459,0.08,130.9
Roma,104,06/06/2020,18,5702,1,460,0.08,131.32
Roma,105,07/06/2020,17,5719,0,460,0.08,131.71
Roma,106,08/06/2020,16,5735,3,463,0.08,132.08
Roma,107,09/06/2020,19,5754,1,464,0.08,132.51
Roma,108,10/06/2020,11,5765,4,468,0.08,132.77
Roma,109,11/06/2020,16,5781,1,469,0.08,133.13
Roma,110,12/06/2020,24,5805,3,472,0.08,133.69
Roma,111,13/06/2020,25,5830,2,474,0.08,134.26
Roma,112,14/06/2020,14,5844,1,475,0.08,134.59
Roma,113,15/06/2020,3,5847,3,478,0.08,134.65
Roma,114,16/06/2020,9,5856,3,481,0.08,134.86
Roma,115,17/06/2020,10,5866,4,485,0.08,135.09
Roma,116,18/06/2020,8,5874,4,489,0.08,135.28
Roma,117,19/06/2020,8,5882,0,489,0.08,135.46
Roma,118,20/06/2020,12,5894,1,490,0.08,135.74
Roma,119,21/06/2020,9,5903,0,490,0.08,135.94
Roma,120,22/06/2020,8,5911,3,493,0.08,136.13
Roma,121,23/06/2020,6,5917,2,495,0.08,136.27
Roma,122,24/06/2020,-107,5810,1,496,0.09,133.8
Roma,123,25/06/2020,7,5817,2,498,0.09,133.96
Roma,124,26/06/2020,13,5830,1,499,0.09,134.26
Roma,125,27/06/2020,16,5846,1,500,0.09,134.63
Roma,126,28/06/2020,14,5860,0,500,0.09,134.95
Roma,127,29/06/2020,8,5868,0,500,0.09,135.14
Roma,128,30/06/2020,4,5872,0,500,0.09,135.23
Roma,129,01/07/2020,8,5880,1,501,0.09,135.41
Roma,130,02/07/2020,6,5886,0,501,0.09,135.55
Roma,131,03/07/2020,10,5896,1,502,0.09,135.78
Roma,132,04/07/2020,29,5925,1,503,0.09,136.45
Roma,133,05/07/2020,11,5936,0,503,0.09,136.7
Roma,134,06/07/2020,15,5951,1,504,0.09,137.05
Roma,135,07/07/2020,6,5957,0,504,0.09,137.19
Roma,136,08/07/2020,7,5964,0,504,0.09,137.35
Roma,137,09/07/2020,30,5994,1,505,0.08,138.04
Roma,138,10/07/2020,21,6015,1,506,0.08,138.52
Roma,139,11/07/2020,12,6027,0,506,0.08,138.8
Roma,140,12/07/2020,19,6046,0,506,0.08,139.24
Roma,141,13/07/2020,21,6067,0,506,0.08,139.72
Roma,142,14/07/2020,18,6085,1,507,0.08,140.14
Roma,143,15/07/2020,18,6103,1,508,0.08,140.55
Roma,144,16/07/2020,6,6109,1,509,0.08,140.69
Roma,145,17/07/2020,11,6120,1,510,0.08,140.94
Roma,146,18/07/2020,19,6139,0,510,0.08,141.38
Roma,147,19/07/2020,13,6152,1,511,0.08,141.68
Roma,148,20/07/2020,15,6167,0,511,0.08,142.02
Roma,149,21/07/2020,3,6170,2,513,0.08,142.09
Roma,150,22/07/2020,13,6183,2,515,0.08,142.39
Roma,151,23/07/2020,23,6206,1,516,0.08,142.92
Roma,152,24/07/2020,12,6218,1,517,0.08,143.2
Roma,153,25/07/2020,15,6233,1,518,0.08,143.54
Roma,154,26/07/2020,17,6250,2,520,0.08,143.94
Roma,155,27/07/2020,9,6259,1,521,0.08,144.14
Roma,156,28/07/2020,9,6268,1,522,0.08,144.35
Roma,157,29/07/2020,32,6300,0,522,0.08,145.09
Roma,158,30/07/2020,16,6316,1,523,0.08,145.46
Roma,159,31/07/2020,13,6329,0,523,0.08,145.76
Roma,160,01/08/2020,12,6341,0,523,0.08,146.03
Roma,161,02/08/2020,14,6355,0,523,0.08,146.35
Roma,162,03/08/2020,12,6367,0,523,0.08,146.63
Roma,163,04/08/2020,13,6380,0,523,0.08,146.93
Roma,164,05/08/2020,5,6385,1,524,0.08,147.04
Roma,165,06/08/2020,13,6398,0,524,0.08,147.34
Roma,166,07/08/2020,18,6416,1,525,0.08,147.76
Roma,167,08/08/2020,15,6431,0,525,0.08,148.1
Roma,168,09/08/2020,32,6463,0,525,0.08,148.84
Roma,169,10/08/2020,28,6491,0,525,0.08,149.49
Roma,170,11/08/2020,20,6511,0,525,0.08,149.95
Roma,171,12/08/2020,31,6542,1,526,0.08,150.66
Roma,172,13/08/2020,26,6568,1,527,0.08,151.26
Roma,173,14/08/2020,41,6609,1,528,0.08,152.2
Roma,174,15/08/2020,42,6651,0,528,0.08,153.17
Roma,175,16/08/2020,54,6705,0,528,0.08,154.41
Roma,176,17/08/2020,49,6754,0,528,0.08,155.54
Roma,177,18/08/2020,37,6791,1,529,0.08,156.39
Roma,178,19/08/2020,72,6863,0,529,0.08,158.05
Roma,179,20/08/2020,100,6963,1,530,0.08,160.36
Roma,180,21/08/2020,122,7085,1,531,0.07,163.17
Roma,181,22/08/2020,153,7238,0,531,0.07,166.69
Roma,182,23/08/2020,140,7378,1,532,0.07,169.91
Roma,183,24/08/2020,141,7519,1,533,0.07,173.16
Roma,184,25/08/2020,117,7636,0,533,0.07,175.86
Roma,185,26/08/2020,149,7785,1,534,0.07,179.29
Roma,186,27/08/2020,115,7900,1,535,0.07,181.93
Roma,187,28/08/2020,131,8031,1,536,0.07,184.95
Roma,188,29/08/2020,131,8162,0,536,0.07,187.97
Roma,189,30/08/2020,106,8268,0,536,0.06,190.41
Roma,190,31/08/2020,122,8390,0,536,0.06,193.22
Roma,191,01/09/2020,105,8495,0,536,0.06,195.64
Roma,192,02/09/2020,107,8602,0,536,0.06,198.1
Roma,193,03/09/2020,129,8731,1,537,0.06,201.07
Roma,194,04/09/2020,138,8869,0,537,0.06,204.25
Roma,195,05/09/2020,131,9000,0,537,0.06,207.27
Roma,196,06/09/2020,101,9101,1,538,0.06,209.59
Roma,197,07/09/2020,133,9234,0,538,0.06,212.66
Roma,198,08/09/2020,114,9348,0,538,0.06,215.28
Roma,199,09/09/2020,129,9477,0,538,0.06,218.25
Roma,200,10/09/2020,136,9613,1,539,0.06,221.38
Roma,201,11/09/2020,130,9743,1,540,0.06,224.38
Roma,202,12/09/2020,131,9874,1,541,0.06,227.4
Roma,203,13/09/2020,127,10001,1,542,0.05,230.32
Roma,204,14/09/2020,129,10130,0,542,0.05,233.29
Roma,205,15/09/2020,120,10250,2,544,0.05,236.05
Roma,206,16/09/2020,117,10367,0,544,0.05,238.75
Roma,207,17/09/2020,152,10519,2,546,0.05,242.25
Roma,208,18/09/2020,157,10676,0,546,0.05,245.87
Roma,209,19/09/2020,154,10830,1,547,0.05,249.41
Roma,210,20/09/2020,131,10961,0,547,0.05,252.43
Roma,211,21/09/2020,168,11129,3,550,0.05,256.3
Roma,212,22/09/2020,165,11294,4,554,0.05,260.1
Roma,213,23/09/2020,161,11455,3,557,0.05,263.81
Roma,214,24/09/2020,200,11655,0,557,0.05,268.41
Roma,215,25/09/2020,173,11828,2,559,0.05,272.4
Roma,216,26/09/2020,148,11976,2,561,0.05,275.8
Roma,217,27/09/2020,140,12116,0,561,0.05,279.03
Roma,218,28/09/2020,149,12265,2,563,0.05,282.46
Roma,219,29/09/2020,359,12624,0,563,0.04,290.73
Roma,220,30/09/2020,0,12624,2,565,0.04,290.73
Roma,221,01/10/2020,233,12857,4,569,0.04,296.09
Roma,222,02/10/2020,193,13050,5,574,0.04,300.54
Roma,223,03/10/2020,182,13232,5,579,0.04,304.73
Roma,224,04/10/2020,179,13411,6,585,0.04,308.85
Roma,225,05/10/2020,162,13573,5,590,0.04,312.58
Roma,226,06/10/2020,228,13801,2,592,0.04,317.83
Roma,227,07/10/2020,221,14022,6,598,0.04,322.92
Roma,228,08/10/2020,256,14278,6,604,0.04,328.82
Roma,229,09/10/2020,264,14542,3,607,0.04,334.9
Roma,230,10/10/2020,234,14776,5,612,0.04,340.29
Roma,231,11/10/2020,287,15063,2,614,0.04,346.9
Roma,232,12/10/2020,278,15341,7,621,0.04,353.3
Roma,233,13/10/2020,362,15703,0,621,0.04,361.64
Roma,234,14/10/2020,360,16063,5,626,0.04,369.93
Roma,235,15/10/2020,457,16520,4,630,0.04,380.45
Roma,236,16/10/2020,564,17084,5,635,0.04,393.44
Roma,237,17/10/2020,604,17688,10,645,0.04,407.35
Roma,238,18/10/2020,784,18472,4,649,0.04,425.41
Roma,239,19/10/2020,711,19183,5,654,0.03,441.78
Roma,240,20/10/2020,739,19922,4,658,0.03,458.8
Roma,241,21/10/2020,806,20728,13,671,0.03,477.36
Roma,242,22/10/2020,848,21576,12,683,0.03,496.89
Roma,243,23/10/2020,902,22478,0,683,0.03,517.66
Roma,244,24/10/2020,976,23454,4,687,0.03,540.14
Roma,245,25/10/2020,1377,24831,8,695,0.03,571.85
Roma,246,26/10/2020,1131,25962,10,705,0.03,597.9
Roma,247,27/10/2020,1359,27321,18,723,0.03,629.2
Roma,248,28/10/2020,1381,28702,16,739,0.03,661
Roma,249,29/10/2020,1379,30081,7,746,0.03,692.76
Roma,250,30/10/2020,1754,31835,12,758,0.02,733.15
Roma,251,31/10/2020,1678,33513,18,776,0.02,771.8
Roma,252,01/11/2020,1726,35239,15,791,0.02,811.54
Roma,253,02/11/2020,1368,36607,13,804,0.02,843.05
Roma,254,03/11/2020,1693,38300,13,817,0.02,882.04
Roma,255,04/11/2020,1873,40173,23,840,0.02,925.17
Roma,256,05/11/2020,2110,42283,24,864,0.02,973.77
Roma,257,06/11/2020,918,43201,21,885,0.02,994.91
Roma,258,07/11/2020,1925,45126,20,905,0.02,1039.24
Roma,259,08/11/2020,2045,47171,4,909,0.02,1086.34
Roma,260,09/11/2020,1453,48624,4,913,0.02,1119.8
Roma,261,10/11/2020,2168,50792,22,935,0.02,1169.73
Roma,262,11/11/2020,1959,52751,30,965,0.02,1214.84
Roma,263,12/11/2020,1971,54722,36,1001,0.02,1260.23
Roma,264,13/11/2020,2552,57274,18,1019,0.02,1319.01
Roma,265,14/11/2020,2311,59585,27,1046,0.02,1372.23
Roma,266,15/11/2020,1944,61529,7,1053,0.02,1417
Roma,267,16/11/2020,1736,63265,25,1078,0.02,1456.98
Roma,268,17/11/2020,1703,64968,39,1117,0.02,1496.2
Roma,269,18/11/2020,2393,67361,64,1181,0.02,1551.31
Roma,270,19/11/2020,2510,69871,48,1229,0.02,1609.11
Roma,271,20/11/2020,1420,71291,27,1256,0.02,1641.81
Roma,272,21/11/2020,1932,73223,27,1283,0.02,1686.31
Roma,273,22/11/2020,2292,75515,9,1292,0.02,1739.09
Roma,274,23/11/2020,1969,77484,35,1327,0.02,1784.44
Roma,275,24/11/2020,2407,79891,52,1379,0.02,1839.87
Roma,276,25/11/2020,788,80679,40,1419,0.02,1858.02
Roma,277,26/11/2020,2170,82849,46,1465,0.02,1907.99
Roma,278,27/11/2020,2141,84990,60,1525,0.02,1957.3
Roma,279,28/11/2020,1854,86844,12,1537,0.02,1999.99
Roma,280,29/11/2020,1980,88824,5,1542,0.02,2045.59
Roma,281,30/11/2020,-83,88741,23,1565,0.02,2043.68
Roma,282,01/12/2020,685,89426,46,1611,0.02,2059.46
Roma,283,02/12/2020,975,90401,31,1642,0.02,2081.91
Roma,284,03/12/2020,1636,92037,28,1670,0.02,2119.59
Roma,285,04/12/2020,1682,93719,53,1723,0.02,2158.32
Roma,286,05/12/2020,1716,95435,12,1735,0.02,2197.84
Roma,287,06/12/2020,1550,96985,8,1743,0.02,2233.54
Roma,288,07/12/2020,614,97599,38,1781,0.02,2247.68
Roma,289,08/12/2020,1142,98741,25,1806,0.02,2273.98
Roma,290,09/12/2020,13,98754,21,1827,0.02,2274.28
Roma,291,10/12/2020,1302,100056,59,1886,0.02,2304.26
Roma,292,11/12/2020,968,101024,58,1944,0.02,2326.56
Roma,293,12/12/2020,913,101937,15,1944,0.02,2347.58
Roma,294,13/12/2020,1278,103215,11,1955,0.02,2377.01
Roma,295,14/12/2020,1202,104417,20,1955,0.02,2404.7
Roma,296,15/12/2020,968,105385,17,1955,0.02,2426.99
Roma,297,16/12/2020,-306,105079,0,1955,0.02,2419.94
