Province,Day,Date,New_cases,Curr_pos_cases,Deaths,Tot_deaths,Lethality_rate,Cumul_rates
Viterbo,1,24/02/2020,0,0,0,0,0,0
Viterbo,2,25/02/2020,0,0,0,0,0,0
Viterbo,3,26/02/2020,0,0,0,0,0,0
Viterbo,4,27/02/2020,0,0,0,0,0,0
Viterbo,5,28/02/2020,0,0,0,0,0,0
Viterbo,6,29/02/2020,0,0,0,0,0,0
Viterbo,7,01/03/2020,0,0,0,0,0,0
Viterbo,8,02/03/2020,0,0,0,0,0,0
Viterbo,9,03/03/2020,0,0,0,0,0,0
Viterbo,10,04/03/2020,0,0,0,0,0,0
Viterbo,11,05/03/2020,0,0,0,0,0,0
Viterbo,12,06/03/2020,2,2,0,0,0,0.63
Viterbo,13,07/03/2020,0,2,0,0,0,0.63
Viterbo,14,08/03/2020,0,2,0,0,0,0.63
Viterbo,15,09/03/2020,0,2,0,0,0,0.63
Viterbo,16,10/03/2020,3,5,0,0,0,1.58
Viterbo,17,11/03/2020,5,10,0,0,0,3.15
Viterbo,18,12/03/2020,-5,5,0,0,0,1.58
Viterbo,19,13/03/2020,5,10,0,0,0,3.15
Viterbo,20,14/03/2020,3,13,0,0,0,4.1
Viterbo,21,15/03/2020,2,15,1,1,0.07,4.73
Viterbo,22,16/03/2020,12,27,0,1,0.04,8.52
Viterbo,23,17/03/2020,4,31,0,1,0.03,9.78
Viterbo,24,18/03/2020,8,39,0,1,0.03,12.3
Viterbo,25,19/03/2020,11,50,0,1,0.02,15.77
Viterbo,26,20/03/2020,13,63,0,1,0.02,19.87
Viterbo,27,21/03/2020,9,72,0,1,0.01,22.71
Viterbo,28,22/03/2020,10,82,0,1,0.01,25.87
Viterbo,29,23/03/2020,11,93,0,1,0.01,29.33
Viterbo,30,24/03/2020,28,121,0,1,0.01,38.17
Viterbo,31,25/03/2020,1,122,1,2,0.02,38.48
Viterbo,32,26/03/2020,0,122,1,3,0.03,38.48
Viterbo,33,27/03/2020,2,124,0,3,0.02,39.11
Viterbo,34,28/03/2020,20,144,0,3,0.02,45.42
Viterbo,35,29/03/2020,35,179,0,3,0.02,56.46
Viterbo,36,30/03/2020,2,181,2,5,0.03,57.09
Viterbo,37,31/03/2020,0,181,0,5,0.03,57.09
Viterbo,38,01/04/2020,12,193,1,6,0.03,60.88
Viterbo,39,02/04/2020,26,219,0,6,0.03,69.08
Viterbo,40,03/04/2020,7,226,0,6,0.03,71.29
Viterbo,41,04/04/2020,14,240,0,6,0.03,75.7
Viterbo,42,05/04/2020,3,243,0,6,0.03,76.65
Viterbo,43,06/04/2020,0,243,0,6,0.03,76.65
Viterbo,44,07/04/2020,19,262,0,6,0.02,82.64
Viterbo,45,08/04/2020,1,263,0,6,0.02,82.96
Viterbo,46,09/04/2020,15,278,0,6,0.02,87.69
Viterbo,47,10/04/2020,26,304,1,7,0.02,95.89
Viterbo,48,11/04/2020,9,313,2,9,0.03,98.73
Viterbo,49,12/04/2020,3,316,0,9,0.03,99.68
Viterbo,50,13/04/2020,2,318,0,9,0.03,100.31
Viterbo,51,14/04/2020,8,326,0,9,0.03,102.83
Viterbo,52,15/04/2020,0,326,1,10,0.03,102.83
Viterbo,53,16/04/2020,12,338,0,10,0.03,106.61
Viterbo,54,17/04/2020,8,346,1,11,0.03,109.14
Viterbo,55,18/04/2020,3,349,1,12,0.03,110.08
Viterbo,56,19/04/2020,0,349,0,12,0.03,110.08
Viterbo,57,20/04/2020,0,349,1,13,0.04,110.08
Viterbo,58,21/04/2020,6,355,0,13,0.04,111.98
Viterbo,59,22/04/2020,2,357,1,14,0.04,112.61
Viterbo,60,23/04/2020,9,366,0,14,0.04,115.45
Viterbo,61,24/04/2020,6,372,0,14,0.04,117.34
Viterbo,62,25/04/2020,4,376,1,15,0.04,118.6
Viterbo,63,26/04/2020,2,378,1,16,0.04,119.23
Viterbo,64,27/04/2020,5,383,1,17,0.04,120.81
Viterbo,65,28/04/2020,0,383,0,17,0.04,120.81
Viterbo,66,29/04/2020,2,385,0,17,0.04,121.44
Viterbo,67,30/04/2020,5,390,1,18,0.05,123.02
Viterbo,68,01/05/2020,1,391,0,18,0.05,123.33
Viterbo,69,02/05/2020,4,395,0,18,0.05,124.59
Viterbo,70,03/05/2020,1,396,1,19,0.05,124.91
Viterbo,71,04/05/2020,1,397,0,19,0.05,125.22
Viterbo,72,05/05/2020,4,401,1,20,0.05,126.49
Viterbo,73,06/05/2020,2,403,0,20,0.05,127.12
Viterbo,74,07/05/2020,0,403,0,20,0.05,127.12
Viterbo,75,08/05/2020,3,406,0,20,0.05,128.06
Viterbo,76,09/05/2020,0,406,0,20,0.05,128.06
Viterbo,77,10/05/2020,2,408,0,20,0.05,128.69
Viterbo,78,11/05/2020,1,409,0,20,0.05,129.01
Viterbo,79,12/05/2020,1,410,0,20,0.05,129.33
Viterbo,80,13/05/2020,0,410,1,21,0.05,129.33
Viterbo,81,14/05/2020,5,415,0,21,0.05,130.9
Viterbo,82,15/05/2020,1,416,1,22,0.05,131.22
Viterbo,83,16/05/2020,3,419,0,22,0.05,132.16
Viterbo,84,17/05/2020,2,421,1,23,0.06,132.8
Viterbo,85,18/05/2020,1,422,0,23,0.06,133.11
Viterbo,86,19/05/2020,-1,421,0,23,0.06,132.8
Viterbo,87,20/05/2020,2,423,0,23,0.05,133.43
Viterbo,88,21/05/2020,2,425,0,23,0.05,134.06
Viterbo,89,22/05/2020,1,426,0,23,0.05,134.37
Viterbo,90,23/05/2020,0,426,0,23,0.05,134.37
Viterbo,91,24/05/2020,0,426,0,23,0.05,134.37
Viterbo,92,25/05/2020,0,426,0,23,0.05,134.37
Viterbo,93,26/05/2020,1,427,0,23,0.05,134.69
Viterbo,94,27/05/2020,1,428,0,23,0.05,135
Viterbo,95,28/05/2020,0,428,0,23,0.05,135
Viterbo,96,29/05/2020,1,429,0,23,0.05,135.32
Viterbo,97,30/05/2020,1,430,0,23,0.05,135.63
Viterbo,98,31/05/2020,0,430,0,23,0.05,135.63
Viterbo,99,01/06/2020,0,430,0,23,0.05,135.63
Viterbo,100,02/06/2020,-1,429,0,23,0.05,135.32
Viterbo,101,03/06/2020,0,429,0,23,0.05,135.32
Viterbo,102,04/06/2020,0,429,0,23,0.05,135.32
Viterbo,103,05/06/2020,0,429,0,23,0.05,135.32
Viterbo,104,06/06/2020,0,429,0,23,0.05,135.32
Viterbo,105,07/06/2020,0,429,0,23,0.05,135.32
Viterbo,106,08/06/2020,0,429,0,23,0.05,135.32
Viterbo,107,09/06/2020,0,429,0,23,0.05,135.32
Viterbo,108,10/06/2020,0,429,0,23,0.05,135.32
Viterbo,109,11/06/2020,0,429,0,23,0.05,135.32
Viterbo,110,12/06/2020,0,429,0,23,0.05,135.32
Viterbo,111,13/06/2020,0,429,0,23,0.05,135.32
Viterbo,112,14/06/2020,0,429,0,23,0.05,135.32
Viterbo,113,15/06/2020,0,429,0,23,0.05,135.32
Viterbo,114,16/06/2020,-1,428,0,23,0.05,135
Viterbo,115,17/06/2020,0,428,0,23,0.05,135
Viterbo,116,18/06/2020,0,428,0,23,0.05,135
Viterbo,117,19/06/2020,0,428,0,23,0.05,135
Viterbo,118,20/06/2020,0,428,0,23,0.05,135
Viterbo,119,21/06/2020,0,428,0,23,0.05,135
Viterbo,120,22/06/2020,0,428,0,23,0.05,135
Viterbo,121,23/06/2020,1,429,0,23,0.05,135.32
Viterbo,122,24/06/2020,27,456,0,23,0.05,143.83
Viterbo,123,25/06/2020,1,457,0,23,0.05,144.15
Viterbo,124,26/06/2020,0,457,0,23,0.05,144.15
Viterbo,125,27/06/2020,0,457,0,23,0.05,144.15
Viterbo,126,28/06/2020,0,457,0,23,0.05,144.15
Viterbo,127,29/06/2020,0,457,0,23,0.05,144.15
Viterbo,128,30/06/2020,0,457,0,23,0.05,144.15
Viterbo,129,01/07/2020,0,457,0,23,0.05,144.15
Viterbo,130,02/07/2020,0,457,0,23,0.05,144.15
Viterbo,131,03/07/2020,0,457,0,23,0.05,144.15
Viterbo,132,04/07/2020,0,457,0,23,0.05,144.15
Viterbo,133,05/07/2020,1,458,0,23,0.05,144.47
Viterbo,134,06/07/2020,1,459,0,23,0.05,144.78
Viterbo,135,07/07/2020,0,459,0,23,0.05,144.78
Viterbo,136,08/07/2020,0,459,0,23,0.05,144.78
Viterbo,137,09/07/2020,0,459,0,23,0.05,144.78
Viterbo,138,10/07/2020,0,459,0,23,0.05,144.78
Viterbo,139,11/07/2020,0,459,0,23,0.05,144.78
Viterbo,140,12/07/2020,0,459,0,23,0.05,144.78
Viterbo,141,13/07/2020,0,459,0,23,0.05,144.78
Viterbo,142,14/07/2020,0,459,0,23,0.05,144.78
Viterbo,143,15/07/2020,0,459,0,23,0.05,144.78
Viterbo,144,16/07/2020,0,459,0,23,0.05,144.78
Viterbo,145,17/07/2020,0,459,0,23,0.05,144.78
Viterbo,146,18/07/2020,1,460,0,23,0.05,145.1
Viterbo,147,19/07/2020,0,460,0,23,0.05,145.1
Viterbo,148,20/07/2020,0,460,0,23,0.05,145.1
Viterbo,149,21/07/2020,0,460,0,23,0.05,145.1
Viterbo,150,22/07/2020,0,460,0,23,0.05,145.1
Viterbo,151,23/07/2020,1,461,0,23,0.05,145.41
Viterbo,152,24/07/2020,1,462,0,23,0.05,145.73
Viterbo,153,25/07/2020,1,463,0,23,0.05,146.04
Viterbo,154,26/07/2020,0,463,0,23,0.05,146.04
Viterbo,155,27/07/2020,0,463,0,23,0.05,146.04
Viterbo,156,28/07/2020,-1,462,0,23,0.05,145.73
Viterbo,157,29/07/2020,0,462,0,23,0.05,145.73
Viterbo,158,30/07/2020,0,462,0,23,0.05,145.73
Viterbo,159,31/07/2020,0,462,0,23,0.05,145.73
Viterbo,160,01/08/2020,0,462,0,23,0.05,145.73
Viterbo,161,02/08/2020,0,462,0,23,0.05,145.73
Viterbo,162,03/08/2020,0,462,0,23,0.05,145.73
Viterbo,163,04/08/2020,0,462,0,23,0.05,145.73
Viterbo,164,05/08/2020,2,464,0,23,0.05,146.36
Viterbo,165,06/08/2020,-1,463,0,23,0.05,146.04
Viterbo,166,07/08/2020,0,463,0,23,0.05,146.04
Viterbo,167,08/08/2020,1,464,0,23,0.05,146.36
Viterbo,168,09/08/2020,0,464,0,23,0.05,146.36
Viterbo,169,10/08/2020,4,468,0,23,0.05,147.62
Viterbo,170,11/08/2020,0,468,0,23,0.05,147.62
Viterbo,171,12/08/2020,1,469,0,23,0.05,147.94
Viterbo,172,13/08/2020,0,469,0,23,0.05,147.94
Viterbo,173,14/08/2020,0,469,0,23,0.05,147.94
Viterbo,174,15/08/2020,8,477,0,23,0.05,150.46
Viterbo,175,16/08/2020,2,479,0,23,0.05,151.09
Viterbo,176,17/08/2020,0,479,0,23,0.05,151.09
Viterbo,177,18/08/2020,0,479,0,23,0.05,151.09
Viterbo,178,19/08/2020,0,479,0,23,0.05,151.09
Viterbo,179,20/08/2020,5,484,0,23,0.05,152.67
Viterbo,180,21/08/2020,0,484,0,23,0.05,152.67
Viterbo,181,22/08/2020,3,487,0,23,0.05,153.61
Viterbo,182,23/08/2020,4,491,0,23,0.05,154.87
Viterbo,183,24/08/2020,1,492,0,23,0.05,155.19
Viterbo,184,25/08/2020,5,497,0,23,0.05,156.77
Viterbo,185,26/08/2020,3,500,0,23,0.05,157.71
Viterbo,186,27/08/2020,6,506,0,23,0.04,159.61
Viterbo,187,28/08/2020,7,513,0,23,0.04,161.81
Viterbo,188,29/08/2020,5,518,0,23,0.04,163.39
Viterbo,189,30/08/2020,7,525,0,23,0.04,165.6
Viterbo,190,31/08/2020,7,532,0,23,0.04,167.81
Viterbo,191,01/09/2020,2,534,0,23,0.04,168.44
Viterbo,192,02/09/2020,3,537,0,23,0.04,169.38
Viterbo,193,03/09/2020,6,543,0,23,0.04,171.28
Viterbo,194,04/09/2020,2,545,0,23,0.04,171.91
Viterbo,195,05/09/2020,4,549,0,23,0.04,173.17
Viterbo,196,06/09/2020,2,551,0,23,0.04,173.8
Viterbo,197,07/09/2020,1,552,0,23,0.04,174.12
Viterbo,198,08/09/2020,0,552,0,23,0.04,174.12
Viterbo,199,09/09/2020,6,558,0,23,0.04,176.01
Viterbo,200,10/09/2020,3,561,0,23,0.04,176.95
Viterbo,201,11/09/2020,2,563,0,23,0.04,177.59
Viterbo,202,12/09/2020,2,565,0,23,0.04,178.22
Viterbo,203,13/09/2020,2,567,0,23,0.04,178.85
Viterbo,204,14/09/2020,7,574,0,23,0.04,181.06
Viterbo,205,15/09/2020,2,576,0,23,0.04,181.69
Viterbo,206,16/09/2020,5,581,0,23,0.04,183.26
Viterbo,207,17/09/2020,4,585,0,23,0.04,184.53
Viterbo,208,18/09/2020,9,594,0,23,0.04,187.36
Viterbo,209,19/09/2020,4,598,0,23,0.04,188.63
Viterbo,210,20/09/2020,0,598,0,23,0.04,188.63
Viterbo,211,21/09/2020,4,602,0,23,0.04,189.89
Viterbo,212,22/09/2020,1,603,0,23,0.04,190.2
Viterbo,213,23/09/2020,4,607,0,23,0.04,191.46
Viterbo,214,24/09/2020,1,608,0,23,0.04,191.78
Viterbo,215,25/09/2020,4,612,0,23,0.04,193.04
Viterbo,216,26/09/2020,5,617,0,23,0.04,194.62
Viterbo,217,27/09/2020,10,627,1,24,0.04,197.77
Viterbo,218,28/09/2020,4,631,1,25,0.04,199.03
Viterbo,219,29/09/2020,12,643,0,25,0.04,202.82
Viterbo,220,30/09/2020,0,643,0,25,0.04,202.82
Viterbo,221,01/10/2020,1,644,0,25,0.04,203.14
Viterbo,222,02/10/2020,14,658,0,25,0.04,207.55
Viterbo,223,03/10/2020,14,672,0,25,0.04,211.97
Viterbo,224,04/10/2020,5,677,0,25,0.04,213.54
Viterbo,225,05/10/2020,24,701,0,25,0.04,221.11
Viterbo,226,06/10/2020,7,708,0,25,0.04,223.32
Viterbo,227,07/10/2020,18,726,0,25,0.03,229
Viterbo,228,08/10/2020,20,746,0,25,0.03,235.31
Viterbo,229,09/10/2020,40,786,0,25,0.03,247.93
Viterbo,230,10/10/2020,31,817,0,25,0.03,257.7
Viterbo,231,11/10/2020,35,852,0,25,0.03,268.74
Viterbo,232,12/10/2020,48,900,0,25,0.03,283.88
Viterbo,233,13/10/2020,54,954,0,25,0.03,300.92
Viterbo,234,14/10/2020,27,981,0,25,0.03,309.43
Viterbo,235,15/10/2020,29,1010,0,25,0.03,318.58
Viterbo,236,16/10/2020,37,1047,0,25,0.02,330.25
Viterbo,237,17/10/2020,50,1097,0,25,0.02,346.02
Viterbo,238,18/10/2020,97,1194,1,26,0.02,376.62
Viterbo,239,19/10/2020,73,1267,2,28,0.02,399.65
Viterbo,240,20/10/2020,259,1526,0,28,0.02,481.34
Viterbo,241,21/10/2020,62,1588,0,28,0.02,500.9
Viterbo,242,22/10/2020,117,1705,3,31,0.02,537.8
Viterbo,243,23/10/2020,185,1890,0,31,0.02,596.16
Viterbo,244,24/10/2020,174,2064,2,33,0.02,651.04
Viterbo,245,25/10/2020,167,2231,1,34,0.01,703.72
Viterbo,246,26/10/2020,204,2435,0,34,0.01,768.07
Viterbo,247,27/10/2020,211,2646,0,34,0.01,834.62
Viterbo,248,28/10/2020,143,2789,1,35,0.01,879.73
Viterbo,249,29/10/2020,161,2950,7,42,0.01,930.51
Viterbo,250,30/10/2020,251,3201,2,44,0.01,1009.68
Viterbo,251,31/10/2020,-66,3135,3,47,0.01,988.87
Viterbo,252,01/11/2020,324,3459,2,49,0.01,1091.06
Viterbo,253,02/11/2020,243,3702,4,53,0.01,1167.71
Viterbo,254,03/11/2020,224,3926,4,57,0.01,1238.37
Viterbo,255,04/11/2020,-10,3916,3,60,0.01,1235.21
Viterbo,256,05/11/2020,225,4141,2,62,0.01,1306.19
Viterbo,257,06/11/2020,340,4481,2,64,0.01,1413.43
Viterbo,258,07/11/2020,92,4573,1,65,0.01,1442.45
Viterbo,259,08/11/2020,180,4753,3,68,0.01,1499.23
Viterbo,260,09/11/2020,210,4963,1,69,0.01,1565.47
Viterbo,261,10/11/2020,138,5101,2,71,0.01,1609
Viterbo,262,11/11/2020,179,5280,5,76,0.01,1665.46
Viterbo,263,12/11/2020,240,5520,2,78,0.01,1741.16
Viterbo,264,13/11/2020,11,5531,4,82,0.01,1744.63
Viterbo,265,14/11/2020,185,5716,4,86,0.01,1802.98
Viterbo,266,15/11/2020,248,5964,4,90,0.01,1881.21
Viterbo,267,16/11/2020,121,6085,2,92,0.01,1919.38
Viterbo,268,17/11/2020,167,6252,3,95,0.01,1972.05
Viterbo,269,18/11/2020,25,6277,9,104,0.02,1979.94
Viterbo,270,19/11/2020,33,6310,5,109,0.02,1990.35
Viterbo,271,20/11/2020,161,6471,1,110,0.02,2041.13
Viterbo,272,21/11/2020,74,6545,3,113,0.02,2064.47
Viterbo,273,22/11/2020,86,6631,3,116,0.02,2091.6
Viterbo,274,23/11/2020,107,6738,3,119,0.02,2125.35
Viterbo,275,24/11/2020,19,6757,1,120,0.02,2131.34
Viterbo,276,25/11/2020,47,6804,5,125,0.02,2146.17
Viterbo,277,26/11/2020,25,6829,9,134,0.02,2154.05
Viterbo,278,27/11/2020,6,6835,3,137,0.02,2155.95
Viterbo,279,28/11/2020,59,6894,4,141,0.02,2174.56
Viterbo,280,29/11/2020,0,6894,7,148,0.02,2174.56
Viterbo,281,30/11/2020,73,6967,3,151,0.02,2197.58
Viterbo,282,01/12/2020,50,7017,2,153,0.02,2213.36
Viterbo,283,02/12/2020,58,7075,4,157,0.02,2231.65
Viterbo,284,03/12/2020,35,7110,2,159,0.02,2242.69
Viterbo,285,04/12/2020,31,7141,1,160,0.02,2252.47
Viterbo,286,05/12/2020,21,7162,7,167,0.02,2259.09
Viterbo,287,06/12/2020,40,7202,0,167,0.02,2271.71
Viterbo,288,07/12/2020,89,7291,2,169,0.02,2299.78
Viterbo,289,08/12/2020,130,7421,1,170,0.02,2340.79
Viterbo,290,09/12/2020,50,7471,2,172,0.02,2356.56
Viterbo,291,10/12/2020,76,7547,3,175,0.02,2380.53
Viterbo,292,11/12/2020,28,7575,4,179,0.02,2389.36
Viterbo,293,12/12/2020,75,7650,0,179,0.02,2413.02
Viterbo,294,13/12/2020,33,7683,3,182,0.02,2423.43
Viterbo,295,14/12/2020,40,7723,0,182,0.02,2436.05
Viterbo,296,15/12/2020,38,7761,0,182,0.02,2448.03
