Province,Day,Date,New_cases,Curr_pos_cases,Deaths,Tot_deaths,Lethality_rate,Cumul_rates
Campobasso,1,24/02/2020,0,0,0,0,0,0
Campobasso,2,25/02/2020,0,0,0,0,0,0
Campobasso,3,26/02/2020,0,0,0,0,0,0
Campobasso,4,27/02/2020,0,0,0,0,0,0
Campobasso,5,28/02/2020,0,0,0,0,0,0
Campobasso,6,29/02/2020,0,0,0,0,0,0
Campobasso,7,01/03/2020,0,0,0,0,0,0
Campobasso,8,02/03/2020,0,0,0,0,0,0
Campobasso,9,03/03/2020,3,3,0,0,0,1.36
Campobasso,10,04/03/2020,0,3,0,0,0,1.36
Campobasso,11,05/03/2020,4,7,0,0,0,3.16
Campobasso,12,06/03/2020,5,12,0,0,0,5.42
Campobasso,13,07/03/2020,2,14,0,0,0,6.33
Campobasso,14,08/03/2020,0,14,0,0,0,6.33
Campobasso,15,09/03/2020,0,14,0,0,0,6.33
Campobasso,16,10/03/2020,1,15,0,0,0,6.78
Campobasso,17,11/03/2020,1,16,0,0,0,7.23
Campobasso,18,12/03/2020,0,16,0,0,0,7.23
Campobasso,19,13/03/2020,1,17,0,0,0,7.68
Campobasso,20,14/03/2020,0,17,0,0,0,7.68
Campobasso,21,15/03/2020,0,17,0,0,0,7.68
Campobasso,22,16/03/2020,4,21,1,1,0.05,9.49
Campobasso,23,17/03/2020,4,25,0,1,0.04,11.3
Campobasso,24,18/03/2020,-1,24,1,2,0.08,10.85
Campobasso,25,19/03/2020,9,33,2,4,0.12,14.92
Campobasso,26,20/03/2020,6,39,0,4,0.1,17.63
Campobasso,27,21/03/2020,10,49,2,6,0.12,22.15
Campobasso,28,22/03/2020,4,53,0,6,0.11,23.96
Campobasso,29,23/03/2020,1,54,0,6,0.11,24.41
Campobasso,30,24/03/2020,6,60,1,7,0.12,27.12
Campobasso,31,25/03/2020,0,60,0,7,0.12,27.12
Campobasso,32,26/03/2020,25,85,1,8,0.09,38.42
Campobasso,33,27/03/2020,6,91,0,8,0.09,41.13
Campobasso,34,28/03/2020,6,97,0,8,0.08,43.84
Campobasso,35,29/03/2020,11,108,0,8,0.07,48.82
Campobasso,36,30/03/2020,6,114,0,8,0.07,51.53
Campobasso,37,31/03/2020,10,124,1,9,0.07,56.05
Campobasso,38,01/04/2020,15,139,0,9,0.06,62.83
Campobasso,39,02/04/2020,3,142,1,10,0.07,64.18
Campobasso,40,03/04/2020,7,149,0,10,0.07,67.35
Campobasso,41,04/04/2020,5,154,0,10,0.06,69.61
Campobasso,42,05/04/2020,12,166,1,11,0.07,75.03
Campobasso,43,06/04/2020,0,166,0,11,0.07,75.03
Campobasso,44,07/04/2020,0,166,0,11,0.07,75.03
Campobasso,45,08/04/2020,0,166,0,11,0.07,75.03
Campobasso,46,09/04/2020,10,176,0,11,0.06,79.55
Campobasso,47,10/04/2020,9,185,0,11,0.06,83.62
Campobasso,48,11/04/2020,2,187,0,11,0.06,84.52
Campobasso,49,12/04/2020,4,191,1,12,0.06,86.33
Campobasso,50,13/04/2020,0,191,0,12,0.06,86.33
Campobasso,51,14/04/2020,0,191,0,12,0.06,86.33
Campobasso,52,15/04/2020,6,197,0,12,0.06,89.04
Campobasso,53,16/04/2020,0,197,1,13,0.07,89.04
Campobasso,54,17/04/2020,5,202,0,13,0.06,91.3
Campobasso,55,18/04/2020,0,202,0,13,0.06,91.3
Campobasso,56,19/04/2020,9,211,0,13,0.06,95.37
Campobasso,57,20/04/2020,1,212,1,14,0.07,95.82
Campobasso,58,21/04/2020,1,213,0,14,0.07,96.28
Campobasso,59,22/04/2020,2,215,1,15,0.07,97.18
Campobasso,60,23/04/2020,0,215,1,16,0.07,97.18
Campobasso,61,24/04/2020,1,216,0,16,0.07,97.63
Campobasso,62,25/04/2020,5,221,1,17,0.08,99.89
Campobasso,63,26/04/2020,2,223,0,17,0.08,100.8
Campobasso,64,27/04/2020,0,223,0,17,0.08,100.8
Campobasso,65,28/04/2020,1,224,0,17,0.08,101.25
Campobasso,66,29/04/2020,0,224,0,17,0.08,101.25
Campobasso,67,30/04/2020,0,224,0,17,0.08,101.25
Campobasso,68,01/05/2020,2,226,0,17,0.07,102.15
Campobasso,69,02/05/2020,0,226,0,17,0.07,102.15
Campobasso,70,03/05/2020,0,226,1,18,0.08,102.15
Campobasso,71,04/05/2020,0,226,0,18,0.08,102.15
Campobasso,72,05/05/2020,0,226,0,18,0.08,102.15
Campobasso,73,06/05/2020,2,228,0,18,0.08,103.06
Campobasso,74,07/05/2020,1,229,0,18,0.08,103.51
Campobasso,75,08/05/2020,22,251,0,18,0.07,113.45
Campobasso,76,09/05/2020,20,271,0,18,0.07,122.49
Campobasso,77,10/05/2020,23,294,0,18,0.06,132.89
Campobasso,78,11/05/2020,13,307,0,18,0.06,138.76
Campobasso,79,12/05/2020,3,310,0,18,0.06,140.12
Campobasso,80,13/05/2020,15,325,0,18,0.06,146.9
Campobasso,81,14/05/2020,2,327,0,18,0.06,147.8
Campobasso,82,15/05/2020,4,331,0,18,0.05,149.61
Campobasso,83,16/05/2020,3,334,0,18,0.05,150.97
Campobasso,84,17/05/2020,1,335,0,18,0.05,151.42
Campobasso,85,18/05/2020,11,346,0,18,0.05,156.39
Campobasso,86,19/05/2020,0,346,0,18,0.05,156.39
Campobasso,87,20/05/2020,0,346,0,18,0.05,156.39
Campobasso,88,21/05/2020,1,347,0,18,0.05,156.84
Campobasso,89,22/05/2020,3,350,0,18,0.05,158.2
Campobasso,90,23/05/2020,4,354,0,18,0.05,160.01
Campobasso,91,24/05/2020,1,355,0,18,0.05,160.46
Campobasso,92,25/05/2020,0,355,0,18,0.05,160.46
Campobasso,93,26/05/2020,0,355,0,18,0.05,160.46
Campobasso,94,27/05/2020,2,357,0,18,0.05,161.36
Campobasso,95,28/05/2020,1,358,0,18,0.05,161.82
Campobasso,96,29/05/2020,1,359,0,18,0.05,162.27
Campobasso,97,30/05/2020,0,359,0,18,0.05,162.27
Campobasso,98,31/05/2020,0,359,0,18,0.05,162.27
Campobasso,99,01/06/2020,0,359,0,18,0.05,162.27
Campobasso,100,02/06/2020,0,359,0,18,0.05,162.27
Campobasso,101,03/06/2020,0,359,0,18,0.05,162.27
Campobasso,102,04/06/2020,0,359,0,18,0.05,162.27
Campobasso,103,05/06/2020,0,359,0,18,0.05,162.27
Campobasso,104,06/06/2020,0,359,0,18,0.05,162.27
Campobasso,105,07/06/2020,0,359,0,18,0.05,162.27
Campobasso,106,08/06/2020,0,359,0,18,0.05,162.27
Campobasso,107,09/06/2020,2,361,0,18,0.05,163.17
Campobasso,108,10/06/2020,0,361,0,18,0.05,163.17
Campobasso,109,11/06/2020,0,361,0,18,0.05,163.17
Campobasso,110,12/06/2020,0,361,0,18,0.05,163.17
Campobasso,111,13/06/2020,0,361,0,18,0.05,163.17
Campobasso,112,14/06/2020,0,361,0,18,0.05,163.17
Campobasso,113,15/06/2020,0,361,0,18,0.05,163.17
Campobasso,114,16/06/2020,0,361,0,18,0.05,163.17
Campobasso,115,17/06/2020,0,361,0,18,0.05,163.17
Campobasso,116,18/06/2020,0,361,0,18,0.05,163.17
Campobasso,117,19/06/2020,1,362,0,18,0.05,163.62
Campobasso,118,20/06/2020,0,362,0,18,0.05,163.62
Campobasso,119,21/06/2020,0,362,0,18,0.05,163.62
Campobasso,120,22/06/2020,1,363,0,18,0.05,164.08
Campobasso,121,23/06/2020,0,363,0,18,0.05,164.08
Campobasso,122,24/06/2020,0,363,0,18,0.05,164.08
Campobasso,123,25/06/2020,0,363,0,18,0.05,164.08
Campobasso,124,26/06/2020,1,364,0,18,0.05,164.53
Campobasso,125,27/06/2020,0,364,0,18,0.05,164.53
Campobasso,126,28/06/2020,0,364,0,18,0.05,164.53
Campobasso,127,29/06/2020,0,364,0,18,0.05,164.53
Campobasso,128,30/06/2020,0,364,0,18,0.05,164.53
Campobasso,129,01/07/2020,0,364,0,18,0.05,164.53
Campobasso,130,02/07/2020,0,364,0,18,0.05,164.53
Campobasso,131,03/07/2020,0,364,0,18,0.05,164.53
Campobasso,132,04/07/2020,0,364,0,18,0.05,164.53
Campobasso,133,05/07/2020,0,364,0,18,0.05,164.53
Campobasso,134,06/07/2020,0,364,0,18,0.05,164.53
Campobasso,135,07/07/2020,0,364,0,18,0.05,164.53
Campobasso,136,08/07/2020,0,364,0,18,0.05,164.53
Campobasso,137,09/07/2020,0,364,0,18,0.05,164.53
Campobasso,138,10/07/2020,0,364,0,18,0.05,164.53
Campobasso,139,11/07/2020,0,364,0,18,0.05,164.53
Campobasso,140,12/07/2020,0,364,0,18,0.05,164.53
Campobasso,141,13/07/2020,0,364,0,18,0.05,164.53
Campobasso,142,14/07/2020,0,364,0,18,0.05,164.53
Campobasso,143,15/07/2020,0,364,0,18,0.05,164.53
Campobasso,144,16/07/2020,0,364,0,18,0.05,164.53
Campobasso,145,17/07/2020,0,364,0,18,0.05,164.53
Campobasso,146,18/07/2020,0,364,0,18,0.05,164.53
Campobasso,147,19/07/2020,0,364,0,18,0.05,164.53
Campobasso,148,20/07/2020,0,364,0,18,0.05,164.53
Campobasso,149,21/07/2020,0,364,0,18,0.05,164.53
Campobasso,150,22/07/2020,4,368,0,18,0.05,166.34
Campobasso,151,23/07/2020,9,377,0,18,0.05,170.4
Campobasso,152,24/07/2020,1,378,0,18,0.05,170.86
Campobasso,153,25/07/2020,3,381,0,18,0.05,172.21
Campobasso,154,26/07/2020,0,381,0,18,0.05,172.21
Campobasso,155,27/07/2020,3,384,0,18,0.05,173.57
Campobasso,156,28/07/2020,0,384,0,18,0.05,173.57
Campobasso,157,29/07/2020,1,385,0,18,0.05,174.02
Campobasso,158,30/07/2020,0,385,0,18,0.05,174.02
Campobasso,159,31/07/2020,1,386,0,18,0.05,174.47
Campobasso,160,01/08/2020,0,386,0,18,0.05,174.47
Campobasso,161,02/08/2020,2,388,0,18,0.05,175.38
Campobasso,162,03/08/2020,2,390,0,18,0.05,176.28
Campobasso,163,04/08/2020,0,390,0,18,0.05,176.28
Campobasso,164,05/08/2020,1,391,0,18,0.05,176.73
Campobasso,165,06/08/2020,0,391,0,18,0.05,176.73
Campobasso,166,07/08/2020,1,392,0,18,0.05,177.18
Campobasso,167,08/08/2020,0,392,0,18,0.05,177.18
Campobasso,168,09/08/2020,0,392,0,18,0.05,177.18
Campobasso,169,10/08/2020,0,392,0,18,0.05,177.18
Campobasso,170,11/08/2020,0,392,0,18,0.05,177.18
Campobasso,171,12/08/2020,0,392,0,18,0.05,177.18
Campobasso,172,13/08/2020,5,397,0,18,0.04,179.44
Campobasso,173,14/08/2020,0,397,0,18,0.04,179.44
Campobasso,174,15/08/2020,2,399,0,18,0.04,180.35
Campobasso,175,16/08/2020,0,399,0,18,0.04,180.35
Campobasso,176,17/08/2020,0,399,0,18,0.04,180.35
Campobasso,177,18/08/2020,9,408,0,18,0.04,184.42
Campobasso,178,19/08/2020,5,413,0,18,0.04,186.68
Campobasso,179,20/08/2020,4,417,0,18,0.04,188.48
Campobasso,180,21/08/2020,1,418,0,18,0.04,188.94
Campobasso,181,22/08/2020,1,419,0,18,0.04,189.39
Campobasso,182,23/08/2020,1,420,0,18,0.04,189.84
Campobasso,183,24/08/2020,0,420,0,18,0.04,189.84
Campobasso,184,25/08/2020,0,420,0,18,0.04,189.84
Campobasso,185,26/08/2020,5,425,0,18,0.04,192.1
Campobasso,186,27/08/2020,1,426,0,18,0.04,192.55
Campobasso,187,28/08/2020,0,426,0,18,0.04,192.55
Campobasso,188,29/08/2020,1,427,0,18,0.04,193
Campobasso,189,30/08/2020,1,428,0,18,0.04,193.46
Campobasso,190,31/08/2020,0,428,0,18,0.04,193.46
Campobasso,191,01/09/2020,3,431,0,18,0.04,194.81
Campobasso,192,02/09/2020,0,431,0,18,0.04,194.81
Campobasso,193,03/09/2020,2,433,0,18,0.04,195.72
Campobasso,194,04/09/2020,3,436,0,18,0.04,197.07
Campobasso,195,05/09/2020,0,436,0,18,0.04,197.07
Campobasso,196,06/09/2020,2,438,0,18,0.04,197.98
Campobasso,197,07/09/2020,9,447,0,18,0.04,202.04
Campobasso,198,08/09/2020,2,449,0,18,0.04,202.95
Campobasso,199,09/09/2020,3,452,0,18,0.04,204.3
Campobasso,200,10/09/2020,3,455,0,18,0.04,205.66
Campobasso,201,11/09/2020,4,459,0,18,0.04,207.47
Campobasso,202,12/09/2020,3,462,0,18,0.04,208.82
Campobasso,203,13/09/2020,0,462,0,18,0.04,208.82
Campobasso,204,14/09/2020,5,467,0,18,0.04,211.08
Campobasso,205,15/09/2020,0,467,0,18,0.04,211.08
Campobasso,206,16/09/2020,2,469,0,18,0.04,211.99
Campobasso,207,17/09/2020,1,470,0,18,0.04,212.44
Campobasso,208,18/09/2020,3,473,0,18,0.04,213.8
Campobasso,209,19/09/2020,4,477,0,18,0.04,215.6
Campobasso,210,20/09/2020,1,478,0,18,0.04,216.06
Campobasso,211,21/09/2020,29,507,0,18,0.04,229.16
Campobasso,212,22/09/2020,2,509,0,18,0.04,230.07
Campobasso,213,23/09/2020,2,511,0,18,0.04,230.97
Campobasso,214,24/09/2020,4,515,0,18,0.04,232.78
Campobasso,215,25/09/2020,4,519,0,18,0.04,234.59
Campobasso,216,26/09/2020,4,523,0,18,0.03,236.4
Campobasso,217,27/09/2020,6,529,0,18,0.03,239.11
Campobasso,218,28/09/2020,3,532,0,18,0.03,240.47
Campobasso,219,29/09/2020,6,538,0,18,0.03,243.18
Campobasso,220,30/09/2020,0,538,0,18,0.03,243.18
Campobasso,221,01/10/2020,1,539,0,18,0.03,243.63
Campobasso,222,02/10/2020,3,542,0,18,0.03,244.99
Campobasso,223,03/10/2020,0,542,0,18,0.03,244.99
Campobasso,224,04/10/2020,10,552,0,18,0.03,249.51
Campobasso,225,05/10/2020,1,553,0,18,0.03,249.96
Campobasso,226,06/10/2020,3,556,0,18,0.03,251.31
Campobasso,227,07/10/2020,1,557,0,18,0.03,251.77
Campobasso,228,08/10/2020,6,563,0,18,0.03,254.48
Campobasso,229,09/10/2020,3,566,0,18,0.03,255.83
Campobasso,230,10/10/2020,3,569,0,18,0.03,257.19
Campobasso,231,11/10/2020,9,578,0,18,0.03,261.26
Campobasso,232,12/10/2020,5,583,0,18,0.03,263.52
Campobasso,233,13/10/2020,11,594,0,18,0.03,268.49
Campobasso,234,14/10/2020,3,597,0,18,0.03,269.85
Campobasso,235,15/10/2020,10,607,0,18,0.03,274.37
Campobasso,236,16/10/2020,9,616,0,18,0.03,278.43
Campobasso,237,17/10/2020,9,625,0,18,0.03,282.5
Campobasso,238,18/10/2020,7,632,0,18,0.03,285.67
Campobasso,239,19/10/2020,15,647,0,18,0.03,292.45
Campobasso,240,20/10/2020,4,651,0,18,0.03,294.25
Campobasso,241,21/10/2020,11,662,0,18,0.03,299.23
Campobasso,242,22/10/2020,23,685,0,18,0.03,309.62
Campobasso,243,23/10/2020,22,707,0,18,0.03,319.57
Campobasso,244,24/10/2020,33,740,1,19,0.03,334.48
Campobasso,245,25/10/2020,6,746,0,19,0.03,337.19
Campobasso,246,26/10/2020,69,815,0,19,0.02,368.38
Campobasso,247,27/10/2020,32,847,0,19,0.02,382.85
Campobasso,248,28/10/2020,14,861,1,20,0.02,389.17
Campobasso,249,29/10/2020,15,876,0,20,0.02,395.95
Campobasso,250,30/10/2020,97,973,0,20,0.02,439.8
Campobasso,251,31/10/2020,46,1019,0,20,0.02,460.59
Campobasso,252,01/11/2020,43,1062,0,20,0.02,480.03
Campobasso,253,02/11/2020,44,1106,1,21,0.02,499.91
Campobasso,254,03/11/2020,64,1170,0,21,0.02,528.84
Campobasso,255,04/11/2020,14,1184,0,21,0.02,535.17
Campobasso,256,05/11/2020,63,1247,1,22,0.02,563.65
Campobasso,257,06/11/2020,56,1303,0,22,0.02,588.96
Campobasso,258,07/11/2020,84,1387,0,22,0.02,626.93
Campobasso,259,08/11/2020,70,1457,0,22,0.01,658.57
Campobasso,260,09/11/2020,73,1530,0,22,0.01,691.56
Campobasso,261,10/11/2020,35,1565,1,23,0.01,707.38
Campobasso,262,11/11/2020,49,1614,3,26,0.02,729.53
Campobasso,263,12/11/2020,56,1670,1,27,0.02,754.84
Campobasso,264,13/11/2020,49,1719,2,29,0.02,776.99
Campobasso,265,14/11/2020,76,1795,0,29,0.02,811.34
Campobasso,266,15/11/2020,51,1846,0,29,0.02,834.4
Campobasso,267,16/11/2020,69,1915,1,30,0.02,865.58
Campobasso,268,17/11/2020,111,2026,0,30,0.01,915.76
Campobasso,269,18/11/2020,66,2092,2,32,0.01,945.59
Campobasso,270,19/11/2020,95,2187,1,33,0.01,988.53
Campobasso,271,20/11/2020,110,2297,2,35,0.01,1038.25
Campobasso,272,21/11/2020,75,2372,1,36,0.01,1072.15
Campobasso,273,22/11/2020,75,2447,0,36,0.01,1106.05
Campobasso,274,23/11/2020,61,2508,1,37,0.01,1133.62
Campobasso,275,24/11/2020,34,2542,1,38,0.01,1148.99
Campobasso,276,25/11/2020,63,2605,2,40,0.01,1177.46
Campobasso,277,26/11/2020,80,2685,4,44,0.02,1213.63
Campobasso,278,27/11/2020,51,2736,2,46,0.02,1236.68
Campobasso,279,28/11/2020,88,2824,3,49,0.02,1276.45
Campobasso,280,29/11/2020,95,2919,1,50,0.02,1319.39
Campobasso,281,30/11/2020,44,2963,2,52,0.02,1339.28
Campobasso,282,01/12/2020,49,3012,5,57,0.02,1361.43
Campobasso,283,02/12/2020,46,3058,0,57,0.02,1382.22
Campobasso,284,03/12/2020,37,3095,1,58,0.02,1398.95
Campobasso,285,04/12/2020,63,3158,2,60,0.02,1427.42
Campobasso,286,05/12/2020,131,3289,2,62,0.02,1486.63
Campobasso,287,06/12/2020,26,3315,6,68,0.02,1498.39
Campobasso,288,07/12/2020,27,3342,3,71,0.02,1510.59
Campobasso,289,08/12/2020,35,3377,1,72,0.02,1526.41
Campobasso,290,09/12/2020,12,3389,2,74,0.02,1531.83
Campobasso,291,10/12/2020,5,3394,3,77,0.02,1534.09
Campobasso,292,11/12/2020,49,3443,0,77,0.02,1556.24
Campobasso,293,12/12/2020,46,3489,0,77,0.02,1577.03
Campobasso,294,13/12/2020,89,3578,1,78,0.02,1617.26
Campobasso,295,14/12/2020,33,3611,0,78,0.02,1632.18
Campobasso,296,15/12/2020,23,3634,0,78,0.02,1642.57
