Province,Day,Date,New_cases,Curr_pos_cases,Deaths,Tot_deaths,Lethality_rate,Cumul_rates
Perugia,1,24/02/2020,0,0,0,0,0,0
Perugia,2,25/02/2020,0,0,0,0,0,0
Perugia,3,26/02/2020,0,0,0,0,0,0
Perugia,4,27/02/2020,0,0,0,0,0,0
Perugia,5,28/02/2020,0,0,0,0,0,0
Perugia,6,29/02/2020,0,0,0,0,0,0
Perugia,7,01/03/2020,2,2,0,0,0,0.3
Perugia,8,02/03/2020,-1,1,0,0,0,0.15
Perugia,9,03/03/2020,0,1,0,0,0,0.15
Perugia,10,04/03/2020,5,6,0,0,0,0.91
Perugia,11,05/03/2020,0,6,0,0,0,0.91
Perugia,12,06/03/2020,4,10,0,0,0,1.52
Perugia,13,07/03/2020,5,15,0,0,0,2.29
Perugia,14,08/03/2020,0,15,0,0,0,2.29
Perugia,15,09/03/2020,-3,12,0,0,0,1.83
Perugia,16,10/03/2020,1,13,0,0,0,1.98
Perugia,17,11/03/2020,13,26,0,0,0,3.96
Perugia,18,12/03/2020,11,37,0,0,0,5.64
Perugia,19,13/03/2020,10,47,1,1,0.021,7.16
Perugia,20,14/03/2020,0,47,0,1,0.021,7.16
Perugia,21,15/03/2020,39,86,0,1,0.012,13.1
Perugia,22,16/03/2020,18,104,0,1,0.01,15.84
Perugia,23,17/03/2020,25,129,0,1,0.008,19.65
Perugia,24,18/03/2020,35,164,0,1,0.006,24.99
Perugia,25,19/03/2020,72,236,0,1,0.004,35.95
Perugia,26,20/03/2020,44,280,3,4,0.014,42.66
Perugia,27,21/03/2020,49,329,4,8,0.024,50.12
Perugia,28,22/03/2020,47,376,2,10,0.027,57.28
Perugia,29,23/03/2020,48,424,1,11,0.026,64.6
Perugia,30,24/03/2020,48,472,1,12,0.025,71.91
Perugia,31,25/03/2020,51,523,0,12,0.023,79.68
Perugia,32,26/03/2020,77,600,1,13,0.022,91.41
Perugia,33,27/03/2020,58,658,3,16,0.024,100.25
Perugia,34,28/03/2020,71,729,1,17,0.023,111.06
Perugia,35,29/03/2020,46,775,1,18,0.023,118.07
Perugia,36,30/03/2020,17,792,2,20,0.025,120.66
Perugia,37,31/03/2020,21,813,2,22,0.027,123.86
Perugia,38,01/04/2020,9,822,0,22,0.027,125.23
Perugia,39,02/04/2020,22,844,1,23,0.027,128.58
Perugia,40,03/04/2020,40,884,0,23,0.026,134.68
Perugia,41,04/04/2020,21,905,1,24,0.027,137.88
Perugia,42,05/04/2020,20,925,1,25,0.027,140.92
Perugia,43,06/04/2020,4,929,1,26,0.028,141.53
Perugia,44,07/04/2020,4,933,3,29,0.031,142.14
Perugia,45,08/04/2020,8,941,1,30,0.032,143.36
Perugia,46,09/04/2020,6,947,1,31,0.033,144.28
Perugia,47,10/04/2020,3,950,1,32,0.034,144.73
Perugia,48,11/04/2020,2,952,0,32,0.034,145.04
Perugia,49,12/04/2020,4,956,0,32,0.033,145.65
Perugia,50,13/04/2020,0,956,0,32,0.033,145.65
Perugia,51,14/04/2020,1,957,1,33,0.034,145.8
Perugia,52,15/04/2020,1,958,0,33,0.034,145.95
Perugia,53,16/04/2020,5,963,2,35,0.036,146.71
Perugia,54,17/04/2020,4,967,2,37,0.038,147.32
Perugia,55,18/04/2020,5,972,0,37,0.038,148.08
Perugia,56,19/04/2020,3,975,1,38,0.039,148.54
Perugia,57,20/04/2020,1,976,0,38,0.039,148.69
Perugia,58,21/04/2020,1,977,2,40,0.041,148.85
Perugia,59,22/04/2020,4,981,1,41,0.042,149.46
Perugia,60,23/04/2020,0,981,0,41,0.042,149.46
Perugia,61,24/04/2020,1,982,0,41,0.042,149.61
Perugia,62,25/04/2020,3,985,0,41,0.042,150.07
Perugia,63,26/04/2020,2,987,1,42,0.043,150.37
Perugia,64,27/04/2020,2,989,1,43,0.043,150.67
Perugia,65,28/04/2020,0,989,0,43,0.043,150.67
Perugia,66,29/04/2020,2,991,1,44,0.044,150.98
Perugia,67,30/04/2020,1,992,0,44,0.044,151.13
Perugia,68,01/05/2020,0,992,1,45,0.045,151.13
Perugia,69,02/05/2020,0,992,0,45,0.045,151.13
Perugia,70,03/05/2020,0,992,0,45,0.045,151.13
Perugia,71,04/05/2020,0,992,0,45,0.045,151.13
Perugia,72,05/05/2020,0,992,0,45,0.045,151.13
Perugia,73,06/05/2020,1,993,0,45,0.045,151.28
Perugia,74,07/05/2020,1,994,0,45,0.045,151.44
Perugia,75,08/05/2020,-1,993,0,45,0.045,151.28
Perugia,76,09/05/2020,-1,992,0,45,0.045,151.13
Perugia,77,10/05/2020,1,993,0,45,0.045,151.28
Perugia,78,11/05/2020,0,993,0,45,0.045,151.28
Perugia,79,12/05/2020,3,996,0,45,0.045,151.74
Perugia,80,13/05/2020,0,996,0,45,0.045,151.74
Perugia,81,14/05/2020,0,996,0,45,0.045,151.74
Perugia,82,15/05/2020,1,997,0,45,0.045,151.89
Perugia,83,16/05/2020,0,997,0,45,0.045,151.89
Perugia,84,17/05/2020,2,999,0,45,0.045,152.2
Perugia,85,18/05/2020,0,999,0,45,0.045,152.2
Perugia,86,19/05/2020,3,1002,1,46,0.046,152.66
Perugia,87,20/05/2020,0,1002,0,46,0.046,152.66
Perugia,88,21/05/2020,1,1003,0,46,0.046,152.81
Perugia,89,22/05/2020,0,1003,0,46,0.046,152.81
Perugia,90,23/05/2020,0,1003,0,46,0.046,152.81
Perugia,91,24/05/2020,0,1003,1,47,0.047,152.81
Perugia,92,25/05/2020,0,1003,0,47,0.047,152.81
Perugia,93,26/05/2020,1,1004,0,47,0.047,152.96
Perugia,94,27/05/2020,0,1004,0,47,0.047,152.96
Perugia,95,28/05/2020,0,1004,0,47,0.047,152.96
Perugia,96,29/05/2020,0,1004,0,47,0.047,152.96
Perugia,97,30/05/2020,0,1004,0,47,0.047,152.96
Perugia,98,31/05/2020,0,1004,0,47,0.047,152.96
Perugia,99,01/06/2020,0,1004,0,47,0.047,152.96
Perugia,100,02/06/2020,0,1004,0,47,0.047,152.96
Perugia,101,03/06/2020,0,1004,0,47,0.047,152.96
Perugia,102,04/06/2020,0,1004,0,47,0.047,152.96
Perugia,103,05/06/2020,0,1004,0,47,0.047,152.96
Perugia,104,06/06/2020,0,1004,0,47,0.047,152.96
Perugia,105,07/06/2020,0,1004,0,47,0.047,152.96
Perugia,106,08/06/2020,0,1004,0,47,0.047,152.96
Perugia,107,09/06/2020,2,1006,0,47,0.047,153.26
Perugia,108,10/06/2020,0,1006,0,47,0.047,153.26
Perugia,109,11/06/2020,0,1006,0,47,0.047,153.26
Perugia,110,12/06/2020,0,1006,0,47,0.047,153.26
Perugia,111,13/06/2020,0,1006,0,47,0.047,153.26
Perugia,112,14/06/2020,0,1006,0,47,0.047,153.26
Perugia,113,15/06/2020,0,1006,0,47,0.047,153.26
Perugia,114,16/06/2020,1,1007,0,47,0.047,153.42
Perugia,115,17/06/2020,0,1007,0,47,0.047,153.42
Perugia,116,18/06/2020,0,1007,0,47,0.047,153.42
Perugia,117,19/06/2020,1,1008,0,47,0.047,153.57
Perugia,118,20/06/2020,0,1008,0,47,0.047,153.57
Perugia,119,21/06/2020,0,1008,0,47,0.047,153.57
Perugia,120,22/06/2020,0,1008,0,47,0.047,153.57
Perugia,121,23/06/2020,0,1008,0,47,0.047,153.57
Perugia,122,24/06/2020,0,1008,0,47,0.047,153.57
Perugia,123,25/06/2020,0,1008,0,47,0.047,153.57
Perugia,124,26/06/2020,0,1008,0,47,0.047,153.57
Perugia,125,27/06/2020,0,1008,0,47,0.047,153.57
Perugia,126,28/06/2020,0,1008,0,47,0.047,153.57
Perugia,127,29/06/2020,0,1008,0,47,0.047,153.57
Perugia,128,30/06/2020,0,1008,0,47,0.047,153.57
Perugia,129,01/07/2020,0,1008,0,47,0.047,153.57
Perugia,130,02/07/2020,0,1008,0,47,0.047,153.57
Perugia,131,03/07/2020,0,1008,0,47,0.047,153.57
Perugia,132,04/07/2020,0,1008,0,47,0.047,153.57
Perugia,133,05/07/2020,0,1008,0,47,0.047,153.57
Perugia,134,06/07/2020,0,1008,0,47,0.047,153.57
Perugia,135,07/07/2020,0,1008,0,47,0.047,153.57
Perugia,136,08/07/2020,0,1008,0,47,0.047,153.57
Perugia,137,09/07/2020,0,1008,0,47,0.047,153.57
Perugia,138,10/07/2020,1,1009,0,47,0.047,153.72
Perugia,139,11/07/2020,0,1009,0,47,0.047,153.72
Perugia,140,12/07/2020,0,1009,0,47,0.047,153.72
Perugia,141,13/07/2020,0,1009,0,47,0.047,153.72
Perugia,142,14/07/2020,0,1009,0,47,0.047,153.72
Perugia,143,15/07/2020,2,1011,0,47,0.046,154.03
Perugia,144,16/07/2020,0,1011,0,47,0.046,154.03
Perugia,145,17/07/2020,1,1012,0,47,0.046,154.18
Perugia,146,18/07/2020,2,1014,0,47,0.046,154.48
Perugia,147,19/07/2020,0,1014,0,47,0.046,154.48
Perugia,148,20/07/2020,0,1014,0,47,0.046,154.48
Perugia,149,21/07/2020,3,1017,0,47,0.046,154.94
Perugia,150,22/07/2020,2,1019,0,47,0.046,155.24
Perugia,151,23/07/2020,1,1020,0,47,0.046,155.4
Perugia,152,24/07/2020,1,1021,0,47,0.046,155.55
Perugia,153,25/07/2020,0,1021,0,47,0.046,155.55
Perugia,154,26/07/2020,0,1021,0,47,0.046,155.55
Perugia,155,27/07/2020,0,1021,0,47,0.046,155.55
Perugia,156,28/07/2020,0,1021,0,47,0.046,155.55
Perugia,157,29/07/2020,0,1021,0,47,0.046,155.55
Perugia,158,30/07/2020,0,1021,0,47,0.046,155.55
Perugia,159,31/07/2020,1,1022,0,47,0.046,155.7
Perugia,160,01/08/2020,4,1026,0,47,0.046,156.31
Perugia,161,02/08/2020,2,1028,0,47,0.046,156.62
Perugia,162,03/08/2020,-1,1027,0,47,0.046,156.46
Perugia,163,04/08/2020,1,1028,0,47,0.046,156.62
Perugia,164,05/08/2020,2,1030,0,47,0.046,156.92
Perugia,165,06/08/2020,0,1030,0,47,0.046,156.92
Perugia,166,07/08/2020,1,1031,0,47,0.046,157.07
Perugia,167,08/08/2020,0,1031,0,47,0.046,157.07
Perugia,168,09/08/2020,0,1031,0,47,0.046,157.07
Perugia,169,10/08/2020,4,1035,0,47,0.045,157.68
Perugia,170,11/08/2020,0,1035,0,47,0.045,157.68
Perugia,171,12/08/2020,1,1036,0,47,0.045,157.83
Perugia,172,13/08/2020,6,1042,0,47,0.045,158.75
Perugia,173,14/08/2020,7,1049,0,47,0.045,159.82
Perugia,174,15/08/2020,7,1056,0,47,0.045,160.88
Perugia,175,16/08/2020,3,1059,0,47,0.044,161.34
Perugia,176,17/08/2020,1,1060,0,47,0.044,161.49
Perugia,177,18/08/2020,10,1070,0,47,0.044,163.01
Perugia,178,19/08/2020,4,1074,0,47,0.044,163.62
Perugia,179,20/08/2020,13,1087,0,47,0.043,165.6
Perugia,180,21/08/2020,10,1097,0,47,0.043,167.13
Perugia,181,22/08/2020,11,1108,0,47,0.042,168.8
Perugia,182,23/08/2020,14,1122,0,47,0.042,170.94
Perugia,183,24/08/2020,8,1130,0,47,0.042,172.16
Perugia,184,25/08/2020,7,1137,0,47,0.041,173.22
Perugia,185,26/08/2020,17,1154,0,47,0.041,175.81
Perugia,186,27/08/2020,15,1169,0,47,0.04,178.1
Perugia,187,28/08/2020,17,1186,0,47,0.04,180.69
Perugia,188,29/08/2020,7,1193,0,47,0.039,181.75
Perugia,189,30/08/2020,21,1214,0,47,0.039,184.95
Perugia,190,31/08/2020,6,1220,0,47,0.039,185.87
Perugia,191,01/09/2020,7,1227,0,47,0.038,186.93
Perugia,192,02/09/2020,19,1246,0,47,0.038,189.83
Perugia,193,03/09/2020,6,1252,0,47,0.038,190.74
Perugia,194,04/09/2020,24,1276,0,47,0.037,194.4
Perugia,195,05/09/2020,9,1285,1,48,0.037,195.77
Perugia,196,06/09/2020,21,1306,0,48,0.037,198.97
Perugia,197,07/09/2020,8,1314,0,48,0.037,200.19
Perugia,198,08/09/2020,4,1318,0,48,0.036,200.8
Perugia,199,09/09/2020,23,1341,0,48,0.036,204.3
Perugia,200,10/09/2020,19,1360,0,48,0.035,207.2
Perugia,201,11/09/2020,14,1374,0,48,0.035,209.33
Perugia,202,12/09/2020,25,1399,0,48,0.034,213.14
Perugia,203,13/09/2020,6,1405,0,48,0.034,214.05
Perugia,204,14/09/2020,3,1408,0,48,0.034,214.51
Perugia,205,15/09/2020,20,1428,0,48,0.034,217.56
Perugia,206,16/09/2020,15,1443,0,48,0.033,219.84
Perugia,207,17/09/2020,11,1454,0,48,0.033,221.52
Perugia,208,18/09/2020,10,1464,0,48,0.033,223.04
Perugia,209,19/09/2020,22,1486,0,48,0.032,226.39
Perugia,210,20/09/2020,15,1501,0,48,0.032,228.68
Perugia,211,21/09/2020,3,1504,0,48,0.032,229.13
Perugia,212,22/09/2020,21,1525,0,48,0.031,232.33
Perugia,213,23/09/2020,17,1542,0,48,0.031,234.92
Perugia,214,24/09/2020,17,1559,0,48,0.031,237.51
Perugia,215,25/09/2020,15,1574,0,48,0.03,239.8
Perugia,216,26/09/2020,30,1604,0,48,0.03,244.37
Perugia,217,27/09/2020,19,1623,0,48,0.03,247.26
Perugia,218,28/09/2020,8,1631,0,48,0.029,248.48
Perugia,219,29/09/2020,57,1688,0,48,0.028,257.17
Perugia,220,30/09/2020,0,1688,0,48,0.028,257.17
Perugia,221,01/10/2020,36,1724,0,48,0.028,262.65
Perugia,222,02/10/2020,55,1779,0,48,0.027,271.03
Perugia,223,03/10/2020,32,1811,0,48,0.027,275.91
Perugia,224,04/10/2020,64,1875,0,48,0.026,285.66
Perugia,225,05/10/2020,18,1893,0,48,0.025,288.4
Perugia,226,06/10/2020,51,1944,0,48,0.025,296.17
Perugia,227,07/10/2020,54,1998,0,48,0.024,304.4
Perugia,228,08/10/2020,69,2067,1,49,0.024,314.91
Perugia,229,09/10/2020,113,2180,0,49,0.022,332.12
Perugia,230,10/10/2020,110,2290,1,50,0.022,348.88
Perugia,231,11/10/2020,93,2383,0,50,0.021,363.05
Perugia,232,12/10/2020,109,2492,1,51,0.02,379.66
Perugia,233,13/10/2020,95,2587,0,51,0.02,394.13
Perugia,234,14/10/2020,96,2683,1,52,0.019,408.76
Perugia,235,15/10/2020,229,2912,0,52,0.018,443.64
Perugia,236,16/10/2020,160,3072,0,52,0.017,468.02
Perugia,237,17/10/2020,166,3238,1,53,0.016,493.31
Perugia,238,18/10/2020,248,3486,0,53,0.015,531.09
Perugia,239,19/10/2020,110,3596,0,53,0.015,547.85
Perugia,240,20/10/2020,135,3731,0,53,0.014,568.42
Perugia,241,21/10/2020,262,3993,0,53,0.013,608.33
Perugia,242,22/10/2020,290,4283,2,55,0.013,652.52
Perugia,243,23/10/2020,353,4636,0,55,0.012,706.3
Perugia,244,24/10/2020,404,5040,1,56,0.011,767.85
Perugia,245,25/10/2020,330,5370,0,56,0.01,818.12
Perugia,246,26/10/2020,212,5582,3,59,0.011,850.42
Perugia,247,27/10/2020,249,5831,2,61,0.01,888.35
Perugia,248,28/10/2020,273,6104,3,64,0.01,929.95
Perugia,249,29/10/2020,522,6626,0,64,0.01,1009.47
Perugia,250,30/10/2020,532,7158,2,66,0.009,1090.52
Perugia,251,31/10/2020,303,7461,0,66,0.009,1136.69
Perugia,252,01/11/2020,509,7970,6,72,0.009,1214.23
Perugia,253,02/11/2020,177,8147,4,76,0.009,1241.2
Perugia,254,03/11/2020,307,8454,7,83,0.01,1287.97
Perugia,255,04/11/2020,340,8794,4,87,0.01,1339.77
Perugia,256,05/11/2020,530,9324,8,95,0.01,1420.51
Perugia,257,06/11/2020,542,9866,5,100,0.01,1503.09
Perugia,258,07/11/2020,484,10350,2,102,0.01,1576.83
Perugia,259,08/11/2020,471,10821,6,108,0.01,1648.58
Perugia,260,09/11/2020,260,11081,0,108,0.01,1688.19
Perugia,261,10/11/2020,323,11404,9,117,0.01,1737.4
Perugia,262,11/11/2020,391,11795,6,123,0.01,1796.97
Perugia,263,12/11/2020,636,12431,4,127,0.01,1893.87
Perugia,264,13/11/2020,479,12910,4,131,0.01,1966.84
Perugia,265,14/11/2020,412,13322,6,137,0.01,2029.61
Perugia,266,15/11/2020,453,13775,9,146,0.011,2098.63
Perugia,267,16/11/2020,237,14012,7,153,0.011,2134.73
Perugia,268,17/11/2020,279,14291,0,153,0.011,2177.24
Perugia,269,18/11/2020,401,14692,7,160,0.011,2238.33
Perugia,270,19/11/2020,434,15126,5,165,0.011,2304.45
Perugia,271,20/11/2020,268,15394,14,179,0.012,2345.28
Perugia,272,21/11/2020,320,15714,4,183,0.012,2394.03
Perugia,273,22/11/2020,260,15974,8,191,0.012,2433.64
Perugia,274,23/11/2020,79,16053,3,194,0.012,2445.68
Perugia,275,24/11/2020,171,16224,9,194,0.012,2471.73
